$coord
   -5.83337667684604      1.15845880617934     -0.02526563828625       o
   -4.18230406449926     -0.44848870115743     -0.07360483255417       c
   -4.81109153520724     -2.90989477300499     -0.22867575834096       o
   -2.21099846307340      0.11306231403636      0.00867384291203       h
   -3.51672362614482     -4.19929270235965     -0.26824662339063       h
   -5.83337667684604      1.15845880617934     -0.02526563828625       o
   -4.18230406449926     -0.44848870115743     -0.07360483255417       c
   -4.81109153520724     -2.90989477300499     -0.22867575834096       o
   -2.21099846307340      0.11306231403636      0.00867384291203       h
   -3.51672362614482     -4.19929270235965     -0.26824662339063       h
   -5.83337667684604      1.15845880617934     -0.02526563828625       o
   -4.18230406449926     -0.44848870115743     -0.07360483255417       c
   -4.81109153520724     -2.90989477300499     -0.22867575834096       o
   -2.21099846307340      0.11306231403636      0.00867384291203       h
   -3.51672362614482     -4.19929270235965     -0.26824662339063       h
$end
