$energy      SCF               SCFKIN            SCFPOT
     1 -189.8598568181      189.1136927828     -378.9735496009
     2 -189.8626203790      189.1423941325     -379.0050145115
     3 -189.8645882918      189.1619582548     -379.0265465467
     4 -189.8646747403      189.1480411104     -379.0127158507
     5 -189.8646893210      189.1395139501     -379.0042032710
     6 -189.8646916702      189.1411940774     -379.0058857476
     7 -189.8646923304      189.1424189354     -379.0071112658
     8 -189.8646924025      189.1419712239     -379.0066636264
$end
