$grad          cartesian gradients
  cycle =      1    SCF energy =     -189.8598568181   |dE/dxyz| =  0.050500
   -0.97984189287971      3.56602658073631      0.16142040556553      c
   -2.85630214011061      4.70369839954476      0.86509772259243      o
   -0.87666284647514      1.03222510105433      0.37586652618807      o
    0.60204784604452      0.11172060848788     -0.17653821456254      h
    0.60098959941473      4.60214451760737     -0.63555269023414      h
  0.30107261955821D-01  -.16009950720484D-01  -.11539211443191D-01
  -.17567971110074D-01  0.12415105512335D-01  0.64580490962621D-02
  0.12204743839581D-01  0.86222329121650D-02  -.62301376684655D-02
  -.98962921850360D-02  -.10048193689303D-01  0.53593481939732D-02
  -.14330912618415D-01  0.45961710501820D-02  0.57979896737129D-02
  cycle =      2    SCF energy =     -189.8626203790   |dE/dxyz| =  0.028015
   -1.00704111157885      3.55286138465660      0.17510073259435      c
   -2.85303166141515      4.70650625794202      0.86302995570407      o
   -0.90724455124628      1.02098537308396      0.39073342948018      o
    0.62647511613368      0.20253319885105     -0.19689530643264      h
    0.63107277410040      4.53292899289703     -0.64167506179661      h
  0.12574148937906D-01  -.13877796922670D-01  -.39984610705593D-02
  -.59997493923406D-02  0.44705989065230D-02  0.21927720136627D-02
  0.56536578231904D-02  0.11453048368244D-01  -.36816544687099D-02
  -.48760040306803D-02  -.80214430892896D-02  0.29474725797212D-02
  -.68604048875723D-02  0.55656589342415D-02  0.24081085002839D-02
  cycle =      3    SCF energy =     -189.8645882918   |dE/dxyz| =  0.012100
   -1.04897481097230      3.53423854556559      0.19467533329668      c
   -2.85159055669840      4.72586375330024      0.86050320680084      o
   -0.94613267922733      0.98998701110790      0.41144971278881      o
    0.66499052456539      0.36806531769542     -0.23094138754875      h
    0.67193808832644      4.39766057976151     -0.64539311578823      h
  -.46431850541129D-02  -.55485517734177D-02  0.25071853600254D-02
  0.45520589238912D-02  -.28487383432012D-02  -.15810061092325D-02
  -.13718622361599D-02  0.67217855381249D-02  -.33482356343595D-04
  0.70460147173940D-03  -.10377261914875D-02  -.22784793431463D-03
  0.12178694768008D-02  0.23911151029330D-02  -.73950644062911D-03
  cycle =      4    SCF energy =     -189.8646747403   |dE/dxyz| =  0.005581
   -1.05248754905924      3.53585375565243      0.19728327253540      c
   -2.85536949629092      4.73430672994960      0.86076996966299      o
   -0.94679440327501      0.98168641841797      0.41240822251399      o
    0.67076275045799      0.38464516612303     -0.23530906700530      h
    0.67411926416099      4.37932313728764     -0.64485864815773      h
  -.19410433747660D-02  -.34521891364913D-02  0.13951015941252D-02
  0.13621214094408D-02  -.54199671969091D-03  -.53361151097553D-03
  -.65543140250757D-03  0.27257570200309D-02  0.28300814313431D-05
  0.56920108414291D-03  -.10887621647201D-03  -.27857568364829D-03
  0.11148858476334D-02  0.10644002011857D-02  -.65719728933969D-03
  cycle =      5    SCF energy =     -189.8646893210   |dE/dxyz| =  0.002566
   -1.05190427559317      3.53931423816812      0.19551950357061      c
   -2.85715677092051      4.73760169751159      0.86200634566819      o
   -0.94450267687298      0.97910482897701      0.41117155090328      o
    0.67188753940374      0.38051344690002     -0.23463950276655      h
    0.67190674997673      4.37928099587393     -0.64376414782619      h
  0.61780208538420D-03  -.19713546879096D-02  -.12648863254035D-03
  -.75254027333199D-03  0.98001310256479D-03  0.33733635685282D-03
  0.38078214084625D-03  0.47205976435261D-03  -.17795903835344D-03
  0.33175063695295D-04  -.21299792653925D-03  -.69678481587412D-05
  0.17027171231976D-03  0.41608243863622D-03  -.98353251946570D-04
  cycle =      6    SCF energy =     -189.8646916702   |dE/dxyz| =  0.001118
   -1.05243999540778      3.54017138105740      0.19612298862562      c
   -2.85709143914459      4.73736557044384      0.86177172495909      o
   -0.94544309104074      0.97810064924765      0.41170087004754      o
    0.67256077982932      0.38535438547235     -0.23555873114955      h
    0.67264431175760      4.37482322120943     -0.64374310293336      h
  0.41149835404693D-03  -.85714056688835D-03  -.12328747798690D-04
  -.28114594340889D-03  0.41530805812917D-03  0.12171951006562D-03
  0.18765823306810D-03  -.60003274381881D-04  -.67058870077796D-04
  0.67018223519150D-04  0.13063097244758D-03  -.64096297325643D-04
  0.65583917747067D-04  0.53557550836282D-04  -.49900933816613D-04
  cycle =      7    SCF energy =     -189.8646923304   |dE/dxyz| =  0.000426
   -1.05207105677122      3.54155474169312      0.19552051983089      c
   -2.85711614019179      4.73619094910148      0.86212409098344      o
   -0.94535635908179      0.97867451179478      0.41144063040869      o
    0.67219912871096      0.38328833799317     -0.23496747934118      h
    0.67257499332765      4.37610666684813     -0.64382401233250      h
  0.47831644075111D-04  0.11738515277612D-03  -.51044945797329D-04
  0.26191354038901D-03  -.18095838688170D-03  -.64666199081631D-06
  0.82088322223405D-04  -.14342956954394D-03  0.39655657321225D-05
  0.13065944802265D-03  -.70754319063830D-04  -.63369687681739D-04
  -.68995518281892D-04  -.43604873946987D-04  0.38753111793896D-04
$end
