$energy      SCF               SCFKIN            SCFPOT
     1 -2794.346313477      2789.653605086     -5583.999918563
     2 -2794.346318799      2789.658460014     -5584.004778814
     3 -2794.346319512      2789.660731737     -5584.007051249
     4 -2794.346319799      2789.661070626     -5584.007390425
     5 -2794.346320208      2789.661317026     -5584.007637234
     6 -2794.346320506      2789.661414685     -5584.007735191
     7 -2794.346320999      2789.662451321     -5584.008772320
     8 -2794.346321039      2789.662559929     -5584.008880968
$end
