$coord
    0.00000000000000      0.00000000000000      0.00000000000000  c f
    0.00087890772593     -0.00000000344241     -3.56493537613823  cl
    0.00000000000000      0.00000000000000      4.50000000000000  f f
   -0.97039678592226      1.68149372348721      0.58494502377712  h
   -0.97039678544475     -1.68149372352871      0.58494502584111  h
    1.94171206645050     -0.00000000055495      0.58396783791405  h
$redundant
     number_of_atoms             6
     degrees_of_freedom         12
     internal_coordinates       13
     frozen_coordinates          1
# definitions of redundant internals
   1 k  1.0000000000000 stre   1    4           val=   2.02762
   2 k  1.0000000000000 stre   1    5           val=   2.02762
   3 k  1.0000000000000 stre   1    6           val=   2.02763
   4 k  1.0000000000000 stre   1    2           val=   3.56494
   5 k  1.0000000000000 stre   1    3           val=   4.50000
   6 k  0.3136083884315 bend   5    4    1      val=  46.66549
        0.3136083844071 bend   6    4    1
        0.3136083844071 bend   6    5    1
        0.3427704146193 bend   2    4    1
        0.3427704146193 bend   2    5    1
        0.3427704134048 bend   2    6    1
       -0.3427704143726 bend   3    4    1
       -0.3427704143726 bend   3    5    1
       -0.3427704138983 bend   3    6    1
   7 k -0.7720206141502 bend   5    4    1      val=  -0.00610
        0.3860103090523 bend   6    4    1
        0.3860103090523 bend   6    5    1
       -0.0872507263933 bend   2    4    1
       -0.0872507263933 bend   2    5    1
        0.1745014563158 bend   2    6    1
       -0.1002497864291 bend   3    4    1
       -0.1002497864291 bend   3    5    1
        0.2004995706004 bend   3    6    1
   8 k -0.6685894649291 bend   6    4    1      val=  -0.00000
        0.6685894649291 bend   6    5    1
       -0.1511226931079 bend   2    4    1
        0.1511226931079 bend   2    5    1
       -0.1736377234752 bend   3    4    1
        0.1736377234752 bend   3    5    1
   9 k  0.0418516040866 bend   6    4    1      val=  -0.00000
       -0.0418516040866 bend   6    5    1
        0.4446903705173 bend   2    4    1
       -0.4446903705173 bend   2    5    1
       -0.5481778156808 bend   3    4    1
        0.5481778156808 bend   3    5    1
  10 k  0.0483260686869 bend   5    4    1      val=   0.01869
       -0.0241630342707 bend   6    4    1
       -0.0241630342707 bend   6    5    1
        0.2567421045476 bend   2    4    1
        0.2567421045476 bend   2    5    1
       -0.5134842105905 bend   2    6    1
       -0.3164906089202 bend   3    4    1
       -0.3164906089202 bend   3    5    1
        0.6329812197410 bend   3    6    1
  11 k  0.2263549659743 bend   6    4    1      val=  -0.00000
       -0.2263549659743 bend   6    5    1
       -0.5285947464713 bend   2    4    1
        0.5285947464713 bend   2    5    1
       -0.4115228102812 bend   3    4    1
        0.4115228102812 bend   3    5    1
  12 k  0.2613721999030 bend   5    4    1      val=  -0.00486
       -0.1306861004287 bend   6    4    1
       -0.1306861004287 bend   6    5    1
       -0.3051843187281 bend   2    4    1
       -0.3051843187281 bend   2    5    1
        0.6103686389515 bend   2    6    1
       -0.2375928047239 bend   3    4    1
       -0.2375928047239 bend   3    5    1
        0.4751856116336 bend   3    6    1
  13 f  1.0000000000000 stre   1    3           val=   4.50000
        12 non zero eigenvalues  of BmBt
           1           4.870637030    1    0
         1
           2           3.079612888    2    0
         2
           3           3.079612884    3    0
         3
           4           1.000000000    4    0
         4
           5           0.790247547    6    0
         6
           6           0.764526963    7    0
         7
           7           0.764526962    8    0
         8
           8           0.518253051    9    0
         9
           9           0.518253050   10    0
        10
          10           0.150673447   11    0
        11
          11           0.150673446   12    0
        12
          12        1000.000000000    0    1
         0.000000000         0.000000000         0.000000000         0.000000000
         0.000000000         0.000000000         0.000000000         0.000000000
         0.000000000         0.000000000         0.000000000         0.000000000
         1.000000000
$end
