$energy      SCF               SCFKIN            SCFPOT
     1 -600.4046202119      599.7932318369     -1200.197852049
     2 -600.4390542823      599.6673589030     -1200.106413185
     3 -600.4863038796      599.4990097149     -1199.985313595
     4 -600.5128956196      599.3934734989     -1199.906369118
     5 -600.5261045832      599.3126370951     -1199.838741678
     6 -600.5303243848      599.2596225495     -1199.789946934
     7 -600.5309760484      599.2364116349     -1199.767387683
     8 -600.5314063776      599.2272903879     -1199.758696765
     9 -600.5325961745      599.2328413101     -1199.765437485
    10 -600.5327850927      599.2301598562     -1199.762944949
    11 -600.5346909461      599.2318163029     -1199.766507249
    12 -600.5375958074      599.2545466717     -1199.792142479
    13 -600.5406105123      599.2858152172     -1199.826425729
    14 -600.5434598397      599.3227836745     -1199.866243514
    15 -600.5460598832      599.3649411766     -1199.911001060
    16 -600.5477227956      599.4784951976     -1200.026217993
    17 -600.5476592462      599.5654404234     -1200.113099670
    18 -600.5470200788      599.5907081013     -1200.137728180
    19 -600.5481677775      599.2821789450     -1199.830346723
    20 -600.5507230743      599.4429421335     -1199.993665208
    21 -600.5508619238      599.4566758429     -1200.007537767
    22 -600.5508850650      599.4605736292     -1200.011458694
    23 -600.5509231083      599.4599079399     -1200.010831048
    24 -600.5509261805      599.4555466190     -1200.006472800
    25 -600.5509261252      599.4560263269     -1200.006952452
    26 -600.5509260854      599.4561297791     -1200.007055864
$end
