$energy      SCF               SCFKIN            SCFPOT            MP2
     1 -567.0336052907      566.950673     -1133.98428     -.6810511699167
     2 -567.0339914118      566.998964     -1134.03296     -.6810185057889
     3 -567.0340283661      567.014035     -1134.04806     -.6810135144719
     4 -567.0340463838      567.017575     -1134.05162     -.6810118716108
     5 -567.0340694525      567.020521     -1134.05459     -.6810102318564
     6 -567.0340925188      567.020433     -1134.05453     -.6810073448535
     7 -567.0341223540      567.028494     -1134.06262     -.6810021964994
     8 -567.0341224740      567.028747     -1134.06287     -.6810020440141
     9 -567.0341224936      567.028805     -1134.06293     -.6810019909453
$end
