$energy      SCF               SCFKIN            SCFPOT            MP2
     1 -567.0336052837      566.950675     -1133.98428     -.6810496542139
     2 -567.0339914074      566.998966     -1134.03296     -.6810169982554
     3 -567.0340283604      567.014038     -1134.04807     -.6810120101516
     4 -567.0340463768      567.017578     -1134.05162     -.6810103684963
     5 -567.0340694427      567.020524     -1134.05459     -.6810087297126
     6 -567.0340925128      567.020437     -1134.05453     -.6810058408172
     7 -567.0341223487      567.028497     -1134.06262     -.6810006919652
     8 -567.0341224686      567.028750     -1134.06287     -.6810005390247
     9 -567.0341224883      567.028808     -1134.06293     -.6810004864055
$end
