$energy      SCF               SCFKIN            SCFPOT
     1 -600.3918953258      599.7468148894     -1200.138710215
     2 -600.4229842156      599.6237824648     -1200.046766680
     3 -600.4645069793      599.4612620228     -1199.925769002
     4 -600.4870956967      599.3632066223     -1199.850302319
     5 -600.4981545115      599.2941201105     -1199.792274622
     6 -600.5020879486      599.2495414131     -1199.751629362
     7 -600.5032837000      599.2242972660     -1199.727580966
     8 -600.5051414962      599.2109862655     -1199.716127762
     9 -600.5084505160      599.2077138327     -1199.716164349
    10 -600.5141302393      599.2020811702     -1199.716211410
    11 -600.5200849713      599.2626480817     -1199.782733053
    12 -600.5248710360      599.3053276105     -1199.830198646
    13 -600.5294125291      599.3548093656     -1199.884221895
    14 -600.5334417858      599.3914442037     -1199.924885990
    15 -600.5370075568      599.4196662880     -1199.956673845
    16 -600.5397948929      599.4259532344     -1199.965748127
    17 -600.5414142499      599.4359391338     -1199.977353384
    18 -600.5409620061      599.4679850510     -1200.008947057
    19 -600.5421569273      599.4486495980     -1199.990806525
    20 -600.5422743028      599.4268506640     -1199.969124967
    21 -600.5422764322      599.4281325913     -1199.970409023
    22 -600.5422825758      599.4291078956     -1199.971390471
    23 -600.5422823196      599.4298937590     -1199.972176079
    24 -600.5422822932      599.4298753887     -1199.972157682
$end
