$coord
   -5.27826695577666      2.82142905194347      0.00001318058035  c
   -5.50072303335497      0.14112835747116      0.00003654571556  c
   -3.34768989376903     -1.31029006219931      0.00034955257690  c
   -0.98481504366323     -0.23377261549736      0.00002872214505  c
   -0.76234360928492      2.44652836706538      0.00013624180588  c
   -2.91538667018624      3.89791549626364     -0.00027551250145  c
   -7.00757202870342      3.91835448614337      0.00002585643648  h
   -7.38722563531580     -0.65565240049413     -0.00013940020050  h
    0.74450328056689     -1.33067893594751     -0.00040246996281  h
    1.12414988238634      3.24333162642036      0.00022728340444  h
$redundant
     number_of_atoms            10
     degrees_of_freedom         24
     internal_coordinates       24
     frozen_coordinates          0
# definitions of redundant internals
   1 k  1.0000000000000 stre   1    7           val=   2.04786
   2 k -0.7071067811865 bend   6    7    1      val=  -2.73806
        0.7071067811865 bend   2    7    1
   3 k  1.0000000000000 outp   7    2    6    1 val=  -0.00563
   4 k  1.0000000000000 stre   2    8           val=   2.04787
   5 k -0.7071067811865 bend   3    8    2      val=  -2.73808
        0.7071067811865 bend   1    8    2
   6 k  1.0000000000000 outp   8    1    3    2 val=  -0.00161
   7 k  1.0000000000000 stre   4    9           val=   2.04786
   8 k -0.7071067811865 bend   3    9    4      val=  -2.73854
        0.7071067811865 bend   5    9    4
   9 k  1.0000000000000 outp   9    5    3    4 val=  -0.00268
  10 k  1.0000000000000 stre   5   10           val=   2.04787
  11 k  0.7071067811865 bend   6   10    5      val=   2.73758
       -0.7071067811865 bend   4   10    5
  12 k  1.0000000000000 outp  10    4    6    5 val=   0.00888
  13 k  1.0000000000000 stre   1    6           val=   2.59654
  14 k  1.0000000000000 stre   6    5           val=   2.59656
  15 k  1.0000000000000 stre   5    4           val=   2.68952
  16 k  1.0000000000000 stre   4    3           val=   2.59655
  17 k  1.0000000000000 stre   3    2           val=   2.59657
  18 k  1.0000000000000 stre   2    1           val=   2.68952
  19 k -0.2886751345948 bend   1    5    6      val=  -0.57138
       -0.2886751345948 bend   6    4    5
        0.5773502691896 bend   5    3    4
       -0.2886751345948 bend   4    2    3
       -0.2886751345948 bend   3    1    2
        0.5773502691896 bend   2    6    1
  20 k  0.5000000000000 bend   1    5    6      val=   1.14093
       -0.5000000000000 bend   6    4    5
        0.5000000000000 bend   4    2    3
       -0.5000000000000 bend   3    1    2
  21 k -0.4082482904639 bend   1    5    6      val=  -0.00056
        0.4082482904639 bend   6    4    5
       -0.4082482904639 bend   5    3    4
        0.4082482904639 bend   4    2    3
       -0.4082482904639 bend   3    1    2
        0.4082482904639 bend   2    6    1
  22 k -0.2886751345948 tors   6    5    4    3 val=   0.00185
       -0.2886751345948 tors   5    4    3    2
        0.5773502691896 tors   4    3    2    1
       -0.2886751345948 tors   3    2    1    6
       -0.2886751345948 tors   2    1    6    5
        0.5773502691896 tors   1    6    5    4
  23 k  0.5000000000000 tors   6    5    4    3 val=  -0.00198
       -0.5000000000000 tors   5    4    3    2
        0.5000000000000 tors   3    2    1    6
       -0.5000000000000 tors   2    1    6    5
  24 k -0.4082482904639 tors   6    5    4    3 val=   0.01816
        0.4082482904639 tors   5    4    3    2
       -0.4082482904639 tors   4    3    2    1
        0.4082482904639 tors   3    2    1    6
       -0.4082482904639 tors   2    1    6    5
        0.4082482904639 tors   1    6    5    4
        24 non zero eigenvalues  of BmBt
           1           9.685540488    1    0
         1
           2           5.057159097    2    0
         2
           3           4.122203883    3    0
         3
           4           3.931386172    4    0
         4
           5           3.543761032    5    0
         5
           6           3.361651159    6    0
         6
           7           3.291160882    7    0
         7
           8           2.731648828    8    0
         8
           9           2.609883755    9    0
         9
          10           2.370576220   10    0
        10
          11           1.904725001   11    0
        11
          12           1.223420070   12    0
        12
          13           1.151804359   13    0
        13
          14           0.990624910   14    0
        14
          15           0.781606436   15    0
        15
          16           0.713836346   16    0
        16
          17           0.359879155   17    0
        17
          18           0.348701678   18    0
        18
          19           0.327617503   19    0
        19
          20           0.322037883   20    0
        20
          21           0.299590921   21    0
        21
          22           0.277878702   22    0
        22
          23           0.277794943   23    0
        23
          24           0.108242394   24    0
        24
$end
