$coord
   -5.24694992054401      2.86391943180023     -0.00011255214810  c
   -5.47678453944495      0.09410341435707      0.00011109526116  c
   -3.34184931537429     -1.23826642426813      0.00000613978360  c
   -1.01619856108090     -0.27617628734124     -0.00010637625433  c
   -0.78620140464365      2.49362395542837      0.00010528248898  c
   -2.92125242147853      3.82559488449500     -0.00001094235999  c
   -7.02138232141238      3.85975547314140     -0.00026119017605  h
   -7.39114453137247     -0.59560337197611      0.00026483694387  h
    0.75827166162531     -1.27200446095985     -0.00027458019382  h
    1.12812164662493      3.18334675649232      0.00027828665469  h
$redundant
     number_of_atoms            10
     degrees_of_freedom         24
     internal_coordinates       24
     frozen_coordinates          0
# definitions of redundant internals
   1 k  1.0000000000000 stre   1    7           val=   2.03477
   2 k -0.7071067811865 bend   6    7    1      val=  -6.83743
        0.7071067811865 bend   2    7    1
   3 k  1.0000000000000 outp   7    2    6    1 val=   0.00225
   4 k  1.0000000000000 stre   2    8           val=   2.03481
   5 k -0.7071067811865 bend   3    8    2      val=  -6.83145
        0.7071067811865 bend   1    8    2
   6 k  1.0000000000000 outp   8    1    3    2 val=   0.00219
   7 k  1.0000000000000 stre   4    9           val=   2.03480
   8 k -0.7071067811865 bend   3    9    4      val=  -6.83527
        0.7071067811865 bend   5    9    4
   9 k  1.0000000000000 outp   9    5    3    4 val=   0.00174
  10 k  1.0000000000000 stre   5   10           val=   2.03479
  11 k  0.7071067811865 bend   6   10    5      val=   6.83354
       -0.7071067811865 bend   4   10    5
  12 k  1.0000000000000 outp  10    4    6    5 val=   0.00169
  13 k  1.0000000000000 stre   1    6           val=   2.51668
  14 k  1.0000000000000 stre   6    5           val=   2.51646
  15 k  1.0000000000000 stre   5    4           val=   2.77933
  16 k  1.0000000000000 stre   4    3           val=   2.51680
  17 k  1.0000000000000 stre   3    2           val=   2.51658
  18 k  1.0000000000000 stre   2    1           val=   2.77934
  19 k -0.2886751345948 bend   1    5    6      val=  -2.08892
       -0.2886751345948 bend   6    4    5
        0.5773502691896 bend   5    3    4
       -0.2886751345948 bend   4    2    3
       -0.2886751345948 bend   3    1    2
        0.5773502691896 bend   2    6    1
  20 k  0.5000000000000 bend   1    5    6      val=   4.17484
       -0.5000000000000 bend   6    4    5
        0.5000000000000 bend   4    2    3
       -0.5000000000000 bend   3    1    2
  21 k -0.4082482904639 bend   1    5    6      val=  -0.00720
        0.4082482904639 bend   6    4    5
       -0.4082482904639 bend   5    3    4
        0.4082482904639 bend   4    2    3
       -0.4082482904639 bend   3    1    2
        0.4082482904639 bend   2    6    1
  22 k -0.2886751345948 tors   6    5    4    3 val=   0.00388
       -0.2886751345948 tors   5    4    3    2
        0.5773502691896 tors   4    3    2    1
       -0.2886751345948 tors   3    2    1    6
       -0.2886751345948 tors   2    1    6    5
        0.5773502691896 tors   1    6    5    4
  23 k  0.5000000000000 tors   6    5    4    3 val=  -0.00757
       -0.5000000000000 tors   5    4    3    2
        0.5000000000000 tors   3    2    1    6
       -0.5000000000000 tors   2    1    6    5
  24 k -0.4082482904639 tors   6    5    4    3 val=   0.00017
        0.4082482904639 tors   5    4    3    2
       -0.4082482904639 tors   4    3    2    1
        0.4082482904639 tors   3    2    1    6
       -0.4082482904639 tors   2    1    6    5
        0.4082482904639 tors   1    6    5    4
        24 non zero eigenvalues  of BmBt
           1           9.685540488    1    0
         1
           2           5.057159097    2    0
         2
           3           4.122203883    3    0
         3
           4           3.931386172    4    0
         4
           5           3.543761032    5    0
         5
           6           3.361651159    6    0
         6
           7           3.291160882    7    0
         7
           8           2.731648828    8    0
         8
           9           2.609883755    9    0
         9
          10           2.370576220   10    0
        10
          11           1.904725001   11    0
        11
          12           1.223420070   12    0
        12
          13           1.151804359   13    0
        13
          14           0.990624910   14    0
        14
          15           0.781606436   15    0
        15
          16           0.713836346   16    0
        16
          17           0.359879155   17    0
        17
          18           0.348701678   18    0
        18
          19           0.327617503   19    0
        19
          20           0.322037883   20    0
        20
          21           0.299590921   21    0
        21
          22           0.277878702   22    0
        22
          23           0.277794943   23    0
        23
          24           0.108242394   24    0
        24
$end
