$energy      SCF               SCFKIN            SCFPOT
     1 -231.2129623306      229.9380599706     -461.1510223013
     2 -231.2252222003      230.1888982413     -461.4141204416
     3 -231.2322666939      230.4663725861     -461.6986392800
     4 -231.2335524661      230.3882963474     -461.6218488135
     5 -231.2341862832      230.3157355163     -461.5499217995
     6 -231.2342207135      230.2897689474     -461.5239896609
     7 -231.2342526709      230.3271004239     -461.5613530948
     8 -231.2342523858      230.3249800915     -461.5592324774
     9 -231.2342508376      230.3227250622     -461.5569758997
    10 -231.2342526180      230.3252769275     -461.5595295455
    11 -231.2342525820      230.3252334653     -461.5594860473
    12 -231.2342525538      230.3253474263     -461.5595999801
$end
