$energy      SCF               SCFKIN            SCFPOT
     1 -600.5181634470      599.9175041075     -1200.435667554
     2 -600.5534885942      599.7863303264     -1200.339818921
     3 -600.6027443397      599.6094071451     -1200.212151485
     4 -600.6311923718      599.4978675367     -1200.129059909
     5 -600.6454632486      599.4113231466     -1200.056786395
     6 -600.6496284249      599.3529830258     -1200.002611451
     7 -600.6499565635      599.3316018076     -1199.981558371
     8 -600.6499676015      599.3289922128     -1199.978959814
     9 -600.6499800729      599.3278569505     -1199.977837023
    10 -600.6500209260      599.3281052117     -1199.978126138
    11 -600.6500483314      599.3282087475     -1199.978257079
    12 -600.6501475565      599.3288837858     -1199.979031342
    13 -600.6504405175      599.3637102498     -1200.014150767
    14 -600.6505900908      599.4009551743     -1200.051545265
    15 -600.6505929501      599.4231656304     -1200.073758580
    16 -600.6506157520      599.4181541023     -1200.068769854
    17 -600.6506188554      599.4157841339     -1200.066402989
    18 -600.6506164986      599.4161277281     -1200.066744227
    19 -600.6506167731      599.4159769905     -1200.066593764
    20 -600.6506166563      599.4165564015     -1200.067173058
    21 -600.6506167643      599.4165457306     -1200.067162495
$end
