$hessian (projected)
 1  1   1.4439448529   0.0891389365   0.0000000000  -1.4439448529  -0.0891389365
 1  2   0.0000000000
 2  1   0.0891389365   0.0055028071   0.0000000000  -0.0891389365  -0.0055028071
 2  2   0.0000000000
 3  1   0.0000000000   0.0000000000   0.0000000000   0.0000000000   0.0000000000
 3  2   0.0000000000
 4  1  -1.4439448529  -0.0891389365   0.0000000000   1.4439448529   0.0891389365
 4  2   0.0000000000
 5  1  -0.0891389365  -0.0055028071   0.0000000000   0.0891389365   0.0055028071
 5  2   0.0000000000
 6  1   0.0000000000   0.0000000000   0.0000000000   0.0000000000   0.0000000000
 6  2   0.0000000000
$end
