$energy      SCF               SCFKIN            SCFPOT            MP2
     1 -229.3240206277      228.848538     -458.172558     -1.169897451480
     2 -229.3306772272      228.923492     -458.254169     -1.164693830759
     3 -229.3387555098      228.995678     -458.334434     -1.157498893155
     4 -229.3442743224      229.035803     -458.380077     -1.145073533864
     5 -229.3441419706      229.033661     -458.377803     -1.149183982303
     6 -229.3434024868      229.015700     -458.359103     -1.152744447654
     7 -229.3404660573      228.968643     -458.309109     -1.155858541634
     8 -229.3400894392      228.970694     -458.310784     -1.146943312624
     9 -229.3402773846      228.971032     -458.311309     -1.149477959076
    10 -229.3404302742      228.968222     -458.308652     -1.154332106184
    11 -229.3389906316      228.951687     -458.290678     -1.152098636058
    12 -229.3391956432      228.951793     -458.290989     -1.154541797500
    13 -229.3390754742      228.947107     -458.286182     -1.157260945406
    14 -229.3395693791      228.952156     -458.291725     -1.156325342441
    15 -229.3395520832      228.951948     -458.291500     -1.156593203591
    16 -229.3394946925      228.951926     -458.291421     -1.156956962757
    17 -229.3396342757      228.957651     -458.297285     -1.156822246346
    18 -229.3398249781      228.963073     -458.302898     -1.156629589114
    19 -229.3396761274      228.959946     -458.299622     -1.156779415657
    20 -229.3400679978      228.967554     -458.307622     -1.156355092221
    21 -229.3398739560      228.962609     -458.302483     -1.156575488040
    22 -229.3397485328      228.960187     -458.299935     -1.156709129220
    23 -229.3396110442      228.957386     -458.296997     -1.156635639771
    24 -229.3397790031      228.960586     -458.300365     -1.156678809416
    25 -229.3397887348      228.960715     -458.300503     -1.156669864742
    26 -229.3398348235      228.961282     -458.301117     -1.156625138557
    27 -229.3399188135      228.961904     -458.301823     -1.156529055979
    28 -229.3398712135      228.961241     -458.301112     -1.156578704019
    29 -229.3397610419      228.959984     -458.299745     -1.156697923979
    30 -229.3398097233      228.960430     -458.300240     -1.156651264843
    31 -229.3398489638      228.960779     -458.300628     -1.156612464816
    32 -229.3398760172      228.961011     -458.300887     -1.156585416591
    33 -229.3398860030      228.961124     -458.301010     -1.156575981628
$end
