$energy      SCF               SCFKIN            SCFPOT            MP2
     1 -567.0336056228      566.950654     -1133.98426     -.6810655281294
     2 -567.0339917356      566.998943     -1134.03293     -.6810328300365
     3 -567.0340286960      567.014014     -1134.04804     -.6810278244244
     4 -567.0340467193      567.017552     -1134.05160     -.6810261807568
     5 -567.0340697987      567.020501     -1134.05457     -.6810245402600
     6 -567.0340928661      567.020404     -1134.05450     -.6810216665777
     7 -567.0341226764      567.028471     -1134.06259     -.6810165382857
     8 -567.0341227977      567.028726     -1134.06285     -.6810163871053
     9 -567.0341228176      567.028785     -1134.06291     -.6810163316378
$end
