$energy      SCF               SCFKIN            SCFPOT            MP2
     1 -2792.270714217      2792.18059     -5584.45130     -.8072502894038
     2 -2792.271100326      2792.22888     -5584.49998     -.8072173260052
     3 -2792.271137156      2792.24395     -5584.51509     -.8072123137581
     4 -2792.271155179      2792.24749     -5584.51865     -.8072106630816
     5 -2792.271178424      2792.25044     -5584.52162     -.8072090784603
     6 -2792.271201323      2792.25036     -5584.52156     -.8072061467010
     7 -2792.271231281      2792.25841     -5584.52964     -.8072008935524
     8 -2792.271231408      2792.25868     -5584.52991     -.8072008522981
     9 -2792.271231419      2792.25872     -5584.52995     -.8072007518103
$end
