$energy      SCF               SCFKIN            SCFPOT            MP2
     1 -2792.270675939      2792.18098     -5584.45166     -.8075753480516
     2 -2792.271061801      2792.22921     -5584.50027     -.8075415545986
     3 -2792.271098944      2792.24424     -5584.51534     -.8075360993730
     4 -2792.271117384      2792.24781     -5584.51893     -.8075342492925
     5 -2792.271140741      2792.25076     -5584.52191     -.8075325493132
     6 -2792.271163335      2792.25073     -5584.52189     -.8075299298876
     7 -2792.271193108      2792.25872     -5584.52992     -.8075249858734
     8 -2792.271193229      2792.25899     -5584.53019     -.8075249741360
     9 -2792.271193247      2792.25904     -5584.53024     -.8075248778496
$end
