$hessian (projected)
 1  1   1.2282521836   0.0626697354   0.0000000000  -1.2282521836  -0.0626697354
 1  2   0.0000000000
 2  1   0.0626697354   0.0031976298   0.0000000000  -0.0626697354  -0.0031976298
 2  2   0.0000000000
 3  1   0.0000000000   0.0000000000   0.0000000000   0.0000000000   0.0000000000
 3  2   0.0000000000
 4  1  -1.2282521836  -0.0626697354   0.0000000000   1.2282521836   0.0626697354
 4  2   0.0000000000
 5  1  -0.0626697354  -0.0031976298   0.0000000000   0.0626697354   0.0031976298
 5  2   0.0000000000
 6  1   0.0000000000   0.0000000000   0.0000000000   0.0000000000   0.0000000000
 6  2   0.0000000000
$end
