$dipgrad          cartesian dipole gradients
  -.33644417542276D+00  0.42239170353068D-01  0.75480694981340D-01
  0.45743093337026D-01  -.37314833184865D+00  -.10776184399704D+00
  0.75803992724597D-01  -.10759586082721D+00  -.49416839409080D+00
  0.16253764682638D-02  0.15431865776080D-01  0.26445001422121D-01
  0.15604423916978D-01  0.18006610065513D+00  0.38350745779259D-01
  0.29615137324957D-01  0.39415172701338D-01  0.22214928125067D+00
  0.16602022815702D+00  -.39291475020621D-01  -.44556848562455D-01
  -.42914055320631D-01  0.99940947711128D-02  -.11238882177139D-01
  -.44476045001963D-01  -.17947577163865D-01  0.22231793953305D+00
  0.16879857079683D+00  -.18379561108180D-01  -.57368847841001D-01
  -.18433461933281D-01  0.18308813642260D+00  0.80649980394921D-01
  -.60943085047572D-01  0.86128265289728D-01  0.49701173307307D-01
$end
