$hessian (projected)
 1  1   0.5664769972   0.0620429246   0.1063821861  -0.4040637532   0.0255751326
 1  2   0.0438200045  -0.0812131808  -0.1172086780  -0.0323039992  -0.0812000632
 1  3   0.0295906208  -0.1178981914
 2  1   0.0620429246   0.5216226761  -0.1515419812  -0.0028719584  -0.0485981801
 2  2   0.0193706214  -0.0888962997  -0.3718165555  -0.0334994775   0.0297253335
 2  3  -0.1012079404   0.1656708374
 3  1   0.1063821861  -0.1515419812   0.3500959775  -0.0049706955   0.0193707333
 3  2  -0.0267043447  -0.0161275619   0.0126280821  -0.0264408528  -0.0852839287
 3  3   0.1195431658  -0.2969507800
 4  1  -0.4040637532  -0.0028719584  -0.0049706955   0.4315419430  -0.0024853022
 4  2  -0.0042190806  -0.0137335084   0.0048879008   0.0033051977  -0.0137446814
 4  3   0.0004693598   0.0058845784
 5  1   0.0255751326  -0.0485981801   0.0193707333  -0.0024853022   0.0497104342
 5  2  -0.0162533470  -0.0433225374  -0.0001704385   0.0003524387   0.0202327071
 5  3  -0.0009418156  -0.0034698250
 6  1   0.0438200045   0.0193706214  -0.0267043447  -0.0042190806  -0.0162533470
 6  2   0.0313284011  -0.0012672658  -0.0030360618  -0.0026997495  -0.0383336580
 6  3  -0.0000812126  -0.0019243069
 7  1  -0.0812131808  -0.0888962997  -0.0161275619  -0.0137335084  -0.0433225374
 7  2  -0.0012672658   0.0907442074   0.1181568908   0.0161515449   0.0042024818
 7  3   0.0140619463   0.0012432828
 8  1  -0.1172086780  -0.3718165555   0.0126280821   0.0048879008  -0.0001704385
 8  2  -0.0030360618   0.1181568908   0.3907351207  -0.0029598943  -0.0058361136
 8  3  -0.0187481267  -0.0066321260
 9  1  -0.0323039992  -0.0334994775  -0.0264408528   0.0033051977   0.0003524387
 9  2  -0.0026997495   0.0161515449  -0.0029598943   0.0312093079   0.0128472565
 9  3   0.0361069331  -0.0020687057
10  1  -0.0812000632   0.0297253335  -0.0852839287  -0.0137446814   0.0202327071
10  2  -0.0383336580   0.0042024818  -0.0058361136   0.0128472565   0.0907422628
10  3  -0.0441219270   0.1107703302
11  1   0.0295906208  -0.1012079404   0.1195431658   0.0004693598  -0.0009418156
11  2  -0.0000812126   0.0140619463  -0.0187481267   0.0361069331  -0.0441219270
11  3   0.1208978828  -0.1555688864
12  1  -0.1178981914   0.1656708374  -0.2969507800   0.0058845784  -0.0034698250
12  2  -0.0019243069   0.0012432828  -0.0066321260  -0.0020687057   0.1107703302
12  3  -0.1555688864   0.3009437926
$end
