$vibrational normal modes
 1  1   0.0105792574   0.0259162073   0.0034690540   0.0306285623   0.5256480908
 1  2  -0.0134202914   0.0385225915  -0.0122161722  -0.0618315127   0.0125888794
 1  3   0.0611194562   0.0422788101
 2  1  -0.1930936514  -0.0427066852  -0.0730139406   0.2878369491  -0.0110088793
 2  2   0.0392292458  -0.0548913850  -0.0588278569   0.0001651096  -0.0177390055
 2  3  -0.0278762108   0.0635576145
 3  1  -0.2677228652   0.1576047799   0.0796111099  -0.0767720201  -0.0088891574
 3  2  -0.0632062559  -0.0941022243   0.0293279412  -0.0254221825  -0.0306408760
 3  3   0.0412634881  -0.0196799632
 4  1  -0.0044215042   0.0047369660  -0.0223760367   0.0064901259   0.5139207255
 4  2  -0.0319595994   0.0157678949  -0.0092067082  -0.0469651984  -0.5773414643
 4  3  -0.6684910353  -0.4615977613
 5  1  -0.4434462796  -0.0235248030  -0.6019398234  -0.2859440756  -0.0658870401
 5  2   0.2625648209   0.2889293429   0.6163616796  -0.2695822072  -0.0096213202
 5  3   0.0009996526   0.0273189879
 6  1  -0.4573802807  -0.3277440895  -0.1901748217  -0.2821610844  -0.2393937245
 6  2  -0.6086513681   0.4951864319  -0.4241430419  -0.1698975830  -0.0166516757
 6  3   0.0302459296   0.0054606104
 7  1  -0.2521158810  -0.0030684811  -0.4949241267  -0.5250132999   0.4701314385
 7  2   0.1871882953  -0.2756106500  -0.3440692990   0.5386923067   0.2008351478
 7  3   0.0415122173  -0.2535605578
 8  1  -0.0937321923  -0.0124919531   0.0695139088   0.4668044724  -0.0020403674
 8  2  -0.0432613067   0.0829250306   0.0740971590  -0.2049519779   0.5390284974
 8  3   0.0559463342  -0.7709171924
 9  1  -0.5970890189  -0.3292546493   0.5308209374  -0.0433568240   0.2030264431
 9  2   0.3430621766   0.4960511209   0.1130416218   0.4414262294  -0.0190593554
 9  3   0.0146709468  -0.0235274934
10  1  -0.0250803981  -0.3665764428  -0.0121470593   0.1062656661   0.3478117342
10  2  -0.5831267810  -0.2754652231   0.5230313160   0.3674804569   0.2015718868
10  3  -0.2223340456   0.1276541180
11  1   0.2327811796   0.5234276611  -0.2400412614   0.4921170985  -0.1204509486
11  2  -0.2433685350   0.3909135285   0.1270100780   0.4722398306  -0.2829068564
11  3   0.3304204254  -0.1395951832
12  1  -0.0372420864   0.5896984703   0.0000000000   0.0000000000   0.0000000000
12  2   0.0000000000   0.3164021835  -0.0964381636   0.0817367118   0.4614950904
12  3  -0.6183122149   0.2915386532
$end
