$dipgrad          cartesian dipole gradients
  -.37430059135501D+00  0.49500632126945D-01  0.84879907045179D-01
  0.49500561386678D-01  -.41009437379842D+00  -.12094563462412D+00
  0.84879939843896D-01  -.12094562303860D+00  -.54694933575831D+00
  0.18368873400861D-01  0.10536418183309D-01  0.18068045854076D-01
  0.18608257014945D-01  0.18806815075831D+00  0.43548366041279D-01
  0.31908950375198D-01  0.43548422750580D-01  0.23734440455609D+00
  0.17796598232270D+00  -.38161525899447D-01  -.46724717233671D-01
  -.46192901929633D-01  0.28015072832756D-01  -.17176199279928D-02
  -.51315093347419D-01  -.14800064480643D-01  0.23780043522974D+00
  0.17796573663127D+00  -.21875524410632D-01  -.56223235665583D-01
  -.21915916471998D-01  0.19401115120763D+00  0.79114888510830D-01
  -.65473796871656D-01  0.92197264768651D-01  0.71804496972745D-01
$end
