$hessian (projected)
 1  1   0.6298212844   0.0678606725   0.1163624945  -0.4392793304   0.0272001212
 1  2   0.0466432432  -0.0952703694  -0.1256871066  -0.0359221478  -0.0952715846
 1  3   0.0306263129  -0.1270835898
 2  1   0.0678606725   0.5807509052  -0.1658052217  -0.0039343381  -0.0602399655
 2  2   0.0222619471  -0.0947086358  -0.4045360538  -0.0350877425   0.0307823014
 2  3  -0.1159748858   0.1786310172
 3  1   0.1163624945  -0.1658052217   0.3931358276  -0.0067436122   0.0222617223
 3  2  -0.0350501358  -0.0182165525   0.0153736969  -0.0347627396  -0.0914023297
 3  3   0.1281698025  -0.3233229522
 4  1  -0.4392793304  -0.0039343381  -0.0067436122   0.4667981759  -0.0007886612
 4  2  -0.0013552382  -0.0137592719   0.0042703883   0.0029361755  -0.0137595735
 4  3   0.0004526110   0.0051626748
 5  1   0.0272001212  -0.0602399655   0.0222617223  -0.0007886612   0.0580547193
 5  2  -0.0190222516  -0.0496131094   0.0022655361   0.0006644177   0.0232016494
 5  3  -0.0000802898  -0.0039038884
 6  1   0.0466432432   0.0222619471  -0.0350501358  -0.0013552382  -0.0190222516
 6  2   0.0365304063  -0.0014117362  -0.0025765623  -0.0019131916  -0.0438762688
 6  3  -0.0006631333   0.0004329211
 7  1  -0.0952703694  -0.0947086358  -0.0182165525  -0.0137592719  -0.0496131094
 7  2  -0.0014117362   0.1031251964   0.1278722908   0.0177390369   0.0059044449
 7  3   0.0164494544   0.0018892519
 8  1  -0.1256871066  -0.4045360538   0.0153736969   0.0042703883   0.0022655361
 8  2  -0.0025765623   0.1278722908   0.4218419988  -0.0067132552  -0.0064555725
 8  3  -0.0195714810  -0.0060838794
 9  1  -0.0359221478  -0.0350877425  -0.0347627396   0.0029361755   0.0006644177
 9  2  -0.0019131916   0.0177390369  -0.0067132552   0.0364158354   0.0152469354
 9  3   0.0411365801   0.0002600958
10  1  -0.0952715846   0.0307823014  -0.0914023297  -0.0137595735   0.0232016494
10  2  -0.0438762688   0.0059044449  -0.0064555725   0.0152469354   0.1031267132
10  3  -0.0475283783   0.1200316631
11  1   0.0306263129  -0.1159748858   0.1281698025   0.0004526110  -0.0000802898
11  2  -0.0006631333   0.0164494544  -0.0195714810   0.0411365801  -0.0475283783
11  3   0.1356266567  -0.1686432493
12  1  -0.1270835898   0.1786310172  -0.3233229522   0.0051626748  -0.0039038884
12  2   0.0004329211   0.0018892519  -0.0060838794   0.0002600958   0.1200316631
12  3  -0.1686432493   0.3226299353
$end
