$vibrational normal modes
 1  1   0.0261729755   0.0173711350  -0.0144285929   0.5309702406   0.0053892898
 1  2   0.0123636571  -0.0385593621  -0.0207907947   0.0599377030   0.0124267541
 1  3   0.0365994771  -0.0654827119
 2  1  -0.0329138873   0.5113545691   0.0002967098  -0.0068647690  -0.0133540890
 2  2  -0.0317036474   0.0549433435  -0.0586200425  -0.0083737540  -0.0177074200
 2  3   0.0665161495   0.0218705423
 3  1   0.2437774355  -0.0011204544  -0.0468317932  -0.0184364423   0.0342793630
 3  2  -0.1850292187   0.0942126983   0.0256770132   0.0294147380  -0.0303627613
 3  3  -0.0238119380  -0.0395553096
 4  1   0.0112083788   0.0074394428  -0.0259015960   0.5208668704  -0.0175277429
 4  2  -0.0017292354  -0.0140741242  -0.0160553367   0.0462767442  -0.5765761558
 4  3  -0.3967843198   0.7099046457
 5  1   0.0409073982   0.2957904154   0.2831944084  -0.1000696591  -0.6107683165
 5  2  -0.2138294847  -0.2888155811   0.5764680646   0.3496957155  -0.0104247030
 5  3   0.0222205387  -0.0014471154
 6  1  -0.2388440979  -0.1671732111  -0.5487932464  -0.2608749945  -0.2905711870
 6  2  -0.4928121850  -0.4952376334  -0.4427195049   0.1031780067  -0.0178710612
 6  3   0.0006144821  -0.0234408007
 7  1   0.0618284560  -0.1885599738   0.2472438983   0.4394218371  -0.5616507508
 7  2  -0.1868393314   0.2749458536  -0.2635326618  -0.5838916082   0.2019464275
 7  3  -0.2599792416  -0.0140459265
 8  1  -0.0305364926   0.5744224274  -0.0991415826   0.0170606869   0.1619199758
 8  2   0.0474817607  -0.0844487700   0.0428795415   0.2143938396   0.5400745230
 8  3  -0.7706792689   0.0169364308
 9  1  -0.2058777631   0.1634667694   0.3552923409   0.1849674245   0.4363559445
 9  2  -0.6015708894  -0.4961309534   0.1666821825  -0.4215244314  -0.0202775113
 9  3  -0.0175940643  -0.0106013314
10  1  -0.3924203333  -0.0308732667  -0.5696622845   0.3639636771  -0.0140828289
10  2  -0.1490926375   0.2749472101   0.5684958265  -0.2952764178   0.2019481835
10  3   0.1481790837   0.2140857251
11  1   0.4800379618   0.4790916020  -0.3063464598  -0.0908099979  -0.0925542832
11  2   0.4832448690  -0.3902255635   0.1952335316  -0.4477282943  -0.2835884090
11  3  -0.1758463105  -0.3194012626
12  1   0.6696175145   0.0000000000   0.0000000000   0.0000000000   0.0000000000
12  2   0.1456403521  -0.3178062912  -0.0807691508  -0.0903992830   0.4600679635
12  3   0.3478690657   0.5837007083
$end
