$energy      SCF               SCFKIN            SCFPOT            MP2
     1 -2792.270614610      2792.18169     -5584.45230     -.8077336116171
     2 -2792.271000430      2792.22988     -5584.50088     -.8076994094718
     3 -2792.271037823      2792.24492     -5584.51596     -.8076937525834
     4 -2792.271056395      2792.24849     -5584.51954     -.8076918322909
     5 -2792.271079868      2792.25145     -5584.52253     -.8076900893166
     6 -2792.271102354      2792.25141     -5584.52251     -.8076876618052
     7 -2792.271131952      2792.25942     -5584.53055     -.8076829650231
     8 -2792.271132074      2792.25970     -5584.53083     -.8076829575398
     9 -2792.271132093      2792.25975     -5584.53088     -.8076828557128
$end
