$energy      SCF               SCFKIN            SCFPOT
     1 -2794.346219869      2789.646077793     -5583.992297661
     2 -2794.346225114      2789.650941673     -5583.997166787
     3 -2794.346225668      2789.653007481     -5583.999233149
     4 -2794.346225906      2789.653380146     -5583.999606051
     5 -2794.346226286      2789.653732123     -5583.999958410
     6 -2794.346226735      2789.654454055     -5584.000680790
     7 -2794.346226891      2789.654729534     -5584.000956425
     8 -2794.346226999      2789.654835854     -5584.001062853
$end
