$energy      SCF               SCFKIN            SCFPOT            MP2
     1 -567.0336054980      566.950661     -1133.98427     -.6810598503744
     2 -567.0339916113      566.998950     -1134.03294     -.6810271580762
     3 -567.0340285707      567.014020     -1134.04805     -.6810221556319
     4 -567.0340465915      567.017562     -1134.05161     -.6810205104290
     5 -567.0340696653      567.020506     -1134.05458     -.6810188699520
     6 -567.0340927246      567.020426     -1134.05452     -.6810159897165
     7 -567.0341225569      567.028481     -1134.06260     -.6810108513736
     8 -567.0341226759      567.028733     -1134.06286     -.6810107004860
     9 -567.0341226955      567.028791     -1134.06291     -.6810106463247
$end
