$energy      SCF               SCFKIN            SCFPOT            MP2
     1 -567.0336056855      566.950650     -1133.98426     -.6810692895597
     2 -567.0339917964      566.998939     -1134.03293     -.6810365905326
     3 -567.0340287577      567.014009     -1134.04804     -.6810315839169
     4 -567.0340467819      567.017548     -1134.05159     -.6810299405755
     5 -567.0340698631      567.020498     -1134.05457     -.6810283010788
     6 -567.0340929257      567.020398     -1134.05449     -.6810254323710
     7 -567.0341227363      567.028466     -1134.06259     -.6810203094602
     8 -567.0341228581      567.028721     -1134.06284     -.6810201590275
     9 -567.0341228780      567.028781     -1134.06290     -.6810201027891
$end
