$coord
  -10.23687377582738      4.95267396188678     -0.00007435484931  c
   -8.17808387949816      4.95269148720322      0.00011451208628  h
  -10.92319054198616      3.43638052494191     -1.21197522536542  h
  -10.92314905996308      6.76034064083167     -0.70710700759690  h
  -10.92304976662774      4.66128136471868      1.91904207572536  h
$redundant
     number_of_atoms             5
     degrees_of_freedom          9
     internal_coordinates        9
     frozen_coordinates          0
# definitions of redundant internals
   1 k  1.0000000000000 stre   1    3           val=   2.05885
   2 k  1.0000000000000 stre   1    2           val=   2.05879
   3 k  1.0000000000000 stre   1    5           val=   2.05882
   4 k  1.0000000000000 stre   1    4           val=   2.05877
   5 k  0.0501145939979 bend   2    3    1      val=   0.00313
       -0.5115827129364 bend   5    3    1
       -0.4855641536132 bend   5    2    1
        0.4855726893263 bend   4    3    1
        0.5115733256061 bend   4    2    1
       -0.0501099184558 bend   4    5    1
   6 k  0.6546304624835 bend   2    3    1      val=   0.00315
        0.2149599331884 bend   5    3    1
       -0.1589137815021 bend   5    2    1
        0.1589121840936 bend   4    3    1
       -0.2149571927651 bend   4    2    1
       -0.6546280759225 bend   4    5    1
   7 k  0.2625868198379 bend   2    3    1      val=  -0.00085
       -0.4382722343848 bend   5    3    1
        0.4888471877968 bend   5    2    1
       -0.4888439126282 bend   4    3    1
        0.4382681157139 bend   4    2    1
       -0.2625770847444 bend   4    5    1
   8 k -0.5691820640386 bend   2    3    1      val=  -0.00104
        0.2007952273421 bend   5    3    1
        0.3683890731392 bend   5    2    1
        0.3683858318999 bend   4    3    1
        0.2008005854460 bend   4    2    1
       -0.5691867436836 bend   4    5    1
   9 k -0.0967572957499 bend   2    3    1      val=   0.00178
        0.5413003175691 bend   5    3    1
       -0.4445512736414 bend   5    2    1
       -0.4445473624415 bend   4    3    1
        0.5413147618054 bend   4    2    1
       -0.0967580912403 bend   4    5    1
         9 non zero eigenvalues  of BmBt
           1           3.315631477    1    0
         1
           2           3.315623669    2    0
         2
           3           3.315600970    3    0
         3
           4           1.000000000    4    0
         4
           5           0.686218686    5    0
         5
           6           0.686214678    6    0
         6
           7           0.686212395    7    0
         7
           8           0.682569295    8    0
         8
           9           0.682567573    9    0
         9
$end
