$dipgrad          cartesian dipole gradients
  -.26232684021653D-02  -.19640789641715D-03  0.26738280680155D-03
  0.32782144632503D-03  -.25553498598718D-02  -.15916850760313D-03
  -.70275252618647D-04  0.54066574109674D-03  -.24825304970953D-02
  -.14046626997292D+00  0.16010910464271D-03  -.40001567253081D-04
  -.11219507368193D-02  0.72179453370764D-01  -.11108817780783D-03
  0.31365162984487D-02  -.16221629553215D-02  0.71146580978030D-01
  0.48787029992849D-01  -.52245730316768D-01  -.41379333011762D-01
  -.53175783067896D-01  -.43090544764012D-01  -.92058041161655D-01
  -.40646800548813D-01  -.92534327927647D-01  -.18334760892636D-02
  0.49563473914264D-01  0.60622468352754D-01  -.24447729723043D-01
  0.61139634326182D-01  -.91733828499105D-01  0.63801624596159D-01
  -.27709986533867D-01  0.65428146418621D-01  0.45866988425318D-01
  0.44739035468511D-01  -.83404392439130D-02  0.65599681495258D-01
  -.71697219677677D-02  0.65200270753371D-01  0.28526673250908D-01
  0.65290546036854D-01  0.28187678723252D-01  -.11269756181585D+00
$end
