$hessian (projected)
 1  1   0.5409495444  -0.0000417894   0.0000724526  -0.3154628020   0.0000121438
 1  2  -0.0000367327  -0.0751720116  -0.0663519699  -0.0530348226  -0.0751630786
 1  3   0.0791418861  -0.0309686999  -0.0751516522  -0.0127602705   0.0839678027
 2  1  -0.0000417894   0.5409399525   0.0000248175   0.0000016716  -0.0451254714
 2  2  -0.0000163024  -0.0663445197  -0.1917332081  -0.1171763337   0.0791357008
 2  3  -0.2535426927   0.0815102238  -0.0127510633  -0.0505385803   0.0356575948
 3  1   0.0000724526   0.0000248175   0.5408172382  -0.0000325727  -0.0000233353
 3  2  -0.0451065204  -0.0530333001  -0.1171729005  -0.1387461584  -0.0309713874
 3  3   0.0815124983  -0.0769832341   0.0839648076   0.0356589200  -0.2799813254
 4  1  -0.3154628020   0.0000016716  -0.0000325727   0.3424669657  -0.0000026110
 4  2   0.0000299152  -0.0089974004   0.0003655111   0.0002911122  -0.0090048752
 4  3  -0.0004376047   0.0001733888  -0.0090018881   0.0000730330  -0.0004618436
 5  1   0.0000121438  -0.0451254714  -0.0000233353  -0.0000026110   0.0445910656
 5  2   0.0000085491  -0.0245350743   0.0005670466   0.0017125381   0.0292421008
 5  3   0.0014623265  -0.0011813452  -0.0047165592  -0.0014949673  -0.0005164067
 6  1  -0.0000367327  -0.0000163024  -0.0451065204   0.0000299152   0.0000085491
 6  2   0.0445859726  -0.0196077425   0.0017142059  -0.0002137938  -0.0114353117
 6  3  -0.0011858677  -0.0011190898   0.0310498717  -0.0005205849   0.0018534313
 7  1  -0.0751720116  -0.0663445197  -0.0530333001  -0.0089974004  -0.0245350743
 7  2  -0.0196077425   0.0776872619   0.0731162078   0.0584414547   0.0032408045
 7  3   0.0080702312   0.0081153207   0.0032413456   0.0096931550   0.0060842673
 8  1  -0.0663519699  -0.1917332081  -0.1171729005   0.0003655111   0.0005670466
 8  2   0.0017142059   0.0731162078   0.2061334477   0.1291116908  -0.0101213141
 8  3  -0.0193083248  -0.0171685602   0.0029915651   0.0043410387   0.0035155641
 9  1  -0.0530348226  -0.1171763337  -0.1387461584   0.0002911122   0.0017125381
 9  2  -0.0002137938   0.0584414547   0.1291116908   0.1477651478   0.0053511234
 9  3   0.0088560480   0.0074176608  -0.0110488677  -0.0225039431  -0.0162228565
10  1  -0.0751630786   0.0791357008  -0.0309713874  -0.0090048752   0.0292421008
10  2  -0.0114353117   0.0032408045  -0.0101213141   0.0053511234   0.0776897597
10  3  -0.0871981041   0.0341166773   0.0032373896  -0.0110583834   0.0029388984
11  1   0.0791418861  -0.2535426927   0.0815124983  -0.0004376047   0.0014623265
11  2  -0.0011858677   0.0080702312  -0.0193083248   0.0088560480  -0.0871981041
11  3   0.2742488573  -0.0898262492   0.0004235915  -0.0028601663   0.0006435706
12  1  -0.0309686999   0.0815102238  -0.0769832341   0.0001733888  -0.0011813452
12  2  -0.0011190898   0.0081153207  -0.0171685602   0.0074176608   0.0341166773
12  3  -0.0898262492   0.0797194470  -0.0114366869   0.0266659308  -0.0090347839
13  1  -0.0751516522  -0.0127510633   0.0839648076  -0.0090018881  -0.0047165592
13  2   0.0310498717   0.0032413456   0.0029915651  -0.0110488677   0.0032373896
13  3   0.0004235915  -0.0114366869   0.0776748051   0.0140524659  -0.0925291248
14  1  -0.0127602705  -0.0505385803   0.0356589200   0.0000730330  -0.0014949673
14  2  -0.0005205849   0.0096931550   0.0043410387  -0.0225039431  -0.0110583834
14  3  -0.0028601663   0.0266659308   0.0140524659   0.0505526753  -0.0393003228
15  1   0.0839678027   0.0356575948  -0.2799813254  -0.0004618436  -0.0005164067
15  2   0.0018534313   0.0060842673   0.0035155641  -0.0162228565   0.0029388984
15  3   0.0006435706  -0.0090347839  -0.0925291248  -0.0393003228   0.3033855346
$end
