$vibrational normal modes
 1  1  -0.0807611219   0.4146553286   0.0041444686  -0.0498452449   0.0424095619
 1  2   0.0189280670  -0.0835450245   0.1968592890   0.0085564828  -0.0001113797
 1  3   0.0000338025  -0.0000245151  -0.0068777925  -0.1328053778  -0.1324974891
 2  1  -0.1680613281  -0.0081466574  -0.0494962723   0.3530538842   0.0215663737
 2  2   0.0393758673  -0.0810054318  -0.0427779926   0.1934329273   0.0000873182
 2  3  -0.0000441873  -0.0000924749   0.0619846108  -0.1267412950   0.1238286433
 3  1   0.1069677611   0.0688873208  -0.0063321126   0.1131937085  -0.0164704055
 3  2  -0.3685011742   0.1796560392   0.0722523958   0.0911990846   0.0001095416
 3  3  -0.0000365742   0.0000019266   0.1770489018   0.0391849543  -0.0485010952
 4  1  -0.0808073820   0.4146416394   0.0041301591  -0.0498748151   0.0423974345
 4  2   0.0188996696  -0.0794731495   0.1875046315   0.0081851494  -0.0001450619
 4  3  -0.0000138324  -0.4998902998   0.0310885879   0.6020213248   0.6001982974
 5  1  -0.0725680966  -0.0785449296  -0.3707301659   0.2888949262   0.5349489516
 5  2   0.0169842114   0.2200357171   0.1157945897  -0.5243467216  -0.4953180481
 5  3   0.0700264173   0.0000065129   0.0017843590  -0.0037229384   0.0036206617
 6  1   0.6023756684   0.2246422283   0.1794608250   0.4414845472   0.0680896831
 6  2  -0.0568708864  -0.4872406220  -0.1960351890  -0.2472715521   0.0695798708
 6  3   0.4952090330  -0.0000665254   0.0051773105   0.0012191668  -0.0013715450
 7  1   0.2812013638   0.4544993731  -0.1231071412   0.0961509950   0.4702708258
 7  2   0.1858856277   0.2486022645  -0.4401734299   0.2195479944   0.3238748581
 7  3  -0.3430424869   0.1668108800  -0.2244909065   0.1701767156  -0.0319000112
 8  1  -0.0916901431   0.0859205719  -0.2262741171   0.3901513585  -0.3352823872
 8  2   0.1283930401   0.2688845639   0.3229515866   0.0123923598   0.1377320878
 8  3   0.3088893559   0.3685236289  -0.4937489684   0.3808155082  -0.0583959402
 9  1  -0.1935700617  -0.0713709812   0.2869113432  -0.0159012760   0.1877039466
 9  2  -0.5744271985  -0.4477710014  -0.0308088787   0.1820939047  -0.3556291092
 9  3  -0.1923006589   0.2945253340  -0.3908703561   0.3084528256  -0.0509777393
10  1   0.0055119087   0.5299462599   0.3500410341   0.1192277466  -0.3792865128
10  2   0.1455974422   0.3550777799  -0.3778531546  -0.1886864374  -0.4584586895
10  3  -0.1087300270   0.1665858715  -0.0064147518  -0.1263204579   0.2539365337
11  1  -0.1367677915   0.0565065172  -0.1080189094   0.3836052783  -0.2579035963
11  2   0.0944166185  -0.1179602388  -0.2958785719  -0.0881847459  -0.1090458470
11  3  -0.2130284385  -0.4387626402   0.0181250820   0.3187378165  -0.6753666317
12  1   0.1032355921   0.1222795828  -0.4916982176   0.0271950240  -0.3216740738
12  2  -0.3507293353  -0.3553501374  -0.0347363083  -0.4184293159   0.1660420663
12  3  -0.4389385188   0.1716142667  -0.0011826176  -0.1249543527   0.2641629771
13  1  -0.5290397533   0.2595058534  -0.2145200140  -0.3649442454   0.0362416860
13  2  -0.2747267651  -0.0259587219  -0.5435130265  -0.0900760998   0.1353931430
13  3   0.4515847543   0.1666397520   0.2408350433   0.1461508748  -0.0320425580
14  1  -0.3712514627  -0.0964911951   0.5071217782   0.3495584731   0.1445649489
14  2  -0.0823156575   0.1121424367   0.1122529942  -0.5534616394   0.4661110567
14  3  -0.1656238092   0.0707840031   0.1041739573   0.0600329230  -0.0083508452
15  1  -0.0841650588   0.0000000000   0.0000000000   0.0000000000   0.0000000000
15  2  -0.4919740918   0.2189240072  -0.1693204995  -0.0602887093   0.1193538847
15  3   0.1362482671  -0.4660845650  -0.6690135707  -0.4184099754   0.0774385062
$end
