$energy      SCF               SCFKIN            SCFPOT            MP2
     1 -2792.270652156      2792.18127     -5584.45192     -.8076455839850
     2 -2792.271037992      2792.22947     -5584.50051     -.8076115977874
     3 -2792.271075244      2792.24451     -5584.51559     -.8076060456556
     4 -2792.271093740      2792.24808     -5584.51917     -.8076041624563
     5 -2792.271117167      2792.25104     -5584.52216     -.8076024400812
     6 -2792.271139716      2792.25099     -5584.52213     -.8075999025577
     7 -2792.271169397      2792.25900     -5584.53017     -.8075950611387
     8 -2792.271169522      2792.25927     -5584.53044     -.8075950524449
     9 -2792.271169540      2792.25932     -5584.53049     -.8075949503459
$end
