$dipgrad          cartesian dipole gradients
  -.43410665950512D+00  0.50518670868581D-01  0.18260696384745D-01
  0.50604804075829D-01  -.42039371496277D+00  0.69855961467664D-01
  0.20023519376988D-01  0.69100842444476D-01  -.58589238076210D+00
  0.13271462273184D+00  -.43726401223215D-01  -.15961507368635D-01
  -.62481195676060D-01  0.28393501854989D+00  -.79816080085612D-02
  -.25727978226486D-01  -.65863432856193D-02  0.30252238464703D+00
  0.30139203677294D+00  -.67922696452075D-02  -.22991890161117D-02
  0.11876391600250D-01  0.13645869641296D+00  -.61874353459105D-01
  0.57044588495503D-02  -.62514499158893D-01  0.28336999611514D+00
$end
