$hessian (projected)
 1  1   0.5696585800  -0.0916319229  -0.0334630726  -0.4897373884  -0.0506790462
 1  2  -0.0185123209  -0.0799211916   0.1423109691   0.0519753935
 2  1  -0.0916319229   0.4419319699   0.1614051399   0.0061641390  -0.0400856675
 2  2  -0.0146403495   0.0854677839  -0.4018463024  -0.1467647904
 3  1  -0.0334630726   0.1614051399   0.0589493881   0.0022483711  -0.0146406909
 3  2  -0.0053471688   0.0312147014  -0.1467644490  -0.0536022192
 4  1  -0.4897373884   0.0061641390   0.0022483711   0.5069209745   0.0029177306
 4  2   0.0010686803  -0.0171835860  -0.0090818696  -0.0033170514
 5  1  -0.0506790462  -0.0400856675  -0.0146406909   0.0029177306   0.0424009977
 5  2   0.0154860261   0.0477613156  -0.0023153301  -0.0008453353
 6  1  -0.0185123209  -0.0146403495  -0.0053471688   0.0010686803   0.0154860261
 6  2   0.0056559284   0.0174436407  -0.0008456767  -0.0003087596
 7  1  -0.0799211916   0.0854677839   0.0312147014  -0.0171835860   0.0477613156
 7  2   0.0174436407   0.0971047776  -0.1332290994  -0.0486583421
 8  1   0.1423109691  -0.4018463024  -0.1467644490  -0.0090818696  -0.0023153301
 8  2  -0.0008456767  -0.1332290994   0.4041616325   0.1476101257
 9  1   0.0519753935  -0.1467647904  -0.0536022192  -0.0033170514  -0.0008453353
 9  2  -0.0003087596  -0.0486583421   0.1476101257   0.0539109788
$end
