$vibrational normal modes
 1  1  -0.0035200211  -0.0052836886  -0.0027951712   0.0519928722   0.0154005317
 1  2   0.5428764051   0.0410191883   0.0287293070  -0.0572369435
 2  1   0.0214653604   0.5961958203  -0.0175955437  -0.0015876810   0.0222812566
 2  2  -0.0076808766   0.0544841139   0.0377518285   0.0382306019
 3  1   0.0078397179  -0.0121493219   0.9052038120  -0.0005795524   0.0081378192
 3  2  -0.0028055045   0.0198993408   0.0137881770   0.0139625218
 4  1  -0.0007467132   0.0089945646   0.0047627674   0.0342911924  -0.0106336979
 4  2   0.5430283974   0.0204566714  -0.7085187575   0.7020382104
 5  1  -0.0375386124   0.1716530029   0.0907965827   0.0857017478   0.7629230910
 5  2   0.1038777946  -0.6622203765   0.0177531435   0.0292762881
 6  1  -0.0137101365   0.2074239088   0.1097135833   0.9288356176  -0.3006767452
 6  2  -0.3181658360  -0.2418609423   0.0064796797   0.0106967212
 7  1   0.0566196321   0.3044147781   0.1610248885  -0.3318040251  -0.5492758181
 7  2   0.5461317489  -0.6715498598   0.2525015407   0.2064776715
 8  1  -0.3031787567   0.6921967421   0.3661363873  -0.1262683396  -0.1578765258
 8  2  -0.0076497794  -0.2026001360  -0.6169838800  -0.6361065437
 9  1   0.9501287137   0.0000000000   0.0000000000   0.0000000000   0.0000000000
 9  2   0.0000000000  -0.0739991666  -0.2253379379  -0.2323223362
$end
