$energy      SCF               SCFKIN            SCFPOT
     1 -600.3672873329      600.5725487804     -1200.939836113
     2 -600.4134181994      600.4392609373     -1200.852679137
     3 -600.4790422887      600.2548403430     -1200.733882632
     4 -600.5170586277      600.1414065003     -1200.658465128
     5 -600.5363042765      600.0480733357     -1200.584377612
     6 -600.5452930363      599.9648831016     -1200.510176138
     7 -600.5509732682      599.9073549887     -1200.458328257
     8 -600.5565805972      599.8699314578     -1200.426512055
     9 -600.5630848389      599.8462665020     -1200.409351341
    10 -600.5697655337      599.8310533182     -1200.400818852
    11 -600.5749822698      599.8133669082     -1200.388349178
    12 -600.5791016445      599.7897968804     -1200.368898525
    13 -600.5825201232      599.7590246243     -1200.341544747
    14 -600.5853556140      599.7269868124     -1200.312342426
    15 -600.5876303408      599.6963502595     -1200.283980600
    16 -600.5893070830      599.6683032029     -1200.257610286
    17 -600.5904407859      599.6430840189     -1200.233524805
    18 -600.5912108801      599.6193692804     -1200.210580161
    19 -600.5917284365      599.5979603379     -1200.189688774
    20 -600.5919128881      599.5876211084     -1200.179533997
    21 -600.5920685474      599.5818638135     -1200.173932361
    22 -600.5920306607      599.5736131072     -1200.165643768
    23 -600.5916456749      599.5639424448     -1200.155588120
    24 -600.5919637320      599.5756840358     -1200.167647768
    25 -600.5919639236      599.5707685009     -1200.162732424
    26 -600.5919591805      599.5694053471     -1200.161364528
    27 -600.5919594339      599.5697685841     -1200.161728018
    28 -600.5919602324      599.5699775124     -1200.161937745
$end
