$energy      SCF               SCFKIN            SCFPOT            MP2
     1 -567.0336052935      566.950676     -1133.98428     -.6810484824625
     2 -567.0339914203      566.998968     -1134.03296     -.6810158328478
     3 -567.0340283717      567.014040     -1134.04807     -.6810108475053
     4 -567.0340463878      567.017581     -1134.05163     -.6810092067674
     5 -567.0340694514      567.020526     -1134.05460     -.6810075689259
     6 -567.0340925222      567.020439     -1134.05453     -.6810046793829
     7 -567.0341223603      567.028499     -1134.06262     -.6809995298332
     8 -567.0341224802      567.028752     -1134.06287     -.6809993771594
     9 -567.0341224999      567.028811     -1134.06293     -.6809993241543
$end
