$coord
    0.00000000000000      0.00000000000000      0.00000000000000  c f
    0.00461286066193      0.00479424965307     -3.38524672657993  cl
    0.00000000000000      0.00000000000000      6.50000000000000  f f
   -0.97236489238202      1.67602918279894      0.64012805941847  h
   -0.97153192678332     -1.68026838597954      0.63172178051727  h
    1.93636434027392     -0.00278614670121      0.64331578441355  h
$redundant
     number_of_atoms             6
     degrees_of_freedom         12
     internal_coordinates       13
     frozen_coordinates          1
# definitions of redundant internals
   1 k  1.0000000000000 stre   1    4           val=   2.04067
   2 k  1.0000000000000 stre   1    5           val=   2.04114
   3 k  1.0000000000000 stre   1    6           val=   2.04043
   4 k  1.0000000000000 stre   1    2           val=   3.38525
   5 k  1.0000000000000 stre   1    3           val=   6.50000
   6 k  0.3136083883876 bend   5    4    1      val=  47.24861
        0.3136083844290 bend   6    4    1
        0.3136083844290 bend   6    5    1
        0.3427704146184 bend   2    4    1
        0.3427704146184 bend   2    5    1
        0.3427704134067 bend   2    6    1
       -0.3427704144201 bend   3    4    1
       -0.3427704144201 bend   3    5    1
       -0.3427704138032 bend   3    6    1
   7 k -0.7834503690215 bend   5    4    1      val=   0.02873
        0.3917251864596 bend   6    4    1
        0.3917251864596 bend   6    5    1
       -0.0961881010101 bend   2    4    1
       -0.0961881010101 bend   2    5    1
        0.1923762055275 bend   2    6    1
       -0.0629753529474 bend   3    4    1
       -0.0629753529474 bend   3    5    1
        0.1259507034669 bend   3    6    1
   8 k  0.6784879231345 bend   6    4    1      val=   0.02619
       -0.6784879231345 bend   6    5    1
        0.1666026802200 bend   2    4    1
       -0.1666026802200 bend   2    5    1
        0.1090765103225 bend   3    4    1
       -0.1090765103225 bend   3    5    1
   9 k  0.0332663006112 bend   6    4    1      val=  -0.08842
       -0.0332663006112 bend   6    5    1
       -0.4767077704777 bend   2    4    1
        0.4767077704776 bend   2    5    1
        0.5211938744938 bend   3    4    1
       -0.5211938744938 bend   3    5    1
  10 k -0.0384126155945 bend   5    4    1      val=  -0.07928
        0.0192063080326 bend   6    4    1
        0.0192063080326 bend   6    5    1
        0.2752273590809 bend   2    4    1
        0.2752273590809 bend   2    5    1
       -0.5504547195827 bend   2    6    1
       -0.3009114232413 bend   3    4    1
       -0.3009114232413 bend   3    5    1
        0.6018228480777 bend   3    6    1
  11 k -0.1963351507099 bend   6    4    1      val=  -0.03415
        0.1963351507099 bend   6    5    1
        0.4949679267485 bend   2    4    1
       -0.4949679267485 bend   2    5    1
        0.4652518243769 bend   3    4    1
       -0.4652518243769 bend   3    5    1
  12 k  0.2267083032017 bend   5    4    1      val=  -0.02989
       -0.1133541520030 bend   6    4    1
       -0.1133541520030 bend   6    5    1
       -0.2857698653450 bend   2    4    1
       -0.2857698653450 bend   2    5    1
        0.5715397321554 bend   2    6    1
       -0.2686132653497 bend   3    4    1
       -0.2686132653497 bend   3    5    1
        0.5372265329936 bend   3    6    1
  13 f  1.0000000000000 stre   1    3           val=   6.50000
        12 non zero eigenvalues  of BmBt
           1           4.870637030    1    0
         1
           2           3.031239042    2    0
         2
           3           3.031239038    3    0
         3
           4           1.000000000    4    0
         4
           5           0.790247547    6    0
         6
           6           0.765616424    7    0
         7
           7           0.765616423    8    0
         8
           8           0.488587253    9    0
         9
           9           0.488587252   10    0
        10
          10           0.121510097   11    0
        11
          11           0.121510096   12    0
        12
          12        1000.000000000    0    1
         0.000000000         0.000000000         0.000000000         0.000000000
         0.000000000         0.000000000         0.000000000         0.000000000
         0.000000000         0.000000000         0.000000000         0.000000000
         1.000000000
$end
