$energy      SCF               SCFKIN            SCFPOT
     1 -600.5247126432      599.7340512205     -1200.258763864
     2 -600.5525946988      599.6120142458     -1200.164608945
     3 -600.5887096899      599.4512294145     -1200.039939104
     4 -600.6077424893      599.3598090581     -1199.967551547
     5 -600.6170491283      599.3041658631     -1199.921214991
     6 -600.6206028297      599.2696580354     -1199.890260865
     7 -600.6221611751      599.2447302629     -1199.866891438
     8 -600.6258753127      599.2337042918     -1199.859579605
     9 -600.6319270675      599.2237384889     -1199.855665556
    10 -600.6392241286      599.2504949911     -1199.889719120
    11 -600.6450223513      599.3225779847     -1199.967600336
    12 -600.6502836508      599.3821202345     -1200.032403885
    13 -600.6549173116      599.4197376919     -1200.074655004
    14 -600.6590141659      599.4425214726     -1200.101535638
    15 -600.6620207019      599.4563671515     -1200.118387853
    16 -600.6640930949      599.4714921786     -1200.135585274
    17 -600.6645782337      599.4919618395     -1200.156540073
    18 -600.6640203740      599.4854227443     -1200.149443118
    19 -600.6646220604      599.4760615303     -1200.140683591
    20 -600.6649278438      599.4699771310     -1200.134904975
    21 -600.6650240521      599.4657733903     -1200.130797442
    22 -600.6650245151      599.4637246965     -1200.128749212
    23 -600.6650191971      599.4640812648     -1200.129100462
$end
