$coord
  -12.59938984705061      2.97614177335673     -0.00000600904484  c
   -9.72355967757925      4.74617083500480     -0.00004661193298  cl
  -13.08207057674451      2.55576792550812     -1.93970656549177  h
  -14.04509239998075      4.12068792358414      0.87876672215546  h
  -12.28459437359432      1.25936993036663      1.06101136157537  h
$redundant
     number_of_atoms             5
     degrees_of_freedom          9
     internal_coordinates        9
     frozen_coordinates          0
# definitions of redundant internals
   1 k  1.0000000000000 stre   1    4           val=   2.04262
   2 k  1.0000000000000 stre   1    3           val=   2.04258
   3 k  1.0000000000000 stre   1    5           val=   2.04259
   4 k  1.0000000000000 stre   1    2           val=   3.37689
   5 k  0.4082588221771 bend   3    4    1      val=   1.44278
        0.4082463029457 bend   5    4    1
        0.4082419174999 bend   5    3    1
       -0.4082489811744 bend   2    4    1
       -0.4082479725289 bend   2    3    1
       -0.4082457462582 bend   2    5    1
   6 k -0.6370135319829 bend   3    4    1      val=   0.00116
        0.6338992270470 bend   5    4    1
        0.0031268146376 bend   5    3    1
       -0.0015207487349 bend   2    4    1
       -0.3093812194518 bend   2    3    1
        0.3108966088976 bend   2    5    1
   7 k -0.3641750309175 bend   3    4    1      val=   0.00465
       -0.3695766711431 bend   5    4    1
        0.7337625000935 bend   5    3    1
       -0.3581256923541 bend   2    4    1
        0.1803822161447 bend   2    3    1
        0.1777370783885 bend   2    5    1
   8 k  0.0819691031215 bend   3    4    1      val=   0.00061
        0.2609286348420 bend   5    4    1
       -0.3429014609044 bend   5    3    1
       -0.7025631399880 bend   2    4    1
        0.5346142340964 bend   2    3    1
        0.1679540317893 bend   2    5    1
   9 k  0.3486088375150 bend   3    4    1      val=   0.00450
       -0.2452977772442 bend   5    4    1
       -0.1033187210083 bend   5    3    1
       -0.2116915234794 bend   2    4    1
       -0.5025923796252 bend   2    3    1
        0.7142924608340 bend   2    5    1
         9 non zero eigenvalues  of BmBt
           1           3.315620220    1    0
         1
           2           3.043419549    2    0
         2
           3           3.043415724    3    0
         3
           4           1.000000000    4    0
         4
           5           0.687585716    5    0
         5
           6           0.687581207    6    0
         6
           7           0.686214573    7    0
         7
           8           0.451017936    8    0
         8
           9           0.451013508    9    0
         9
$end
