$grad          cartesian gradients
  cycle =      1    SCF energy =     -500.5463946168   |dE/dxyz| =  0.038259
  -12.56214338606227      2.99920322965481      0.00000000000000      c
   -9.70066339637019      4.76010672436484      0.00001889726125      cl
  -13.10120666037302      2.54179502118914     -1.97366775908165      h
  -14.08116193682020      4.13421053462754      0.89414281312793      h
  -12.28953149532376      1.22282287798409      1.07952494595372      h
  0.19743816574855D-01  0.12203035917290D-01  0.19962740106371D-05
  0.73698907851760D-03  0.41724159768153D-03  0.10080922802747D-04
  -.64299841543655D-02  -.49423388678848D-02  -.15566646016988D-01
  -.14148027560827D-01  0.76195151000364D-02  0.70448996825957D-02
  -.12569097238293D-04  -.15359979169158D-01  0.85117898642909D-02
  cycle =      2    SCF energy =     -500.5478476286   |dE/dxyz| =  0.011883
  -12.57661443940356      2.99022069130808      0.00000189600351      c
   -9.71741032302649      4.74988896394737     -0.00001561006220      cl
  -13.09177171276697      2.54985288036506     -1.93826771814566      h
  -14.05411464569121      4.11367673885397      0.87812241738251      h
  -12.29479575406121      1.25449911334595      1.06017791208309      h
  0.83168882251986D-02  0.51391039095676D-02  0.95700273372301D-05
  -.12568901348213D-02  -.80317080552317D-03  0.70411379791691D-05
  -.23292907170406D-02  -.15872649395904D-02  -.25594171153504D-02
  -.35890007407400D-02  0.47986065757424D-03  0.11557695381953D-02
  -.12726227545646D-02  -.33026122255986D-02  0.13902943248043D-02
  cycle =      3    SCF energy =     -500.5479739283   |dE/dxyz| =  0.004684
  -12.58696557044909      2.98380275535091     -0.00000547674994      c
   -9.72316320465509      4.74641523560396     -0.00004147222470      cl
  -13.08655410979970      2.55345868432803     -1.93214651219702      h
  -14.04582592623118      4.11231228257800      0.87535855676777      h
  -12.29219806381438      1.26214942995953      1.05685380166513      h
  0.32575337633267D-02  0.20111612575125D-02  0.51322454747357D-05
  -.13365902044769D-02  -.84620829169946D-03  0.48872341622541D-05
  -.71313462969757D-03  -.36680135697319D-03  0.97352485243614D-03
  -.21945827699656D-03  -.11501493249194D-02  -.44140849158195D-03
  -.11201145863762D-02  0.27719100109999D-03  -.53891777508928D-03
  cycle =      4    SCF energy =     -500.5480279201   |dE/dxyz| =  0.001446
  -12.59864412984922      2.97659259375719     -0.00001609422487      c
   -9.72366373274567      4.74613967909632     -0.00005717019060      cl
  -13.08221404953694      2.55554177462917     -1.94154343312490      h
  -14.04613536888337      4.12194413668852      0.87961942702743      h
  -12.28404959393424      1.25792020364923      1.06201616777417      h
  0.57413432631837D-03  0.35777313323032D-03  -.59950194864732D-05
  -.11254510413794D-03  -.87484033386431D-04  0.39879491993133D-05
  -.17445961717848D-03  -.14012617939374D-03  -.69641918119125D-03
  -.51113002935430D-03  0.42135927875240D-03  0.32106022296446D-03
  0.97607131056814D-04  -.61787134469100D-03  0.37927435447942D-03
  cycle =      5    SCF energy =     -500.5480296058   |dE/dxyz| =  0.000124
  -12.59919131173048      2.97625829891243     -0.00001097114943      c
   -9.72380801680740      4.74603977488187     -0.00005399915541      cl
  -13.08204126894668      2.55577101157103     -1.93971232467125      h
  -14.04505910080415      4.12069758258345      0.87878285096109      h
  -12.28460717666073      1.25937171987164      1.06101334127622      h
  0.13646348705036D-04  0.11679445140356D-04  -.24863299085132D-05
  -.90277074057399D-04  -.74468458120480D-04  0.39956725219614D-05
  -.15651933642093D-04  0.27420176299808D-05  0.85088473611300D-05
  -.20983223574245D-05  -.42473304279270D-05  0.33974133124837D-06
  -.32159740670869D-04  -.27087002048148D-05  -.83209776412171D-05
  cycle =      6    SCF energy =     -500.5480298797   |dE/dxyz| =  0.000087
  -12.59926983317150      2.97621549610153     -0.00000786422061      c
   -9.72348647410842      4.74622159753612     -0.00004865717741      cl
  -13.08212938119852      2.55572276295715     -1.93976582506614      h
  -14.04517855609958      4.12069035740099      0.87879822291561      h
  -12.28464263037141      1.25928817382463      1.06104302080978      h
  0.21795785030143D-05  0.63202843773313D-05  -.96634306889776D-06
  -.13805240931752D-04  -.28599949824626D-04  0.43159408664728D-05
  -.37413611466384D-04  -.11865958254906D-04  -.20577582409212D-04
  -.37772051665580D-04  0.37664972801776D-05  0.12055715478042D-04
  -.39636902929742D-04  -.36487216796596D-04  0.72059544477948D-05
$end
