$energy      SCF               SCFKIN            SCFPOT            MP2
     1 -567.0284568658      566.987826     -1134.01628     -.6842801813075
     2 -567.0288397398      567.035510     -1134.06435     -.6842441322389
     3 -567.0288805469      567.050723     -1134.07960     -.6842357473423
     4 -567.0288983588      567.053679     -1134.08258     -.6842318099947
     5 -567.0289169146      567.055873     -1134.08479     -.6842285975343
     6 -567.0289332237      567.056117     -1134.08505     -.6842277394090
     7 -567.0289602649      567.063803     -1134.09276     -.6842237917731
     8 -567.0289603521      567.064165     -1134.09313     -.6842237550916
     9 -567.0289603816      567.064234     -1134.09319     -.6842236566092
$end
