$energy      SCF               SCFKIN            SCFPOT            MP2
     1 -567.0336053548      566.950668     -1133.98427     -.6810544476941
     2 -567.0339914710      566.998958     -1134.03295     -.6810217688153
     3 -567.0340284282      567.014029     -1134.04806     -.6810167717408
     4 -567.0340464479      567.017569     -1134.05162     -.6810151274310
     5 -567.0340695174      567.020510     -1134.05458     -.6810134877697
     6 -567.0340925750      567.020440     -1134.05453     -.6810106004409
     7 -567.0341224180      567.028492     -1134.06261     -.6810054550837
     8 -567.0341225362      567.028742     -1134.06286     -.6810053036482
     9 -567.0341225555      567.028799     -1134.06292     -.6810052504793
$end
