$energy      SCF               SCFKIN            SCFPOT
     1 -600.5242553489      599.7454781060     -1200.269733455
     2 -600.5530736257      599.6224673190     -1200.175540945
     3 -600.5909100233      599.4599695949     -1200.050879618
     4 -600.6112796164      599.3655336292     -1199.976813246
     5 -600.6210274471      599.3050780469     -1199.926105494
     6 -600.6246228960      599.2671700581     -1199.891792954
     7 -600.6258797895      599.2428066277     -1199.868686417
     8 -600.6285170409      599.2361634342     -1199.864680475
     9 -600.6330992942      599.2249419466     -1199.858041241
    10 -600.6399837264      599.2205132698     -1199.860496996
    11 -600.6459012099      599.2935258844     -1199.939427094
    12 -600.6509454008      599.3633313925     -1200.014276793
    13 -600.6551860597      599.4091668651     -1200.064352925
    14 -600.6588994705      599.4410297275     -1200.099929198
    15 -600.6621051687      599.4578956858     -1200.120000855
    16 -600.6645162372      599.4726486943     -1200.137164932
    17 -600.6653459071      599.4896680961     -1200.155014003
    18 -600.6651387976      599.4634820184     -1200.128620816
    19 -600.6654225617      599.4669098001     -1200.132332362
    20 -600.6654697819      599.4721780283     -1200.137647810
    21 -600.6654762602      599.4692308444     -1200.134707105
    22 -600.6654523168      599.4699456816     -1200.135397998
    23 -600.6654522256      599.4701187766     -1200.135571002
    24 -600.6654521376      599.4701115589     -1200.135563697
$end
