$energy      SCF               SCFKIN            SCFPOT            MP2
     1 -567.0336058334      566.950630     -1133.98424     -.6810935414588
     2 -567.0339919426      566.998919     -1134.03291     -.6810608375018
     3 -567.0340289038      567.013988     -1134.04802     -.6810558234741
     4 -567.0340469357      567.017533     -1134.05158     -.6810541769294
     5 -567.0340700718      567.020487     -1134.05456     -.6810526564467
     6 -567.0340931123      567.020392     -1134.05448     -.6810496968178
     7 -567.0341228781      567.028448     -1134.06257     -.6810446014636
     8 -567.0341230052      567.028723     -1134.06285     -.6810444781657
     9 -567.0341230174      567.028762     -1134.06289     -.6810443724016
$end
