$hessian (projected)
 1  1   0.3720402621   0.0248051418   0.0000000000  -0.3720402621  -0.0248051418
 1  2   0.0000000000
 2  1   0.0248051418   0.0016538400   0.0000000000  -0.0248051418  -0.0016538400
 2  2   0.0000000000
 3  1   0.0000000000   0.0000000000   0.0000000000   0.0000000000   0.0000000000
 3  2   0.0000000000
 4  1  -0.3720402621  -0.0248051418   0.0000000000   0.3720402621   0.0248051418
 4  2   0.0000000000
 5  1  -0.0248051418  -0.0016538400   0.0000000000   0.0248051418   0.0016538400
 5  2   0.0000000000
 6  1   0.0000000000   0.0000000000   0.0000000000   0.0000000000   0.0000000000
 6  2   0.0000000000
$end
