$vibrational normal modes
 1  1  -0.0194937998   0.0000000000   0.0332258819   0.0000000000   0.7076219743
 1  2   0.7055403419
 2  1   0.9987002846   0.0000000000   0.0022152783   0.0000000000  -0.0194937998
 2  2   0.0470406836
 3  1   0.0000000000   1.0000000000   0.0000000000   0.0000000000   0.0000000000
 3  2   0.0000000000
 4  1   0.0470928165   0.0000000000  -0.0332258819   0.0000000000   0.7063222588
 4  2  -0.7055403419
 5  1   0.0000000000   0.0000000000   0.9988929743   0.0000000000   0.0000000000
 5  2  -0.0470406836
 6  1   0.0000000000   0.0000000000   0.0000000000   1.0000000000   0.0000000000
 6  2   0.0000000000
$end
