$energy      SCF               SCFKIN            SCFPOT
     1 -600.4070935846      599.8174100040     -1200.224503589
     2 -600.4424881938      599.6901744950     -1200.132662689
     3 -600.4913446062      599.5195855408     -1200.010930147
     4 -600.5190355280      599.4120867042     -1199.931122232
     5 -600.5328187895      599.3278745236     -1199.860693313
     6 -600.5370795064      599.2730203769     -1199.810099883
     7 -600.5376161534      599.2505680757     -1199.788184229
     8 -600.5378421545      599.2438313812     -1199.781673536
     9 -600.5385372714      599.2436810505     -1199.782218322
    10 -600.5386773127      599.2384347028     -1199.777112016
    11 -600.5397315949      599.2469785910     -1199.786710186
    12 -600.5416779068      599.2796339877     -1199.821311895
    13 -600.5436677903      599.3151043709     -1199.858772161
    14 -600.5455793938      599.3545277860     -1199.900107180
    15 -600.5473084081      599.3971618432     -1199.944470251
    16 -600.5481865267      599.4996684738     -1200.047855001
    17 -600.5482392946      599.5614106993     -1200.109649994
    18 -600.5489337657      599.5401133270     -1200.089047093
    19 -600.5498875595      599.3788928463     -1199.928780406
    20 -600.5503655312      599.4533446525     -1200.003710184
    21 -600.5504063286      599.4692192546     -1200.019625583
    22 -600.5504348594      599.4601052124     -1200.010540072
    23 -600.5504397171      599.4603245423     -1200.010764259
    24 -600.5504425428      599.4599152532     -1200.010357796
    25 -600.5504433986      599.4596919872     -1200.010135386
    26 -600.5504435974      599.4596139811     -1200.010057578
    27 -600.5504435895      599.4593812120     -1200.009824802
    28 -600.5504434709      599.4596759563     -1200.010119427
    29 -600.5504433454      599.4596713250     -1200.010114670
    30 -600.5504431841      599.4597195489     -1200.010162733
    31 -600.5504430666      599.4596279111     -1200.010070978
    32 -600.5504428899      599.4597724099     -1200.010215300
    33 -600.5504428040      599.4594696923     -1200.009912496
$end
