$energy      SCF               SCFKIN            SCFPOT            MP2
     1 -2792.270714823      2792.18053     -5584.45125     -.8072737066377
     2 -2792.271100900      2792.22882     -5584.49992     -.8072406592037
     3 -2792.271137746      2792.24389     -5584.51502     -.8072356076977
     4 -2792.271155782      2792.24743     -5584.51858     -.8072339466671
     5 -2792.271179056      2792.25038     -5584.52156     -.8072323511792
     6 -2792.271201946      2792.25028     -5584.52148     -.8072294464528
     7 -2792.271231863      2792.25834     -5584.52957     -.8072242149001
     8 -2792.271231993      2792.25861     -5584.52985     -.8072241767150
     9 -2792.271232005      2792.25865     -5584.52989     -.8072240726506
$end
