$energy      SCF               SCFKIN            SCFPOT            MP2
     1 -2792.270714399      2792.18058     -5584.45129     -.8072545406235
     2 -2792.271100499      2792.22887     -5584.49997     -.8072215579241
     3 -2792.271137335      2792.24394     -5584.51507     -.8072165370795
     4 -2792.271155359      2792.24748     -5584.51863     -.8072148840406
     5 -2792.271178610      2792.25042     -5584.52160     -.8072132966181
     6 -2792.271201509      2792.25033     -5584.52154     -.8072103698573
     7 -2792.271231458      2792.25839     -5584.52962     -.8072051197105
     8 -2792.271231585      2792.25866     -5584.52990     -.8072050784517
     9 -2792.271231597      2792.25870     -5584.52993     -.8072049775110
$end
