$energy      SCF               SCFKIN            SCFPOT            MP2
     1 -567.0336053119      566.950677     -1133.98428     -.6810475583204
     2 -567.0339914421      566.998970     -1134.03296     -.6810149141108
     3 -567.0340283914      567.014042     -1134.04807     -.6810099312479
     4 -567.0340464071      567.017583     -1134.05163     -.6810082911969
     5 -567.0340694691      567.020528     -1134.05460     -.6810066541432
     6 -567.0340925404      567.020442     -1134.05453     -.6810037656205
     7 -567.0341223804      567.028502     -1134.06262     -.6809986138895
     8 -567.0341225002      567.028754     -1134.06288     -.6809984579728
     9 -567.0341225200      567.028812     -1134.06293     -.6809984079841
$end
