$energy      SCF               SCFKIN            SCFPOT            MP2
     1 -2792.270463515      2792.18325     -5584.45372     -.8079895197820
     2 -2792.270849304      2792.23140     -5584.50225     -.8079548355440
     3 -2792.270887112      2792.24647     -5584.51735     -.8079489236957
     4 -2792.270905869      2792.25004     -5584.52094     -.8079468984406
     5 -2792.270929382      2792.25299     -5584.52392     -.8079451315657
     6 -2792.270951677      2792.25294     -5584.52389     -.8079429797208
     7 -2792.270981075      2792.26098     -5584.53196     -.8079386665631
     8 -2792.270981201      2792.26126     -5584.53224     -.8079386649729
     9 -2792.270981221      2792.26132     -5584.53230     -.8079385576252
$end
