$coord
    0.00000000000000      0.00000000000000      0.00000000000000  c f
    0.00029872790936     -0.00002858024282     -6.38053012396271  cl
    0.00000000000000      0.00000000000000      2.75000000000000  f f
   -0.97524689566107      1.68920111518215     -0.60961250802096  h
   -0.97525489531018     -1.68918511630003     -0.60963444237205  h
    1.95027584980519      0.00001489926698     -0.60945543501059  h
$redundant
     number_of_atoms             6
     degrees_of_freedom         12
     internal_coordinates       13
     frozen_coordinates          1
# definitions of redundant internals
   1 k  1.0000000000000 stre   1    4           val=   2.04356
   2 k  1.0000000000000 stre   1    5           val=   2.04356
   3 k  1.0000000000000 stre   1    6           val=   2.04328
   4 k  1.0000000000000 stre   1    3           val=   2.75000
   5 k  1.0000000000000 stre   1    2           val=   6.38053
   6 k  0.3136083885981 bend   5    4    1      val=  23.08949
        0.3136083843237 bend   6    4    1
        0.3136083843237 bend   6    5    1
       -0.3427704142205 bend   3    4    1
       -0.3427704142205 bend   3    5    1
       -0.3427704142024 bend   3    6    1
        0.3427704146256 bend   2    4    1
        0.3427704146256 bend   2    5    1
        0.3427704133922 bend   2    6    1
   7 k -0.7097541857357 bend   5    4    1      val=  -0.00023
        0.3548770949159 bend   6    4    1
        0.3548770949159 bend   6    5    1
       -0.1915613909442 bend   3    4    1
       -0.1915613909442 bend   3    5    1
        0.3831227799833 bend   3    6    1
       -0.0635070762098 bend   2    4    1
       -0.0635070762098 bend   2    5    1
        0.1270141560545 bend   2    6    1
   8 k  0.6146651553573 bend   6    4    1      val=  -0.00028
       -0.6146651553573 bend   6    5    1
        0.3317940630240 bend   3    4    1
       -0.3317940630240 bend   3    5    1
        0.1099974842059 bend   2    4    1
       -0.1099974842059 bend   2    5    1
   9 k  0.2308268177216 bend   6    4    1      val=   0.00026
       -0.2308268177216 bend   6    5    1
       -0.5523717263218 bend   3    4    1
        0.5523717263218 bend   3    5    1
        0.3763036754814 bend   2    4    1
       -0.3763036754814 bend   2    5    1
  10 k -0.2665358480244 bend   5    4    1      val=   0.00045
        0.1332679243735 bend   6    4    1
        0.1332679243735 bend   6    5    1
        0.3189119646938 bend   3    4    1
        0.3189119646938 bend   3    5    1
       -0.6378239318623 bend   3    6    1
       -0.2172590275557 bend   2    4    1
       -0.2172590275557 bend   2    5    1
        0.4345180568967 bend   2    6    1
  11 k  0.2624990038269 bend   6    4    1      val=  -0.00029
       -0.2624990038269 bend   6    5    1
       -0.2912012632224 bend   3    4    1
        0.2912012632224 bend   3    5    1
       -0.5884692832150 bend   2    4    1
        0.5884692832150 bend   2    5    1
  12 k  0.3031077397789 bend   5    4    1      val=  -0.00080
       -0.1515538704705 bend   6    4    1
       -0.1515538704705 bend   6    5    1
       -0.1681251273583 bend   3    4    1
       -0.1681251273583 bend   3    5    1
        0.3362502565834 bend   3    6    1
       -0.3397528986097 bend   2    4    1
       -0.3397528986097 bend   2    5    1
        0.6795057987970 bend   2    6    1
  13 f  1.0000000000000 stre   1    3           val=   2.75000
        12 non zero eigenvalues  of BmBt
           1           4.870637030    1    0
         1
           2           3.228681736    2    0
         2
           3           3.228681731    3    0
         3
           4           1.000000000    5    0
         5
           5           0.790247547    6    0
         6
           6           0.769279645    7    0
         7
           7           0.769279644    8    0
         8
           8           0.614558095    9    0
         9
           9           0.614558094   10    0
        10
          10           0.209010860   11    0
        11
          11           0.209010859   12    0
        12
          12        1000.000000000    0    1
         0.000000000         0.000000000         0.000000000         0.000000000
         0.000000000         0.000000000         0.000000000         0.000000000
         0.000000000         0.000000000         0.000000000         0.000000000
         1.000000000
$end
