$energy      SCF               SCFKIN            SCFPOT
     1 -600.4873181126      600.3582162224     -1200.845534335
     2 -600.5324879072      600.2205274878     -1200.753015395
     3 -600.5973528926      600.0319106044     -1200.629263497
     4 -600.6358153533      599.9132088461     -1200.549024199
     5 -600.6558791780      599.8125441341     -1200.468423312
     6 -600.6643203707      599.7277594280     -1200.392079799
     7 -600.6678343381      599.6806975772     -1200.348531915
     8 -600.6717681006      599.6397425833     -1200.311510684
     9 -600.6762125643      599.6138780487     -1200.290090613
    10 -600.6813998355      599.5980075202     -1200.279407356
    11 -600.6859267801      599.5797316204     -1200.265658400
    12 -600.6892473096      599.5584187327     -1200.247666042
    13 -600.6918192654      599.5315625263     -1200.223381792
    14 -600.6938694592      599.5022905568     -1200.196160016
    15 -600.6954843148      599.4759030566     -1200.171387371
    16 -600.6966342311      599.4531618088     -1200.149796040
    17 -600.6974673826      599.4328591629     -1200.130326546
    18 -600.6980993393      599.4150800466     -1200.113179386
    19 -600.6986015757      599.4015456266     -1200.100147202
    20 -600.6987843881      599.3913086995     -1200.090093088
    21 -600.6986434411      599.3800412915     -1200.078684733
    22 -600.6987114337      599.3845879761     -1200.083299410
    23 -600.6987382062      599.3854222910     -1200.084160497
    24 -600.6987354776      599.3868671428     -1200.085602620
    25 -600.6987345187      599.3871466505     -1200.085881169
    26 -600.6987345759      599.3869419154     -1200.085676491
$end
