$dipgrad          cartesian dipole gradients
  -.50474983734455D+00  0.47364912334766D-01  0.17301388579304D-01
  0.47383135456179D-01  -.49284287723027D+00  0.64949318683308D-01
  0.17306618816971D-01  0.64950265367704D-01  -.64695582993113D+00
  0.18327968741717D+00  -.31927751792620D-01  -.11661785981854D-01
  -.61335340657413D-01  0.30739127032563D+00  -.10207344425824D-01
  -.22402263983562D-01  -.10208613221498D-01  0.33161405747322D+00
  0.32147014992701D+00  -.15437160541989D-01  -.56396025974506D-02
  0.13952205201251D-01  0.18545160690468D+00  -.54741974257486D-01
  0.50956451666433D-02  -.54741652146243D-01  0.31534177245793D+00
$end
