$hessian (projected)
 1  1   0.5910717949  -0.0785215239  -0.0286746663  -0.5011329271  -0.0609805378
 1  2  -0.0222747770  -0.0899388678   0.1395020617   0.0509494433
 2  1  -0.0785215239   0.4695182065   0.1714804697   0.0029043904  -0.0532784849
 2  2  -0.0194587482   0.0756171335  -0.4162397215  -0.1520217215
 3  1  -0.0286746663   0.1714804697   0.0626292039   0.0010577530  -0.0194591319
 3  2  -0.0071070030   0.0276169133  -0.1520213377  -0.0555222010
 4  1  -0.5011329271   0.0029043904   0.0010577530   0.5184351102   0.0039408968
 4  2   0.0014424378  -0.0173021831  -0.0068452873  -0.0025001908
 5  1  -0.0609805378  -0.0532784849  -0.0194591319   0.0039408968   0.0518733035
 5  2   0.0189455785   0.0570396410   0.0014051815   0.0005135535
 6  1  -0.0222747770  -0.0194587482  -0.0071070030   0.0014424378   0.0189455785
 6  2   0.0069194541   0.0208323392   0.0005131697   0.0001875488
 7  1  -0.0899388678   0.0756171335   0.0276169133  -0.0173021831   0.0570396410
 7  2   0.0208323392   0.1072410509  -0.1326567745  -0.0484492525
 8  1   0.1395020617  -0.4162397215  -0.1520213377  -0.0068452873   0.0014051815
 8  2   0.0005131697  -0.1326567745   0.4148345400   0.1515081680
 9  1   0.0509494433  -0.1520217215  -0.0555222010  -0.0025001908   0.0005135535
 9  2   0.0001875488  -0.0484492525   0.1515081680   0.0553346522
$end
