$vibrational normal modes
 1  1   0.5359981848  -0.0052762376  -0.0027907579   0.0547301456   0.0152569858
 1  2  -0.0035200211   0.0407955232   0.0290430955  -0.0572270744
 2  1  -0.0087396166   0.5963669463  -0.0175822203   0.0007454865   0.0221243275
 2  2   0.0214653604   0.0541868936   0.0381351692   0.0382435785
 3  1  -0.0031921908  -0.0121422225   0.9052700820   0.0002726009   0.0080805035
 3  2   0.0078397179   0.0197907865   0.0139281854   0.0139672613
 4  1   0.5358876138   0.0095797099   0.0050713850   0.0385533570  -0.0116856484
 4  2  -0.0007467132   0.0255736263  -0.7088218690   0.7018250113
 5  1   0.1222965215   0.1711123391   0.0904950737   0.0456580875   0.7656798085
 5  2  -0.0375386124  -0.6620816761   0.0131124502   0.0292623057
 6  1  -0.3545317410   0.1712509958   0.0905638732   0.9450267055  -0.2487533156
 6  2  -0.0137101365  -0.2418102544   0.0047847692   0.0106916132
 7  1   0.5335543058   0.3169466761   0.1676244510  -0.2959925683  -0.5691142742
 7  2   0.0566196321  -0.6731166020   0.2478239202   0.2065342202
 8  1  -0.0106980593   0.6964322585   0.3683127840  -0.1128976711  -0.1644416352
 8  2  -0.3031787567  -0.1980210896  -0.6184279116  -0.6362985371
 9  1   0.0000000000   0.0000000000   0.0000000000   0.0000000000   0.0000000000
 9  2   0.9501287137  -0.0723267825  -0.2258653659  -0.2323924571
$end
