$hessian (projected)
 1  1   1.5055159015   0.0929398973   0.0000000000  -1.5055159015  -0.0929398973
 1  2   0.0000000000
 2  1   0.0929398973   0.0057374515   0.0000000000  -0.0929398973  -0.0057374515
 2  2   0.0000000000
 3  1   0.0000000000   0.0000000000   0.0000000000   0.0000000000   0.0000000000
 3  2   0.0000000000
 4  1  -1.5055159015  -0.0929398973   0.0000000000   1.5055159015   0.0929398973
 4  2   0.0000000000
 5  1  -0.0929398973  -0.0057374515   0.0000000000   0.0929398973   0.0057374515
 5  2   0.0000000000
 6  1   0.0000000000   0.0000000000   0.0000000000   0.0000000000   0.0000000000
 6  2   0.0000000000
$end
