$vibrational normal modes
 1  1  -0.0180538814   0.0000000000   0.0307785039   0.0000000000   0.7075485735
 1  2   0.7057632445
 2  1   0.9988854811   0.0000000000   0.0019000470   0.0000000000  -0.0180538814
 2  2   0.0435688280
 3  1   0.0000000000   1.0000000000   0.0000000000   0.0000000000   0.0000000000
 3  2   0.0000000000
 4  1   0.0436102391   0.0000000000  -0.0307785039   0.0000000000   0.7064340546
 4  2  -0.7057632445
 5  1   0.0000000000   0.0000000000   0.9990504278   0.0000000000   0.0000000000
 5  2  -0.0435688280
 6  1   0.0000000000   0.0000000000   0.0000000000   1.0000000000   0.0000000000
 6  2   0.0000000000
$end
