$energy      SCF               SCFKIN            SCFPOT
     1 -2794.346159306      2789.645960680     -5583.992119985
     2 -2794.346164529      2789.650817376     -5583.996981905
     3 -2794.346165057      2789.652841959     -5583.999007015
     4 -2794.346165282      2789.653206749     -5583.999372031
     5 -2794.346165645      2789.653563974     -5583.999729619
     6 -2794.346166073      2789.654281303     -5584.000447376
     7 -2794.346166214      2789.654537075     -5584.000703289
     8 -2794.346166312      2789.654628371     -5584.000794683
$end
