$energy      SCF               SCFKIN            SCFPOT
     1 -568.0574356356      567.1179645637     -1135.175400199
     2 -568.0574409691      567.1234150465     -1135.180856016
     3 -568.0574414871      567.1253947192     -1135.182836206
     4 -568.0574417110      567.1257862341     -1135.183227945
     5 -568.0574420604      567.1261494755     -1135.183591536
     6 -568.0574424870      567.1268556018     -1135.184298089
     7 -568.0574426288      567.1270994786     -1135.184542107
     8 -568.0574427252      567.1271800773     -1135.184622802
$end
