$dipgrad          cartesian dipole gradients
  -.36254338795303D+00  0.46956153540263D-01  0.80538861019324D-01
  0.47012626462792D-01  -.39656788248352D+00  -.11476493306534D+00
  0.80516763598633D-01  -.11477463107513D+00  -.52638386840269D+00
  0.92657263682020D-02  0.11223095760047D-01  0.19259332692172D-01
  0.21681884351186D-01  0.18640543664597D+00  0.41075986570551D-01
  0.37211866494563D-01  0.41079950388152D-01  0.23286820431280D+00
  0.17661049770116D+00  -.37822549818023D-01  -.44805929048181D-01
  -.48242473551519D-01  0.18508166088062D-01  -.36345938142960D-02
  -.50705874485031D-01  -.20634849593191D-01  0.23331539894391D+00
  0.17666716388303D+00  -.20356699481941D-01  -.54992264663309D-01
  -.20452037262374D-01  0.19165427974967D+00  0.77323540309082D-01
  -.67022755608152D-01  0.94329530280160D-01  0.60200265146199D-01
$end
