$hessian (projected)
 1  1   0.6001441800   0.0605402533   0.1037565688  -0.4166213409   0.0303535712
 1  2   0.0520397599  -0.0917621190  -0.1169323245  -0.0362224916  -0.0917607202
 1  3   0.0260385000  -0.1195738371
 2  1   0.0605402533   0.5564746305  -0.1478040382  -0.0018860150  -0.0609494582
 2  2   0.0206140166  -0.0848540314  -0.3862486026  -0.0408459800   0.0261997932
 2  3  -0.1092765698   0.1680360017
 3  1   0.1037565688  -0.1478040382   0.3890739328  -0.0032447280   0.0206128601
 3  2  -0.0376321327  -0.0178868144   0.0114089207  -0.0373095938  -0.0826250264
 3  3   0.1157822574  -0.3141322063
 4  1  -0.4166213409  -0.0018860150  -0.0032447280   0.4450070502  -0.0027956975
 4  2  -0.0047841788  -0.0141975571   0.0039882314   0.0030535413  -0.0141881522
 4  3   0.0006934812   0.0049753655
 5  1   0.0303535712  -0.0609494582   0.0206128601  -0.0027956975   0.0588798525
 5  2  -0.0181466618  -0.0506261557   0.0022923238   0.0014003935   0.0230682820
 5  3  -0.0002227182  -0.0038665918
 6  1   0.0520397599   0.0206140166  -0.0376321327  -0.0047841788  -0.0181466618
 6  2   0.0383497913  -0.0021390143  -0.0024405303  -0.0016202047  -0.0451165668
 6  3  -0.0000268244   0.0009025460
 7  1  -0.0917621190  -0.0848540314  -0.0178868144  -0.0141975571  -0.0506261557
 7  2  -0.0021390143   0.1002000951   0.1192606218   0.0181095309   0.0057595810
 7  3   0.0162195653   0.0019162978
 8  1  -0.1169323245  -0.3862486026   0.0114089207   0.0039882314   0.0022923238
 8  2  -0.0024405303   0.1192606218   0.4039629476  -0.0030790950  -0.0063165287
 8  3  -0.0200066688  -0.0058892954
 9  1  -0.0362224916  -0.0408459800  -0.0373095938   0.0030535413   0.0014003935
 9  2  -0.0016202047   0.0181095309  -0.0030790950   0.0382129542   0.0150594194
 9  3   0.0425246815   0.0007168443
10  1  -0.0917607202   0.0261997932  -0.0826250264  -0.0141881522   0.0230682820
10  2  -0.0451165668   0.0057595810  -0.0063165287   0.0150594194   0.1001892914
10  3  -0.0429515465   0.1126821738
11  1   0.0260385000  -0.1092765698   0.1157822574   0.0006934812  -0.0002227182
11  2  -0.0000268244   0.0162195653  -0.0200066688   0.0425246815  -0.0429515465
11  3   0.1295059568  -0.1582801145
12  1  -0.1195738371   0.1680360017  -0.3141322063   0.0049753655  -0.0038665918
12  2   0.0009025460   0.0019162978  -0.0058892954   0.0007168443   0.1126821738
12  3  -0.1582801145   0.3125128160
$end
