$vibrational normal modes
 1  1   0.0199583458  -0.0304509869  -0.0115008883  -0.0000193675   0.5388003134
 1  2  -0.0081225006  -0.0384343965   0.0156486874  -0.0608131341  -0.0127879427
 1  3  -0.0603623892   0.0437053343
 2  1  -0.0030529711   0.2173439160   0.0829048616   0.2725587737   0.0264025101
 2  2  -0.0719100617   0.0547647798  -0.0529312735  -0.0251677469   0.0179320698
 2  3   0.0293414496   0.0631381063
 3  1   0.1117223232  -0.3311444058   0.0676799231   0.1129538945  -0.0373595668
 3  2  -0.0578063983   0.0939086099   0.0372754618  -0.0102107368   0.0311457836
 3  3  -0.0417813426  -0.0187993774
 4  1  -0.0017862992  -0.0450749861  -0.0420094738   0.0168446013   0.5195155307
 4  2  -0.0200679216  -0.0189402738   0.0125375686  -0.0487236604   0.5774962429
 4  3   0.6586526629  -0.4754586679
 5  1  -0.0062194777   0.0083345266  -0.4380304631   0.7438557329  -0.1891800720
 5  2   0.2685109508  -0.2887719512   0.6722955989   0.0232141366   0.0082308647
 5  3  -0.0019351509   0.0259182088
 6  1  -0.3732361137  -0.5365058255  -0.3111751693   0.2153227254  -0.3432262248
 6  2  -0.5239929354  -0.4951417356  -0.3090196412  -0.3363734202   0.0142418249
 6  3  -0.0300440105   0.0075384395
 7  1  -0.0293480692  -0.2444061411  -0.5046032447   0.4605429031   0.3267923668
 7  2   0.3052629438   0.2765230845  -0.5435729766   0.3366223628  -0.1993054133
 7  3  -0.0451984642  -0.2525397425
 8  1   0.0328459300   0.2907424182   0.2201752100   0.1165395720   0.0856827901
 8  2  -0.1881271724  -0.0798159355   0.1536860625  -0.1544344227  -0.5388182087
 8  3  -0.0736699966  -0.7701614751
 9  1  -0.3537595037  -0.4232423377   0.6017261947   0.2648875418   0.1861375693
 9  2   0.2808845851  -0.4960511610  -0.0887578044   0.4467783665   0.0167045879
 9  3  -0.0140797800  -0.0241015595
10  1  -0.3634508473  -0.1073862744  -0.1252217566  -0.1252834021   0.3671601621
10  2  -0.5594561209   0.2764996140   0.3135820419   0.5571575244  -0.2004902261
10  3   0.2253385006   0.1206713008
11  1   0.5506743610   0.4216558629  -0.1307364287  -0.0379682250  -0.0228712507
11  2  -0.3519763353  -0.3924207155  -0.0904513693   0.4809500203   0.2814042112
11  3  -0.3321221486  -0.1331206566
12  1   0.5341710175  -0.1987786509   0.0000000000   0.0000000000   0.0000000000
12  2   0.0000000000  -0.3137563836  -0.1202004809   0.0314829342  -0.4637466425
12  3   0.6247152086   0.2777983149
$end
