$energy      SCF               SCFKIN            SCFPOT
     1 -2794.346394235      2789.647936613     -5583.994330848
     2 -2794.346399532      2789.652805902     -5583.999205434
     3 -2794.346400163      2789.654994340     -5584.001394503
     4 -2794.346400432      2789.655376376     -5584.001776808
     5 -2794.346400865      2789.655702528     -5584.002103393
     6 -2794.346401202      2789.655776342     -5584.002177544
     7 -2794.346401647      2789.656787520     -5584.003189166
     8 -2794.346401689      2789.656889920     -5584.003291609
$end
