$energy      SCF               SCFKIN            SCFPOT
     1   -39.20203653911    39.00603417252   -78.20807071163
     2   -39.20826558652    39.04822960772   -78.25649519424
     3   -39.21242429005    39.08950495958   -78.30192924963
     4   -39.21266560293    39.08046173716   -78.29312734010
     5   -39.21268120231    39.07769730385   -78.29037850616
     6   -39.21268135682    39.07764220249   -78.29032355931
     7   -39.21268166377    39.07764731177   -78.29032897554
     8   -39.21268154035    39.07759314944   -78.29027468979
     9   -39.21268158868    39.07761595052   -78.29029753920
$end
