$energy      SCF               SCFKIN            SCFPOT
     1 -600.4098907554      600.0480338906     -1200.457924646
     2 -600.4511677966      599.9130800708     -1200.364247867
     3 -600.5095947864      599.7299634625     -1200.239558249
     4 -600.5436030055      599.6147786455     -1200.158381651
     5 -600.5606162961      599.5185555028     -1200.079171799
     6 -600.5655649050      599.4510745600     -1200.016639465
     7 -600.5662864214      599.4257952302     -1199.992081652
     8 -600.5666032146      599.4128564548     -1199.979459669
     9 -600.5669512382      599.3933014381     -1199.960252676
    10 -600.5672076935      599.3824052006     -1199.949612894
    11 -600.5682606539      599.3589431588     -1199.927203813
    12 -600.5693837351      599.3383165759     -1199.907700311
    13 -600.5694388561      599.3296369256     -1199.899075782
    14 -600.5710797450      599.2994668070     -1199.870546552
    15 -600.5728673016      599.2895205547     -1199.862387856
    16 -600.5729776011      599.2992117571     -1199.872189358
    17 -600.5731125337      599.2823867279     -1199.855499262
    18 -600.5731450064      599.2703372550     -1199.843482261
    19 -600.5731482363      599.2654043117     -1199.838552548
    20 -600.5731491065      599.2657584762     -1199.838907583
    21 -600.5731490946      599.2657446640     -1199.838893759
    22 -600.5731488732      599.2658940980     -1199.839042971
    23 -600.5731490568      599.2658043365     -1199.838953393
    24 -600.5731491421      599.2657687292     -1199.838917871
$end
