$coord
    0.00000000000000      0.00000000000000      0.00000000000000  c f
   -0.00143549499971     -0.00089365000488     -3.37856577191255  cl
    0.00000000000000      0.00000000000000      8.00000000000000  f f
   -0.97106644450196      1.68134986440665      0.63340912390557  h
   -0.97077139833883     -1.68162850175652      0.63379385383550  h
    1.94173646865403     -0.00037887938763      0.63261392543265  h
$redundant
     number_of_atoms             6
     degrees_of_freedom         12
     internal_coordinates       13
     frozen_coordinates          1
# definitions of redundant internals
   1 k  1.0000000000000 stre   1    4           val=   2.04233
   2 k  1.0000000000000 stre   1    5           val=   2.04254
   3 k  1.0000000000000 stre   1    6           val=   2.04219
   4 k  1.0000000000000 stre   1    2           val=   3.37857
   5 k  1.0000000000000 stre   1    3           val=   8.00000
   6 k  0.3136083883734 bend   5    4    1      val=  47.18421
        0.3136083844361 bend   6    4    1
        0.3136083844361 bend   6    5    1
        0.3427704146183 bend   2    4    1
        0.3427704146183 bend   2    5    1
        0.3427704134069 bend   2    6    1
       -0.3427704144374 bend   3    4    1
       -0.3427704144374 bend   3    5    1
       -0.3427704137687 bend   3    6    1
   7 k -0.7858933316892 bend   5    4    1      val=   0.00930
        0.3929466677820 bend   6    4    1
        0.3929466677820 bend   6    5    1
       -0.0994455023276 bend   2    4    1
       -0.0994455023276 bend   2    5    1
        0.1988910081551 bend   2    6    1
       -0.0486844521024 bend   3    4    1
       -0.0486844521024 bend   3    5    1
        0.0973689017095 bend   3    6    1
   8 k  0.6806035908877 bend   6    4    1      val=   0.01393
       -0.6806035908877 bend   6    5    1
        0.1722446648700 bend   2    4    1
       -0.1722446648700 bend   2    5    1
        0.0843239437799 bend   3    4    1
       -0.0843239437799 bend   3    5    1
   9 k  0.0606053376064 bend   6    4    1      val=  -0.00067
       -0.0606053376064 bend   6    5    1
       -0.4881549909067 bend   2    4    1
        0.4881549909067 bend   2    5    1
        0.5079682056059 bend   3    4    1
       -0.5079682056059 bend   3    5    1
  10 k -0.0699810160793 bend   5    4    1      val=   0.00481
        0.0349905083329 bend   6    4    1
        0.0349905083329 bend   6    5    1
        0.2818364148916 bend   2    4    1
        0.2818364148916 bend   2    5    1
       -0.5636728311790 bend   2    6    1
       -0.2932755797841 bend   3    4    1
       -0.2932755797841 bend   3    5    1
        0.5865511610415 bend   3    6    1
  11 k  0.1819498423313 bend   6    4    1      val=  -0.00291
       -0.1819498423313 bend   6    5    1
       -0.4817016506892 bend   2    4    1
        0.4817016506892 bend   2    5    1
       -0.4846212692391 bend   3    4    1
        0.4846212692391 bend   3    5    1
  12 k  0.2100975799506 bend   5    4    1      val=   0.00612
       -0.1050487903432 bend   6    4    1
       -0.1050487903432 bend   6    5    1
       -0.2781105773066 bend   2    4    1
       -0.2781105773066 bend   2    5    1
        0.5562211560718 bend   2    6    1
       -0.2797962195094 bend   3    4    1
       -0.2797962195094 bend   3    5    1
        0.5595924413436 bend   3    6    1
  13 f  1.0000000000000 stre   1    3           val=   8.00000
        12 non zero eigenvalues  of BmBt
           1           4.870637030    1    0
         1
           2           3.014825428    2    0
         2
           3           3.014825424    3    0
         3
           4           1.000000000    4    0
         4
           5           0.790247547    6    0
         6
           6           0.766432488    7    0
         7
           7           0.766432487    8    0
         8
           8           0.479013633    9    0
         9
           9           0.479013632   10    0
        10
          10           0.110328082   11    0
        11
          11           0.110328081   12    0
        12
          12        1000.000000000    0    1
         0.000000000         0.000000000         0.000000000         0.000000000
         0.000000000         0.000000000         0.000000000         0.000000000
         0.000000000         0.000000000         0.000000000         0.000000000
         1.000000000
$end
