$energy      SCF               SCFKIN            SCFPOT
     1 -600.5250592206      599.7362000919     -1200.261259312
     2 -600.5524282531      599.6147485583     -1200.167176811
     3 -600.5876878770      599.4553467008     -1200.043034578
     4 -600.6061255338      599.3660399426     -1199.972165476
     5 -600.6151364477      599.3131399854     -1199.928276433
     6 -600.6188540977      599.2810220926     -1199.899876190
     7 -600.6206591633      599.2559003777     -1199.876559541
     8 -600.6242577957      599.2399845234     -1199.864242319
     9 -600.6312183510      599.2246929724     -1199.855911323
    10 -600.6389608022      599.2853271211     -1199.924287923
    11 -600.6447073852      599.3413176445     -1199.986025030
    12 -600.6500684858      599.3910717395     -1200.041140225
    13 -600.6548333988      599.4282557910     -1200.083089190
    14 -600.6587192379      599.4571841058     -1200.115903344
    15 -600.6618070287      599.4747434934     -1200.136550522
    16 -600.6635593588      599.4874010242     -1200.150960383
    17 -600.6640500475      599.4990828671     -1200.163132915
    18 -600.6641239190      599.4764103701     -1200.140534289
    19 -600.6641261115      599.4552693177     -1200.119395429
    20 -600.6641751526      599.4741126648     -1200.138287817
    21 -600.6641659148      599.4732873805     -1200.137453295
    22 -600.6641667939      599.4728363192     -1200.137003113
    23 -600.6641410832      599.4727307854     -1200.136871869
    24 -600.6641424913      599.4728010359     -1200.136943527
    25 -600.6641695740      599.4729200885     -1200.137089663
    26 -600.6641696092      599.4728683661     -1200.137037975
    27 -600.6641696435      599.4728749340     -1200.137044578
$end
