$coord
   -7.10945203702209      0.46750879460179      1.28473030582683       c
   -6.40913465304477      0.88013805281833     -1.42305447869719       c
   -4.08533276841409      1.99514071703577     -1.50053702925909       c
   -2.94133792599264      1.78931174754153      0.89835501265972       c
   -4.53977599659022      0.49843038317904      2.48218927976619       c
   -8.23756751081831     -1.20527110173857      1.66447643974875       h
   -8.18808314251886      2.10749438377539      1.95102695038251       h
   -7.77000769361115      0.86939873925208     -2.93376390368514       h
   -3.17180325497363      2.74106097185255     -3.15620167608872       h
   -1.05420072615761      2.40764525332808      1.33267454733471       h
   -4.26761764012162      0.25331778700608      4.48436166771169       h
   -4.81847469517615     -3.26932068190881     -1.32651970934680       c
   -3.88155415176507     -3.40975378913425      1.09770033182037       c
   -1.04702165661015     -3.55406461436742      0.97754398591216       c
   -0.53478493436459     -3.14670391258635     -1.77052975958888       c
   -2.71035670177963     -3.06886042433464     -3.05380119684749       c
   -6.69345717657759     -3.77445203392578     -1.91865027268929       h
   -4.89309242093313     -4.14196975009525      2.70193797189442       h
   -0.40704889697052     -5.42925118619032      1.57389808714319       h
   -0.09558612683582     -2.18359932399245      2.17809266206529       h
    1.34471021302245     -3.01532259349786     -2.52913763560640       h
   -2.92376347303362     -2.84059473656272     -5.06230227758437       h
$end
