 C        -3.74644         0.20154        0.669959
 C        -3.25412       0.0924091        -0.77637
 C        -2.08533         1.03751       -0.745795
 C        -1.54543        0.961821         0.46137
 C        -2.35006       -0.026344          1.2604
 H        -4.45146       -0.588741        0.932905
 H        -4.17112         1.17612        0.916421
 H        -3.97936        0.244989        -1.57346
 H        -1.74243         1.60243         -1.5938
 H       -0.666345         1.46211        0.826267
 H        -2.24449       0.0371184         2.34264
 C        -2.64258        -1.34385       -0.743619
 C        -2.05446        -1.43922        0.685211
 C       -0.568399        -1.78847        0.518996
 C       -0.342503        -1.71841       -0.960591
 C        -1.45943        -1.52527        -1.63879
 H        -3.43066        -2.07363       -0.948559
 H         -2.5734        -2.16767          1.3121
 H       -0.356234        -2.80266        0.873296
 H       0.0825195        -1.10558          1.0697
 H        0.639142        -1.85766        -1.38216
 H         -1.5524        -1.47903        -2.71071
