 C        -3.75296        0.202271        0.679701
 C        -3.36798         0.39423       -0.756759
 C        -2.12963         1.02424       -0.796668
 C        -1.52992        0.912651        0.444329
 C        -2.37846        0.185429         1.29177
 H        -4.31294       -0.704024         0.87847
 H        -4.34193         1.05312         1.04134
 H        -4.08411        0.388918        -1.56072
 H        -1.66633          1.4383        -1.67435
 H       -0.536089         1.24579         0.68379
 H        -2.21973       0.0635932         2.35127
 C        -2.58225        -1.62796       -0.708783
 C        -2.07693        -1.69949        0.609089
 C       -0.574073        -1.82816        0.537075
 C       -0.305448        -1.63034       -0.923177
 C        -1.45045        -1.56756        -1.60973
 H        -3.56673        -1.92338        -1.02307
 H        -2.62149        -2.10804         1.44485
 H       -0.262468        -2.83159         0.85048
 H      -0.0345403         -1.1202          1.1632
 H        0.691403        -1.59345        -1.32477
 H        -1.55068        -1.46397        -2.67597
