 C          -3.764        0.388928        0.710215
 C         -3.4081        0.649683       -0.717372
 C         -2.1707         1.16678       -0.772174
 C        -1.57243         1.10291        0.538376
 C        -2.44247        0.538497         1.39258
 H        -4.28532       -0.546065        0.899301
 H        -4.41512         1.20122         1.05186
 H        -4.12253        0.610383        -1.51946
 H        -1.66148         1.52567        -1.64867
 H       -0.570377         1.42931        0.755836
 H        -2.31862        0.422661         2.45469
 C        -2.52424        -2.00059       -0.730034
 C        -2.03605        -2.13075        0.515503
 C       -0.548815         -2.0048        0.482516
 C       -0.280284        -1.73036       -0.961073
 C        -1.43174        -1.73395        -1.64112
 H        -3.52065        -2.24908        -1.04998
 H        -2.56198        -2.52368         1.36721
 H      -0.0807063        -2.93115        0.823864
 H       -0.170329        -1.19904         1.11175
 H         0.70567        -1.54544        -1.34662
 H        -1.56139        -1.54324        -2.69147
