 C        -3.74443        0.465807        0.718973
 C        -3.40003        0.772374       -0.700623
 C        -2.15148         1.25383       -0.761521
 C        -1.55965         1.20572        0.557019
 C        -2.44376        0.684575         1.41841
 H        -4.17294       -0.523248        0.870345
 H        -4.47456         1.19673         1.08062
 H        -4.11009        0.711132        -1.50487
 H        -1.63461         1.59793        -1.63937
 H       -0.555354         1.52503        0.774664
 H        -2.32198        0.561608         2.47962
 C        -2.52765        -2.21602       -0.756599
 C        -2.03851        -2.35211        0.484107
 C       -0.573994        -2.06743        0.475821
 C       -0.316773        -1.73427       -0.956455
 C        -1.46056        -1.81527        -1.64776
 H        -3.51903        -2.47581        -1.08408
 H        -2.55033        -2.75733         1.33842
 H     -0.00314891        -2.93456        0.815329
 H       -0.303388        -1.23033         1.12124
 H        0.652007        -1.45144        -1.32566
 H        -1.60035        -1.60506        -2.69306
