 C        -3.74544        0.139317        0.679581
 C        -3.30121        0.196184       -0.763782
 C        -2.05759        0.964506       -0.795624
 C        -1.49326        0.884182        0.407506
 C        -2.35498       0.0456506         1.26322
 H        -4.33591       -0.735027        0.924959
 H        -4.30993         1.02352         0.99698
 H        -4.01661        0.227976        -1.56896
 H        -1.61999         1.37771        -1.68363
 H       -0.517062         1.24073        0.680918
 H         -2.1904      -0.0256957         2.32862
 C        -2.65436        -1.42514       -0.728805
 C        -2.10377        -1.49714        0.678563
 C       -0.600145        -1.74365        0.553218
 C       -0.348642        -1.56704       -0.916927
 C        -1.47502        -1.47015        -1.60943
 H        -3.59613        -1.85857        -1.03003
 H        -2.63003        -2.04016          1.4587
 H       -0.349005        -2.77788        0.822584
 H     -0.00511988         -1.0929         1.18958
 H        0.647475        -1.59522        -1.32377
 H        -1.55659        -1.41552           -2.68
