 C        -3.75006        0.193475        0.672716
 C        -3.34632         0.35452       -0.762978
 C        -2.10981         1.00577       -0.791181
 C        -1.52825        0.911835          0.4542
 C        -2.38186        0.177164         1.29918
 H        -4.35801       -0.681966        0.881936
 H         -4.3168         1.07222          1.0085
 H        -4.05831        0.346198        -1.57111
 H         -1.6369          1.4106        -1.66794
 H       -0.540493         1.26054        0.696658
 H        -2.23794       0.0675133         2.36226
 C        -2.59233        -1.61747       -0.703169
 C        -2.07591        -1.69305        0.617665
 C       -0.571961        -1.82863        0.526317
 C       -0.314286         -1.6195       -0.934007
 C        -1.46139        -1.56267        -1.61132
 H        -3.57428        -1.92539        -1.01503
 H         -2.6063        -2.11219         1.45643
 H       -0.255754        -2.83408        0.827607
 H      -0.0456791        -1.12225         1.16103
 H        0.679648        -1.58175        -1.34248
 H         -1.5688        -1.46501        -2.67722
