 C        -3.73822        0.510673         0.72465
 C        -3.39826        0.836602        -0.69161
 C        -2.14396         1.30083       -0.754001
 C        -1.55425         1.25496        0.566168
 C        -2.44632        0.754553         1.43104
 H         -4.1198       -0.501482        0.855395
 H        -4.50359         1.19805         1.09632
 H        -4.10644        0.766392         -1.4966
 H        -1.62347         1.63966        -1.63169
 H       -0.547846         1.56776        0.783644
 H        -2.32515        0.624635         2.49137
 C        -2.52273        -2.32773       -0.771985
 C          -2.033        -2.46103        0.467588
 C       -0.586299        -2.09766        0.472373
 C       -0.338085         -1.7349       -0.953941
 C        -1.47267        -1.86331        -1.65222
 H        -3.51024         -2.5965        -1.10383
 H         -2.5375        -2.86884         1.32492
 H       0.0333914        -2.93222        0.807413
 H       -0.371935        -1.25239         1.12907
 H        0.618044        -1.40271        -1.31456
 H        -1.61691        -1.65092        -2.69644
