 C        -3.77059        0.299914        0.692589
 C        -3.40824        0.533053       -0.738842
 C          -2.176         1.08916       -0.787207
 C        -1.56973        0.992552         0.50247
 C        -2.42423        0.363508         1.34544
 H        -4.35295       -0.595128        0.893537
 H        -4.35914         1.15762         1.03921
 H         -4.1268        0.510355        -1.53886
 H        -1.67924         1.46425        -1.66428
 H       -0.566335         1.31144        0.722676
 H        -2.28622        0.233123         2.40463
 C        -2.52981        -1.81363       -0.708346
 C        -2.04012        -1.90947         0.55351
 C       -0.543362        -1.92367        0.502332
 C       -0.269367        -1.69111       -0.947763
 C        -1.42222        -1.66033        -1.62662
 H         -3.5303        -2.04829         -1.0229
 H        -2.57605        -2.27668         1.41043
 H       -0.169441        -2.90009        0.824381
 H      -0.0735259        -1.17324         1.13647
 H        0.724249         -1.5847        -1.34368
 H        -1.54157        -1.51443        -2.68566
