 C        -3.78013         0.29708        0.701058
 C        -3.44148         0.57492        -0.72889
 C        -2.21165         1.12529       -0.787553
 C        -1.58844          1.0176        0.497606
 C        -2.43089        0.380418          1.3436
 H        -4.30896       -0.635296        0.879547
 H        -4.39845         1.11594         1.08105
 H        -4.16622        0.548188        -1.52307
 H        -1.72552         1.50953         -1.6661
 H       -0.579494         1.32489        0.707206
 H        -2.27885         0.23094         2.39776
 C        -2.50514        -1.81682       -0.720395
 C        -2.02681        -1.89996        0.546292
 C       -0.532842        -1.95312        0.503645
 C       -0.244761        -1.73784       -0.946989
 C         -1.3937        -1.68781        -1.63316
 H        -3.51084        -2.02197        -1.03907
 H        -2.58329        -2.23679          1.4012
 H       -0.192177        -2.93903        0.832534
 H      -0.0356367        -1.21774         1.13582
 H        0.752711        -1.65444        -1.33644
 H        -1.50484        -1.54865        -2.69359
