           1           2   1.02767748030648     
           2           3   1.60106112153815     
           3           4   1.30045471762472     
           1           5   1.02258217966305     
           2           5  0.114741726786601     
           4           5   1.54949315976206     
           1           6  0.963391060932768     
           1           7  0.928245389350209     
           2           8  0.974176259540172     
           3           9  0.972517679422580     
           4          10  0.972933588007464     
           5          11  0.973113392236987     
           2          12  0.172091992208999     
           5          13  0.269141702345105     
          12          13   1.54465727221714     
          13          14   1.02653907670774     
          14          15   1.03053833683617     
          12          16   1.14897755559183     
          15          16   1.79836769716593     
          12          17  0.968160759338425     
          13          18  0.968605789231691     
          14          19  0.935405333772690     
          14          20  0.951528841134346     
          15          21  0.973551551341517     
          16          22  0.971610653057588     
