$energy      SCF               SCFKIN            SCFPOT            MP2
     1 -567.0336053224      566.950677     -1133.98428     -.6810471688223
     2 -567.0339914536      566.998970     -1134.03296     -.6810145270767
     3 -567.0340284026      567.014042     -1134.04807     -.6810095451546
     4 -567.0340464187      567.017583     -1134.05163     -.6810079055543
     5 -567.0340694796      567.020529     -1134.05460     -.6810062689495
     6 -567.0340925515      567.020443     -1134.05454     -.6810033796316
     7 -567.0341223920      567.028503     -1134.06262     -.6809982280112
     8 -567.0341225117      567.028754     -1134.06288     -.6809980721433
     9 -567.0341225314      567.028813     -1134.06294     -.6809980223636
$end
