$energy      SCF               SCFKIN            SCFPOT
     1 -600.4094394668      599.8506261870     -1200.260065654
     2 -600.4459637201      599.7219806729     -1200.167944393
     3 -600.4966958903      599.5490420834     -1200.045737974
     4 -600.5256590810      599.4395421221     -1199.965201203
     5 -600.5400931801      599.3522067424     -1199.892299923
     6 -600.5444069140      599.2949575027     -1199.839364417
     7 -600.5448499280      599.2729555044     -1199.817805432
     8 -600.5449335345      599.2687256636     -1199.813659198
     9 -600.5451691382      599.2659714683     -1199.811140607
    10 -600.5456080991      599.2734688206     -1199.819076920
    11 -600.5459527280      599.2807989871     -1199.826751715
    12 -600.5470626103      599.3318002316     -1199.878862842
    13 -600.5480170864      599.3756948121     -1199.923711899
    14 -600.5488760059      599.4151688117     -1199.964044818
    15 -600.5495020311      599.4480051978     -1199.997507229
    16 -600.5497483250      599.4565686652     -1200.006316990
    17 -600.5498691764      599.4591206238     -1200.008989800
    18 -600.5500193818      599.4546074241     -1200.004626806
    19 -600.5500715045      599.4307344018     -1199.980805906
    20 -600.5500730759      599.4353680233     -1199.985441099
    21 -600.5500733206      599.4352673573     -1199.985340678
    22 -600.5500732484      599.4354974770     -1199.985570725
    23 -600.5500732721      599.4354304570     -1199.985503729
$end
