$energy      SCF               SCFKIN            SCFPOT            MP2
     1 -2792.270714142      2792.18060     -5584.45131     -.8072485917010
     2 -2792.271100252      2792.22889     -5584.49999     -.8072156358103
     3 -2792.271137081      2792.24396     -5584.51510     -.8072106271038
     4 -2792.271155102      2792.24750     -5584.51866     -.8072089778025
     5 -2792.271178347      2792.25045     -5584.52163     -.8072074007355
     6 -2792.271201254      2792.25035     -5584.52155     -.8072044621590
     7 -2792.271231205      2792.25841     -5584.52965     -.8071992081168
     8 -2792.271231333      2792.25869     -5584.52992     -.8071991652778
     9 -2792.271231345      2792.25873     -5584.52996     -.8071990650105
$end
