           1           2   1.01191163958499     
           2           3   1.93158276260549     
           4           5   1.98405696884335     
           1           6  0.992477567445931     
           5           6   1.02378928550076     
           6           7  0.963700609780416     
           6           8  0.972215812356070     
           1           9  0.938512280525297     
           1          10  0.952710385521181     
           2          11  0.930133497398517     
           4          12  0.977097751607603     
           4          13  0.974555228815482     
           5          14  0.966471297096968     
