$coord
   -5.34747111973227      2.81445849838792      0.00007701951366  c
   -5.56762646009959      0.15992919596266      0.00000021070307  c
   -3.33754963898329     -1.18753454252648      0.00015757595773  c
   -0.91560639139567     -0.22679775449407      0.00008582286469  c
   -0.69545044587914      2.42772883451616     -0.00000861165385  c
   -2.92552218996886      3.77519376520016      0.00012051085274  c
   -7.01091088458207      4.02087229811141      0.00008286425786  h
   -7.40716423952238     -0.75637895084420     -0.00029913471723  h
    0.74783969373988     -1.43319150306550      0.00005873133949  h
    1.14409196932240      3.34401352992097     -0.00027498911818  h
$redundant
     number_of_atoms            10
     degrees_of_freedom         24
     internal_coordinates       24
     frozen_coordinates          0
# definitions of redundant internals
   1 k  1.0000000000000 stre   1    7           val=   2.05486
   2 k -0.7071067811865 bend   6    7    1      val=  -0.60033
        0.7071067811865 bend   2    7    1
   3 k  1.0000000000000 outp   7    2    6    1 val=  -0.00048
   4 k  1.0000000000000 stre   2    8           val=   2.05512
   5 k -0.7071067811865 bend   3    8    2      val=  -0.58007
        0.7071067811865 bend   1    8    2
   6 k  1.0000000000000 outp   8    1    3    2 val=   0.00348
   7 k  1.0000000000000 stre   4    9           val=   2.05486
   8 k -0.7071067811865 bend   3    9    4      val=  -0.60086
        0.7071067811865 bend   5    9    4
   9 k  1.0000000000000 outp   9    5    3    4 val=  -0.00116
  10 k  1.0000000000000 stre   5   10           val=   2.05511
  11 k  0.7071067811865 bend   6   10    5      val=   0.58066
       -0.7071067811865 bend   4   10    5
  12 k  1.0000000000000 outp  10    4    6    5 val=   0.00280
  13 k  1.0000000000000 stre   1    6           val=   2.60554
  14 k  1.0000000000000 stre   6    5           val=   2.60555
  15 k  1.0000000000000 stre   5    4           val=   2.66364
  16 k  1.0000000000000 stre   4    3           val=   2.60554
  17 k  1.0000000000000 stre   3    2           val=   2.60555
  18 k  1.0000000000000 stre   2    1           val=   2.66364
  19 k -0.2886751345948 bend   1    5    6      val=  -2.71633
       -0.2886751345948 bend   6    4    5
        0.5773502691896 bend   5    3    4
       -0.2886751345948 bend   4    2    3
       -0.2886751345948 bend   3    1    2
        0.5773502691896 bend   2    6    1
  20 k  0.5000000000000 bend   1    5    6      val=   5.41053
       -0.5000000000000 bend   6    4    5
        0.5000000000000 bend   4    2    3
       -0.5000000000000 bend   3    1    2
  21 k -0.4082482904639 bend   1    5    6      val=  -0.00000
        0.4082482904639 bend   6    4    5
       -0.4082482904639 bend   5    3    4
        0.4082482904639 bend   4    2    3
       -0.4082482904639 bend   3    1    2
        0.4082482904639 bend   2    6    1
  22 k -0.2886751345948 tors   6    5    4    3 val=  -0.00566
       -0.2886751345948 tors   5    4    3    2
        0.5773502691896 tors   4    3    2    1
       -0.2886751345948 tors   3    2    1    6
       -0.2886751345948 tors   2    1    6    5
        0.5773502691896 tors   1    6    5    4
  23 k  0.5000000000000 tors   6    5    4    3 val=   0.00022
       -0.5000000000000 tors   5    4    3    2
        0.5000000000000 tors   3    2    1    6
       -0.5000000000000 tors   2    1    6    5
  24 k -0.4082482904639 tors   6    5    4    3 val=   0.00055
        0.4082482904639 tors   5    4    3    2
       -0.4082482904639 tors   4    3    2    1
        0.4082482904639 tors   3    2    1    6
       -0.4082482904639 tors   2    1    6    5
        0.4082482904639 tors   1    6    5    4
        24 non zero eigenvalues  of BmBt
           1           9.685540488    1    0
         1
           2           5.057159097    2    0
         2
           3           4.122203883    3    0
         3
           4           3.931386172    4    0
         4
           5           3.543761032    5    0
         5
           6           3.361651159    6    0
         6
           7           3.291160882    7    0
         7
           8           2.731648828    8    0
         8
           9           2.609883755    9    0
         9
          10           2.370576220   10    0
        10
          11           1.904725001   11    0
        11
          12           1.223420070   12    0
        12
          13           1.151804359   13    0
        13
          14           0.990624910   14    0
        14
          15           0.781606436   15    0
        15
          16           0.713836346   16    0
        16
          17           0.359879155   17    0
        17
          18           0.348701678   18    0
        18
          19           0.327617503   19    0
        19
          20           0.322037883   20    0
        20
          21           0.299590921   21    0
        21
          22           0.277878702   22    0
        22
          23           0.277794943   23    0
        23
          24           0.108242394   24    0
        24
$end
