$energy      SCF               SCFKIN            SCFPOT
     1 -568.0574958087      567.1180760539     -1135.175571863
     2 -568.0575011627      567.1235361616     -1135.181037324
     3 -568.0575016991      567.1255503311     -1135.183052030
     4 -568.0575019320      567.1259552399     -1135.183457172
     5 -568.0575022918      567.1263165929     -1135.183818885
     6 -568.0575027336      567.1270333932     -1135.184536127
     7 -568.0575028895      567.1272921340     -1135.184795023
     8 -568.0575029990      567.1273820962     -1135.184885095
$end
