           1           2  0.988074411478302     
           2           3   1.01279768408735     
           3           4   1.92039463169175     
           1           5  0.986945720212750     
           4           5   1.01201385818303     
           1           6  0.978331055914545     
           1           7  0.977598444376893     
           2           8  0.973363075235067     
           3           9  0.971845679408460     
           4          10  0.971924785696130     
           5          11  0.973049365345469     
           2          12  0.940328605184617     
           5          13  0.960401324493485     
          12          13  0.984333968786702     
          13          14  0.994918102151635     
          14          15   1.02386637794525     
          12          16   1.01749063160528     
          15          16   1.92518407399036     
          12          17  0.959177767103374     
          13          18  0.973756745436025     
          14          19  0.964293181381494     
          14          20  0.963075940910505     
          15          21  0.969753375957745     
          16          22  0.969417120950051     
