$energy      SCF               SCFKIN            SCFPOT            MP2
     1 -567.0315123136      566.967538     -1133.99905     -.6829859991963
     2 -567.0318978928      567.015505     -1134.04740     -.6829503771895
     3 -567.0319378928      567.030694     -1134.06263     -.6829429180079
     4 -567.0319568676      567.034036     -1134.06599     -.6829396106169
     5 -567.0319788367      567.036642     -1134.06862     -.6829366572953
     6 -567.0319987204      567.036794     -1134.06879     -.6829351461928
     7 -567.0320282996      567.044671     -1134.07670     -.6829303661374
     8 -567.0320284042      567.044993     -1134.07702     -.6829303009997
     9 -567.0320284305      567.045056     -1134.07708     -.6829302036257
$end
