$dipgrad          cartesian dipole gradients
  -.26222213792741D-02  -.19605151348949D-03  0.26822012241297D-03
  0.32760584571344D-03  -.25545194247720D-02  -.15803742525285D-03
  -.70423864974371D-04  0.54122481631915D-03  -.24817367086649D-02
  -.14046729984623D+00  0.16006143350407D-03  -.40342236092696D-04
  -.11219256965938D-02  0.72179457491084D-01  -.11106148643742D-03
  0.31365304426665D-02  -.16221356276382D-02  0.71146626225321D-01
  0.48787059018944D-01  -.52246087522734D-01  -.41379869953283D-01
  -.53175657008406D-01  -.43091366094291D-01  -.92059221914870D-01
  -.40646703425992D-01  -.92534953187773D-01  -.18343849108823D-02
  0.49563450749256D-01  0.60622493955976D-01  -.24447707262842D-01
  0.61139671182254D-01  -.91733855654593D-01  0.63801605562021D-01
  -.27709971085466D-01  0.65428196211822D-01  0.45867068148314D-01
  0.44739012458093D-01  -.83404163531291D-02  0.65599699329805D-01
  -.71696943223832D-02  0.65200284683343D-01  0.28526715264539D-01
  0.65290567933736D-01  0.28187667787274D-01  -.11269757175299D+00
$end
