$hessian (projected)
 1  1   0.5409495449  -0.0000417884   0.0000724560  -0.3154628028   0.0000121435
 1  2  -0.0000367335  -0.0751720115  -0.0663519708  -0.0530348240  -0.0751630785
 1  3   0.0791418866  -0.0309687010  -0.0751516521  -0.0127602709   0.0839678025
 2  1  -0.0000417884   0.5409399561   0.0000248172   0.0000016723  -0.0451254747
 2  2  -0.0000163024  -0.0663445184  -0.1917332087  -0.1171763345   0.0791356981
 2  3  -0.2535426931   0.0815102245  -0.0127510636  -0.0505385796   0.0356575951
 3  1   0.0000724560   0.0000248172   0.5408172411  -0.0000325714  -0.0000233352
 3  2  -0.0451065235  -0.0530333003  -0.1171729051  -0.1387461572  -0.0309713881
 3  3   0.0815125050  -0.0769832348   0.0839648039   0.0356589181  -0.2799813257
 4  1  -0.3154628028   0.0000016723  -0.0000325714   0.3424669669  -0.0000026112
 4  2   0.0000299149  -0.0089974005   0.0003655110   0.0002911120  -0.0090048753
 4  3  -0.0004376049   0.0001733885  -0.0090018883   0.0000730328  -0.0004618439
 5  1   0.0000121435  -0.0451254747  -0.0000233352  -0.0000026112   0.0445910671
 5  2   0.0000085491  -0.0245350747   0.0005670473   0.0017125381   0.0292421016
 5  3   0.0014623271  -0.0011813453  -0.0047165591  -0.0014949668  -0.0005164067
 6  1  -0.0000367335  -0.0000163024  -0.0451065235   0.0000299149   0.0000085491
 6  2   0.0445859740  -0.0196077426   0.0017142069  -0.0002137934  -0.0114353116
 6  3  -0.0011858692  -0.0011190889   0.0310498728  -0.0005205844   0.0018534317
 7  1  -0.0751720115  -0.0663445184  -0.0530333003  -0.0089974005  -0.0245350747
 7  2  -0.0196077426   0.0776872620   0.0731162078   0.0584414550   0.0032408045
 7  3   0.0080702307   0.0081153206   0.0032413456   0.0096931546   0.0060842672
 8  1  -0.0663519708  -0.1917332087  -0.1171729051   0.0003655110   0.0005670473
 8  2   0.0017142069   0.0731162078   0.2061334482   0.1291116924  -0.0101213133
 8  3  -0.0193083251  -0.0171685593   0.0029915653   0.0043410383   0.0035155650
 9  1  -0.0530348240  -0.1171763345  -0.1387461572   0.0002911120   0.0017125381
 9  2  -0.0002137934   0.0584414550   0.1291116924   0.1477651474   0.0053511236
 9  3   0.0088560465   0.0074176605  -0.0110488666  -0.0225039425  -0.0162228573
10  1  -0.0751630785   0.0791356981  -0.0309713881  -0.0090048753   0.0292421016
10  2  -0.0114353116   0.0032408045  -0.0101213133   0.0053511236   0.0776897598
10  3  -0.0871981038   0.0341166777   0.0032373896  -0.0110583826   0.0029388984
11  1   0.0791418866  -0.2535426931   0.0815125050  -0.0004376049   0.0014623271
11  2  -0.0011858692   0.0080702307  -0.0193083251   0.0088560465  -0.0871981038
11  3   0.2742488579  -0.0898262513   0.0004235915  -0.0028601668   0.0006435690
12  1  -0.0309687010   0.0815102245  -0.0769832348   0.0001733885  -0.0011813453
12  2  -0.0011190889   0.0081153206  -0.0171685593   0.0074176605   0.0341166777
12  3  -0.0898262513   0.0797194474  -0.0114366858   0.0266659313  -0.0090347841
13  1  -0.0751516521  -0.0127510636   0.0839648039  -0.0090018883  -0.0047165591
13  2   0.0310498728   0.0032413456   0.0029915653  -0.0110488666   0.0032373896
13  3   0.0004235915  -0.0114366858   0.0776748052   0.0140524660  -0.0925291242
14  1  -0.0127602709  -0.0505385796   0.0356589181   0.0000730328  -0.0014949668
14  2  -0.0005205844   0.0096931546   0.0043410383  -0.0225039425  -0.0110583826
14  3  -0.0028601668   0.0266659313   0.0140524660   0.0505526748  -0.0393003225
15  1   0.0839678025   0.0356575951  -0.2799813257  -0.0004618439  -0.0005164067
15  2   0.0018534317   0.0060842672   0.0035155650  -0.0162228573   0.0029388984
15  3   0.0006435690  -0.0090347841  -0.0925291242  -0.0393003225   0.3033855353
$end
