$vibrational normal modes
 1  1   0.0019966065   0.0029806734   0.4338378429  -0.0082214927   0.0349212650
 1  2  -0.0071741278   0.0492525631   0.1146309703   0.0081253972  -0.0000370619
 1  3  -0.0000112495  -0.0000294492   0.0093624875  -0.0669969008   0.0622442389
 2  1  -0.0215535129  -0.0373000090   0.0061918476   0.3780821916   0.0280941392
 2  2   0.0776875949   0.0469442821  -0.0281353529   0.1124153975   0.0000290262
 2  3   0.0000146954  -0.0001109219   0.0405764412  -0.0530254834  -0.0631828519
 3  1  -0.2884195716   0.1063054923  -0.0095093925  -0.0462069963   0.0525311509
 3  2   0.0823435775  -0.1049059220   0.0412260178   0.0541210558   0.0000364580
 3  3   0.0000121868   0.0000022705   0.0819500471   0.0338953470   0.0241752811
 4  1   0.0019624146   0.0029694582   0.4338367128  -0.0082024626   0.0349201223
 4  2  -0.0072255624   0.0357423738   0.0833844940   0.0059415581  -0.0000626985
 4  3   0.0000388307  -0.4997240950  -0.0880737874   0.6286769884  -0.5832269549
 5  1  -0.0362968049   0.2274765193   0.1377416489   0.5119643267  -0.5320561772
 5  2   0.1307331998  -0.2270076009   0.1358196780  -0.5430197590  -0.4952277250
 5  3  -0.0699243346  -0.0000167241   0.0088917319  -0.0116639648  -0.0138766088
 6  1   0.0856649579   0.2039900652  -0.0093972195  -0.2660726072   0.1169653276
 6  2   0.6380965685   0.5068532860  -0.1992402136  -0.2614553907   0.0696497592
 6  3  -0.4951756159  -0.0000660211   0.0179811259   0.0075126816   0.0052617786
 7  1   0.2113594830   0.2555222450   0.5307857425  -0.0390289534  -0.3396852729
 7  2   0.3590238716  -0.2577489834  -0.4764361250   0.1780271641   0.3237299429
 7  3   0.3429437997   0.1669800746  -0.2576935892   0.1176645316   0.0504924822
 8  1   0.1477413140   0.1811426390  -0.0773652575   0.4460410059   0.3439824114
 8  2  -0.0565224932  -0.2708299750   0.3069458344  -0.0627285651   0.1376715800
 8  3  -0.3089130737   0.3688878442  -0.5649823088   0.2807747772   0.0675762836
 9  1  -0.6188012859  -0.3100211895   0.0401317314  -0.1137882888  -0.1305535977
 9  2   0.0428799941   0.4715973510  -0.0626654417   0.1226223756  -0.3555865127
 9  3   0.1923324529   0.2948354520  -0.4406572841   0.2411377683   0.0703969625
10  1   0.1433869175  -0.1959959535   0.3183781298  -0.2012957410   0.5488563796
10  2   0.1371245983  -0.3508258115  -0.4112165814  -0.1825816767  -0.4585246354
10  3   0.1087641863   0.1664077218   0.0160901732  -0.1296278644  -0.2568358067
11  1   0.0792580597   0.0533690818  -0.0608214807   0.3991373103   0.2901625757
11  2  -0.0079747514   0.0700002097  -0.2402888782  -0.1654003218  -0.1090497961
11  3   0.2130282480  -0.4383329258  -0.0280853942   0.2909887764   0.6985405558
12  1  -0.1679144656   0.5312536673  -0.0687720207   0.1950304070   0.2237133629
12  2  -0.2767312366   0.3908549982  -0.0519656784  -0.4094797750   0.1662601036
12  3   0.4389856808   0.1714375835   0.0324832039  -0.1109101725  -0.2733483235
13  1  -0.3487899536  -0.0505904596   0.4523508831   0.2156810086  -0.1044183019
13  2  -0.5177197292  -0.0140698907  -0.5616948412  -0.0982107253   0.1352990275
13  3  -0.4516127651   0.1666872204   0.2181121348   0.1816333442   0.0478568448
14  1  -0.2769672059  -0.6112795583   0.0252260567   0.1551530039   0.0102421773
14  2   0.2445507360  -0.1315590581   0.1327892411  -0.5684132475   0.4662600596
14  3   0.1656340477   0.0707835705   0.1006598725   0.0717615126   0.0006578833
15  1  -0.4526237698   0.0000000000   0.0000000000   0.0000000000   0.0000000000
15  2  -0.0748649405  -0.1192279888  -0.1773852354  -0.0966033475   0.1192422100
15  3  -0.1362877382  -0.4662340703  -0.5863383991  -0.5416432681  -0.0903873715
$end
