$energy      SCF               SCFKIN            SCFPOT            MP2
     1 -567.0336053941      566.950666     -1133.98427     -.6810559409308
     2 -567.0339915083      566.998955     -1134.03295     -.6810232575972
     3 -567.0340284670      567.014026     -1134.04805     -.6810182585364
     4 -567.0340464856      567.017567     -1134.05161     -.6810166136736
     5 -567.0340695595      567.020508     -1134.05458     -.6810149735588
     6 -567.0340926157      567.020437     -1134.05453     -.6810120881127
     7 -567.0341224561      567.028489     -1134.06261     -.6810069445987
     8 -567.0341225743      567.028739     -1134.06286     -.6810067937516
     9 -567.0341225938      567.028797     -1134.06292     -.6810067400452
$end
