$energy      SCF               SCFKIN            SCFPOT            MP2
     1 -2792.270714078      2792.18060     -5584.45132     -.8072471150085
     2 -2792.271100190      2792.22890     -5584.50000     -.8072141674447
     3 -2792.271137019      2792.24397     -5584.51510     -.8072091621261
     4 -2792.271155040      2792.24751     -5584.51866     -.8072075140608
     5 -2792.271178282      2792.25046     -5584.52164     -.8072059382880
     6 -2792.271201189      2792.25036     -5584.52156     -.8072029983537
     7 -2792.271231142      2792.25842     -5584.52965     -.8071977432692
     8 -2792.271231271      2792.25870     -5584.52993     -.8071977002846
     9 -2792.271231283      2792.25873     -5584.52996     -.8071976000720
$end
