$energy      SCF               SCFKIN            SCFPOT            MP2
     1 -2792.270555668      2792.18232     -5584.45288     -.8078454709462
     2 -2792.270941473      2792.23049     -5584.50143     -.8078110383358
     3 -2792.270979054      2792.24554     -5584.51652     -.8078052652559
     4 -2792.270997708      2792.24911     -5584.52011     -.8078033024635
     5 -2792.271021213      2792.25207     -5584.52309     -.8078015525548
     6 -2792.271043632      2792.25202     -5584.52307     -.8077992498538
     7 -2792.271073126      2792.26005     -5584.53112     -.8077947356524
     8 -2792.271073250      2792.26033     -5584.53140     -.8077947320858
     9 -2792.271073269      2792.26038     -5584.53146     -.8077946252788
$end
