$coord
    0.00000000000000      0.00000000000000      0.00000000000000  c f
   -0.00161164572164     -0.00000007053913     -3.45024229526451  cl
    0.00000000000000      0.00000000000000      5.25000000000000  f f
   -0.96086280251906      1.66602808486043      0.66780500101786  h
   -0.96086278389355     -1.66602799387032      0.66780497015452  h
    1.92439745798026      0.00000002852245      0.66442984285419  h
$redundant
     number_of_atoms             6
     degrees_of_freedom         12
     internal_coordinates       13
     frozen_coordinates          1
# definitions of redundant internals
   1 k  1.0000000000000 stre   1    4           val=   2.03590
   2 k  1.0000000000000 stre   1    5           val=   2.03590
   3 k  1.0000000000000 stre   1    6           val=   2.03587
   4 k  1.0000000000000 stre   1    2           val=   3.45024
   5 k  1.0000000000000 stre   1    3           val=   5.25000
   6 k  0.3136083884091 bend   5    4    1      val=  47.58664
        0.3136083844182 bend   6    4    1
        0.3136083844182 bend   6    5    1
        0.3427704146187 bend   2    4    1
        0.3427704146187 bend   2    5    1
        0.3427704134060 bend   2    6    1
       -0.3427704143960 bend   3    4    1
       -0.3427704143960 bend   3    5    1
       -0.3427704138515 bend   3    6    1
   7 k -0.7784495016049 bend   5    4    1      val=  -0.00284
        0.3892247527663 bend   6    4    1
        0.3892247527663 bend   6    5    1
       -0.0916221908769 bend   2    4    1
       -0.0916221908769 bend   2    5    1
        0.1832443852721 bend   2    6    1
       -0.0823172738384 bend   3    4    1
       -0.0823172738384 bend   3    5    1
        0.1646345453382 bend   3    6    1
   8 k -0.6741570448578 bend   6    4    1      val=   0.00000
        0.6741570448578 bend   6    5    1
       -0.1586942917903 bend   2    4    1
        0.1586942917903 bend   2    5    1
       -0.1425777002965 bend   3    4    1
        0.1425777002965 bend   3    5    1
   9 k -0.0051940981834 bend   6    4    1      val=  -0.00000
        0.0051940981834 bend   6    5    1
       -0.4602269544334 bend   2    4    1
        0.4602269544334 bend   2    5    1
        0.5368092508117 bend   3    4    1
       -0.5368092508117 bend   3    5    1
  10 k  0.0059976272358 bend   5    4    1      val=   0.04071
       -0.0029988134651 bend   6    4    1
       -0.0029988134651 bend   6    5    1
        0.2657121554791 bend   2    4    1
        0.2657121554791 bend   2    5    1
       -0.5314243124154 bend   2    6    1
       -0.3099269649342 bend   3    4    1
       -0.3099269649342 bend   3    5    1
        0.6198539316255 bend   3    6    1
  11 k  0.2132728304607 bend   6    4    1      val=  -0.00000
       -0.2132728304607 bend   6    5    1
       -0.5128423463075 bend   2    4    1
        0.5128423463075 bend   2    5    1
       -0.4376156162903 bend   3    4    1
        0.4376156162903 bend   3    5    1
  12 k  0.2462662510422 bend   5    4    1      val=   0.00700
       -0.1231331259649 bend   6    4    1
       -0.1231331259649 bend   6    5    1
       -0.2960896662688 bend   2    4    1
       -0.2960896662688 bend   2    5    1
        0.5921793340170 bend   2    6    1
       -0.2526574932370 bend   3    4    1
       -0.2526574932370 bend   3    5    1
        0.5053149887160 bend   3    6    1
  13 f  1.0000000000000 stre   1    3           val=   5.25000
        12 non zero eigenvalues  of BmBt
           1           4.870637030    1    0
         1
           2           3.055436205    2    0
         2
           3           3.055436201    3    0
         3
           4           1.000000000    4    0
         4
           5           0.790247547    6    0
         6
           6           0.764872001    7    0
         7
           7           0.764872001    8    0
         8
           8           0.503177640    9    0
         9
           9           0.503177639   10    0
        10
          10           0.136824931   11    0
        11
          11           0.136824930   12    0
        12
          12        1000.000000000    0    1
         0.000000000         0.000000000         0.000000000         0.000000000
         0.000000000         0.000000000         0.000000000         0.000000000
         0.000000000         0.000000000         0.000000000         0.000000000
         1.000000000
$end
