$energy      SCF               SCFKIN            SCFPOT
     1 -600.3974190826      599.7569284484     -1200.154347531
     2 -600.4298051715      599.6331348997     -1200.062940071
     3 -600.4735714189      599.4685735719     -1199.942144991
     4 -600.4977416539      599.3673989545     -1199.865140608
     5 -600.5096639653      599.2936096484     -1199.803273614
     6 -600.5137427991      599.2457586075     -1199.759501407
     7 -600.5147096181      599.2200960147     -1199.734805633
     8 -600.5158936824      599.2067437919     -1199.722637474
     9 -600.5183694155      599.2122947278     -1199.730664143
    10 -600.5224078605      599.2137326125     -1199.736140473
    11 -600.5277779938      599.2195585843     -1199.747336578
    12 -600.5321416755      599.2835680907     -1199.815709766
    13 -600.5360159625      599.3476128858     -1199.883628848
    14 -600.5394958349      599.3868185800     -1199.926314415
    15 -600.5427167991      599.4082610187     -1199.950977818
    16 -600.5453268305      599.4119356758     -1199.957262506
    17 -600.5470198541      599.4233545476     -1199.970374402
    18 -600.5463125495      599.4856066775     -1200.031919227
    19 -600.5477066221      599.4478574270     -1199.995564049
    20 -600.5478144073      599.4339214833     -1199.981735891
    21 -600.5478199336      599.4291217693     -1199.976941703
    22 -600.5478227535      599.4310035884     -1199.978826342
    23 -600.5478268079      599.4323039914     -1199.980130799
    24 -600.5478267065      599.4321929564     -1199.980019663
    25 -600.5478264996      599.4320115455     -1199.979838045
    26 -600.5478264757      599.4321126881     -1199.979939164
$end
