$energy      SCF               SCFKIN            SCFPOT            MP2
     1 -567.0334768295      566.951876     -1133.98535     -.6815394780483
     2 -567.0338627902      567.000060     -1134.03392     -.6815054870775
     3 -567.0339004027      567.015108     -1134.04901     -.6814997530139
     4 -567.0339188390      567.018665     -1134.05258     -.6814977372829
     5 -567.0339423119      567.021624     -1134.05557     -.6814959383795
     6 -567.0339649791      567.021516     -1134.05548     -.6814934540283
     7 -567.0339945265      567.029578     -1134.06357     -.6814886189649
     8 -567.0339946525      567.029861     -1134.06386     -.6814884982177
     9 -567.0339946650      567.029900     -1134.06389     -.6814883987195
$end
