$coord
  -12.21787858110433      3.64734653079982      1.85850619097368       c
  -11.32183183730495      4.92421246300540     -0.08540911955340       c
   -8.84191050021445      6.30925867016183     -0.12291706066534       c
   -7.27105057176353      5.87116997937930      1.98450794940797       o
   -6.03026584578325      3.63670249785141      2.11515846814819       c
   -6.13925306148497      1.68016648842084      0.56211611612698       c
  -14.02037860655652      2.70769439154831      1.78429683164165       h
  -11.17900727362652      3.49116744196544      3.60214894984663       h
  -12.37939511663246      5.08409234171108     -1.82903007563942       h
   -9.20883866077607      8.34940236080753     -0.10116039381899       h
   -7.82286984555074      5.86406258237015     -1.87923751215085       h
   -4.81705438439095      3.64122168534026      3.76220912927088       h
   -7.35080824058228      1.61354854784428     -1.06696224584374       h
   -4.99654112110741      0.04168082795490      0.91451057620739       h
$end
