$coord
   -9.12176392041845      4.87229977208616     -0.00000182249388  c
   -7.05702259703067      4.87236261754453     -0.00001462687365  h
   -9.81005077443808      4.03253174956392      1.75621249440332  h
   -9.81003405457635      3.77120911231010     -1.60543631136433  h
   -9.80995213029810      6.81309557041464     -0.15074083641022  h
$redundant
     number_of_atoms             5
     degrees_of_freedom          9
     internal_coordinates        9
     frozen_coordinates          0
# definitions of redundant internals
   1 k  1.0000000000000 stre   1    4           val=   2.06483
   2 k  1.0000000000000 stre   1    2           val=   2.06474
   3 k  1.0000000000000 stre   1    5           val=   2.06471
   4 k  1.0000000000000 stre   1    3           val=   2.06476
   5 k -0.1158671200955 bend   2    4    1      val=   0.00017
       -0.5530774327701 bend   5    4    1
       -0.4250652271100 bend   5    2    1
        0.4250690242063 bend   3    4    1
        0.5530734179302 bend   3    2    1
        0.1158699080109 bend   3    5    1
   6 k -0.6166229791334 bend   2    4    1      val=  -0.00121
       -0.1202382721011 bend   5    4    1
        0.3245356109068 bend   5    2    1
       -0.3245307467954 bend   3    4    1
        0.1202406793182 bend   3    2    1
        0.6166177666932 bend   3    5    1
   7 k  0.3261221479416 bend   2    4    1      val=  -0.00032
       -0.4238543973920 bend   5    4    1
        0.4625979359515 bend   5    2    1
       -0.4625964317555 bend   3    4    1
        0.4238484805881 bend   3    2    1
       -0.3261164683314 bend   3    5    1
   8 k -0.5258594820013 bend   2    4    1      val=  -0.00018
        0.0565320965546 bend   5    4    1
        0.4693306112984 bend   5    2    1
        0.4693314651709 bend   3    4    1
        0.0565329741013 bend   3    2    1
       -0.5258675719100 bend   3    5    1
   9 k -0.2383274422644 bend   2    4    1      val=   0.00210
        0.5745714418485 bend   5    4    1
       -0.3362461661995 bend   5    2    1
       -0.3362467779575 bend   3    4    1
        0.5745803608838 bend   3    2    1
       -0.2383311087369 bend   3    5    1
         9 non zero eigenvalues  of BmBt
           1           3.315622271    1    0
         1
           2           3.315619076    2    0
         2
           3           3.315617276    3    0
         3
           4           1.000000000    4    0
         4
           5           0.686216068    5    0
         5
           6           0.686215509    6    0
         6
           7           0.686215048    7    0
         7
           8           0.682569022    8    0
         8
           9           0.682568769    9    0
         9
$end
