$dipgrad          cartesian dipole gradients
  0.31949592284459D-01  0.30806888151804D-03  -.14434614068341D-03
  -.72492314948315D-04  0.31806644890974D-01  0.55048255333983D-03
  0.20648977933978D-03  0.23657688570860D-05  0.32001829198322D-01
  -.15240138624511D+00  -.56747681763024D-04  0.80198053247341D-04
  0.53273471819046D-02  0.61307571118092D-01  -.13004435085187D-03
  -.16586221071094D-02  0.81906889085823D-03  0.64608409861893D-01
  0.43505215964135D-01  -.31400742224034D-01  0.61170656638029D-01
  -.33350316801807D-01  0.30472364803754D-01  0.74948017720141D-01
  0.60698104516414D-01  0.75124319254557D-01  -.92451146631797D-01
  0.41682345427447D-01  -.39187608946254D-01  -.56076201972225D-01
  -.38384972078588D-01  0.26969408469759D-02  -.90199203481987D-01
  -.56925278144512D-01  -.89548714850061D-01  -.66738265033035D-01
  0.35264233569779D-01  0.70337029970706D-01  -.50303065783667D-02
  0.66480434013572D-01  -.12628352065884D+00  0.14830747559357D-01
  -.23206940441543D-02  0.13602960935804D-01  0.62579173605644D-01
$end
