$grad          cartesian gradients
  cycle =      1    SCF energy =      -40.5410218450   |dE/dxyz| =  0.020789
   -9.12176469535233      4.87229976438387      0.00000000000000      c
   -7.02530253269250      4.87229976438387      0.00000000000000      h
   -9.82058541623894      4.01959864516898      1.78318336571937      h
   -9.82058541623894      3.75437558357776     -1.63003996057970      h
   -9.82058541623894      6.84292506440487     -0.15312450787843      h
  -.72424838698376D-05  -.25552051246186D-04  -.14921710850491D-04
  0.10398232837172D-01  -.45220772428595D-05  0.45799171171385D-05
  -.34664499245909D-02  -.42292570867829D-02  0.88439564709148D-02
  -.34566621012881D-02  -.55309971433704D-02  -.80627047307776D-02
  -.34763449837949D-02  0.97834329711513D-02  -.77174781037715D-03
  cycle =      2    SCF energy =      -40.5416609577   |dE/dxyz| =  0.004005
   -9.12176347369313      4.87230736727556      0.00000208634184      c
   -7.05111119573320      4.87233029885939     -0.00000032920737      h
   -9.81199601400464      4.03011829477773      1.76124137812130      h
   -9.81200033599806      3.76809016870968     -1.61002211932115      h
   -9.81195245733262      6.81865269229699     -0.15120211867338      h
  -.31375415794899D-05  -.48986825723629D-05  -.23746721406412D-05
  0.20020254285590D-02  -.46481102403840D-05  0.46932828640690D-05
  -.67066857792790D-03  -.81216802289612D-03  0.17045393980036D-02
  -.66551168122214D-03  -.10682899275907D-02  -.15521443240741D-02
  -.67211863601834D-03  0.18834863526445D-02  -.15567005212068D-03
  cycle =      3    SCF energy =      -40.5416832000   |dE/dxyz| =  0.000191
   -9.12176344026955      4.87230623410452      0.00000109684148      c
   -7.05727101632244      4.87234825367468     -0.00000614678085      h
   -9.80995510966436      4.03263038618624      1.75600409535890      h
   -9.80995177051054      3.77135328118106     -1.60524558738517      h
   -9.80988213999475      6.81286066677285     -0.15073456077312      h
  -.17170236597808D-05  0.11663152797436D-05  0.10237396755319D-05
  -.97082157821560D-04  -.36732078459627D-05  0.42241893051414D-05
  0.27295952199968D-04  0.42064823427432D-04  -.79908710153315D-04
  0.31862688806374D-04  0.45962456788895D-04  0.74588923458865D-04
  0.29888094179621D-04  -.91491291684856D-04  -.82623072701279D-06
  cycle =      4    SCF energy =      -40.5416832761   |dE/dxyz| =  0.000250
   -9.12176396671038      4.87230049822509     -0.00000153985659      c
   -7.05665418142508      4.87236021519660     -0.00001361890385      h
   -9.81017174278474      4.03238102090614      1.75652618492730      h
   -9.81015649940099      3.77101496936593     -1.60572214549471      h
   -9.81007708644045      6.81344211822559     -0.15076998341092      h
  -.20648733910500D-05  -.13048353805778D-05  -.39123672127689D-06
  0.12290815770369D-03  -.23585501774497D-05  0.36512329179980D-05
  -.46957248920003D-04  -.47094057400839D-04  0.10704979110338D-03
  -.40992152402893D-04  -.71416226205059D-04  -.95254078768536D-04
  -.42607167178035D-04  0.11613989155884D-03  -.15961642179523D-04
$end
