$hessian (projected)
 1  1   0.5308905926  -0.0000282534  -0.0000247364  -0.3085570290  -0.0000159887
 1  2   0.0000171222  -0.0740966081  -0.0357466476   0.0747884474  -0.0741109177
 1  3  -0.0468750024  -0.0683635867  -0.0741260378   0.0826658921  -0.0064172464
 2  1  -0.0000282534   0.5308096627   0.0000860975  -0.0000142433  -0.0447738195
 2  2  -0.0000195450  -0.0357481500  -0.0884019008   0.0911908441  -0.0468701981
 2  3  -0.1197197657  -0.1093182706   0.0826608448  -0.2779141768   0.0180608741
 3  1  -0.0000247364   0.0000860975   0.5306956466   0.0000072807  -0.0000152866
 3  2  -0.0447716189   0.0747729390   0.0912050895  -0.2355340271  -0.0683438319
 3  3  -0.1093027864  -0.2041830066  -0.0064116514   0.0180268860  -0.0462069940
 4  1  -0.3085570290  -0.0000142433   0.0000072807   0.3362105677   0.0000113511
 4  2  -0.0000074831  -0.0092211635   0.0003138148  -0.0006518613  -0.0092147066
 4  3   0.0004077888   0.0005944169  -0.0092176686  -0.0007187113   0.0000576468
 5  1  -0.0000159887  -0.0447738195  -0.0000152866   0.0000113511   0.0446914721
 5  2   0.0000078333  -0.0136205810  -0.0010118111  -0.0012792374  -0.0178632274
 5  3  -0.0005729371   0.0015386768   0.0314884459   0.0016670956  -0.0002519860
 6  1   0.0000171222  -0.0000195450  -0.0447716189  -0.0000074831   0.0000078333
 6  2   0.0446888354   0.0284858298  -0.0012830310   0.0010632538  -0.0260474844
 6  3   0.0015361003   0.0006213359  -0.0024479844  -0.0002413575  -0.0016018062
 7  1  -0.0740966081  -0.0357481500   0.0747729390  -0.0092211635  -0.0136205810
 7  2   0.0284858298   0.0770770221   0.0395167911  -0.0826475748   0.0031187764
 7  3   0.0059595489  -0.0098101184   0.0031219730   0.0038923911  -0.0108010756
 8  1  -0.0357466476  -0.0884019008   0.0912050895   0.0003138148  -0.0010118111
 8  2  -0.0012830310   0.0395167911   0.0928892262  -0.1008107986   0.0074037399
 8  3   0.0076832868  -0.0153490376  -0.0114876982  -0.0111588010   0.0262377777
 9  1   0.0747884474   0.0911908441  -0.2355340271  -0.0006518613  -0.0012792374
 9  2   0.0010632538  -0.0826475748  -0.1008107986   0.2555203258   0.0087705397
 9  3   0.0110207391  -0.0199581779  -0.0002595510  -0.0001215471  -0.0010913747
10  1  -0.0741109177  -0.0468701981  -0.0683438319  -0.0092147066  -0.0178632274
10  2  -0.0260474844   0.0031187764   0.0074037399   0.0087705397   0.0770844629
10  3   0.0518068929   0.0755478158   0.0031223849   0.0055227926   0.0100729608
11  1  -0.0468750024  -0.1197197657  -0.1093027864   0.0004077888  -0.0005729371
11  2   0.0015361003   0.0059595489   0.0076832868   0.0110207391   0.0518068929
11  3   0.1275418707   0.1208214290  -0.0112992281  -0.0149324547  -0.0240754819
12  1  -0.0683635867  -0.1093182706  -0.2041830066   0.0005944169   0.0015386768
12  2   0.0006213359  -0.0098101184  -0.0153490376  -0.0199581779   0.0755478158
12  3   0.1208214290   0.2208634558   0.0020314724   0.0023072024   0.0026563927
13  1  -0.0741260378   0.0826608448  -0.0064116514  -0.0092176686   0.0314884459
13  2  -0.0024479844   0.0031219730  -0.0114876982  -0.0002595510   0.0031223849
13  3  -0.0112992281   0.0020314724   0.0770993485  -0.0913623644   0.0070877145
14  1   0.0826658921  -0.2779141768   0.0180268860  -0.0007187113   0.0016670956
14  2  -0.0002413575   0.0038923911  -0.0111588010  -0.0001215471   0.0055227926
14  3  -0.0149324547   0.0023072024  -0.0913623644   0.3023383369  -0.0199711838
15  1  -0.0064172464   0.0180608741  -0.0462069940   0.0000576468  -0.0002519860
15  2  -0.0016018062  -0.0108010756   0.0262377777  -0.0010913747   0.0100729608
15  3  -0.0240754819   0.0026563927   0.0070877145  -0.0199711838   0.0462437821
$end
