$vibrational normal modes
 1  1   0.0270869525   0.4051685493  -0.0680787051  -0.0161636558   0.0417871351
 1  2   0.0316864908  -0.0055106890   0.1219318506  -0.0285790877  -0.0000643260
 1  3  -0.0000432679   0.0000570747  -0.0017679899   0.0725584478   0.0557768908
 2  1   0.4260828977  -0.0359997149   0.0078889737   0.0018132061   0.0417481210
 2  2  -0.0035535372   0.1125735319  -0.0077209058  -0.0546337234  -0.0000043046
 2  3  -0.0000383892   0.0002639880  -0.0025689003   0.0557224155  -0.0725617745
 3  1   0.0123321775   0.0648606878   0.3012113321   0.0477933925  -0.0462001263
 3  2   0.1217163325  -0.0549161633  -0.0280591931  -0.1091523390  -0.0000400512
 3  3  -0.0000315423  -0.0000101827  -0.0914701024  -0.0029611000   0.0009402464
 4  1   0.0270883871   0.4051635732  -0.0680873804  -0.0161730580   0.0417828326
 4  2   0.0317022648  -0.0038402727   0.0858600059  -0.0201246812  -0.0000867099
 4  3  -0.0000369544   0.4995465773   0.0166887369  -0.6843408734  -0.5240719232
 5  1   0.3483877514   0.0958524774   0.3255448500   0.2498415829   0.2856238474
 5  2  -0.4897716804  -0.5425940845   0.0374753807   0.2631002684   0.2115790077
 5  3   0.4532032672   0.0001228505  -0.0006104005   0.0133546448  -0.0174153547
 6  1  -0.1376799369  -0.0903955329   0.4613851418  -0.2509791980   0.4569687615
 6  2   0.2789067015   0.2647977463   0.1350982251   0.5263226114  -0.4528216053
 6  3   0.2116830580   0.0000149805  -0.0219738552  -0.0006977081   0.0002814665
 7  1   0.1230817011   0.5908491781  -0.0751280195   0.3388530200  -0.2870009706
 7  2  -0.2997624987   0.1935376703  -0.4749982591   0.2505084014  -0.4710182414
 7  3  -0.0041513058  -0.1671241771  -0.2456526872  -0.1411520333   0.0507603079
 8  1   0.5083858199   0.0255637920   0.1262496033  -0.4793074096  -0.2331106370
 8  2  -0.0882834731  -0.3390209829   0.1750289328   0.4008562874   0.0761708143
 8  3  -0.4502549037  -0.2037203234  -0.2997631961  -0.1800472857   0.0283328332
 9  1   0.0893087084   0.1670695120   0.3550450359  -0.0431273998  -0.3064861986
 9  2  -0.0486987872  -0.1612216079  -0.1533270240   0.2393057632  -0.1482632330
 9  3  -0.2169251018   0.4263347273   0.6036951703   0.4037033347  -0.0952066350
10  1  -0.1309862769   0.3547672890   0.2258715121  -0.1162169549   0.5630734020
10  2  -0.1053900398   0.0549776303  -0.5607038996  -0.0896780617   0.2396210092
10  3  -0.4059196303  -0.1672159966   0.2348216208  -0.1483300151   0.0752813894
11  1   0.4004213244  -0.1764100372  -0.3029997761   0.2833678310   0.1373982636
11  2   0.3841477060  -0.4969703951   0.0803710089  -0.1001767431  -0.4032218517
11  3  -0.1282479134  -0.2674011876   0.3756108036  -0.2515923463   0.0816281851
12  1   0.0977002211   0.1827690658   0.3884148550  -0.1024173273  -0.3352840164
12  2  -0.0854229422   0.3312272243   0.1987025585  -0.0046572792   0.1736703517
12  3   0.2619742922  -0.3899683184   0.5267091911  -0.3870754801   0.1446847162
13  1   0.0891660324   0.2698962655  -0.3549730995  -0.2711135726  -0.1507135446
13  2   0.5001940954  -0.1790086762  -0.5031194901   0.1998478393   0.2322504626
13  3   0.4106234788  -0.1658865155   0.0152100115   0.1092035380  -0.2666171370
14  1   0.4471377406  -0.0890036564  -0.1172358020  -0.0466560000  -0.0229225346
14  2   0.1796902748   0.0371392120  -0.2008716342   0.0872453636   0.1155233242
14  3   0.1257570020   0.4678529330  -0.0446257331  -0.2457132379   0.7721133612
15  1   0.0000000000   0.0000000000   0.0000000000   0.5876980470   0.0000000000
15  2   0.3420800575   0.2195874181   0.1538845816   0.5397076114   0.4278917439
15  3  -0.2563563851  -0.0362600507  -0.0184564791   0.0193548484  -0.0609636912
$end
