$energy      SCF               SCFKIN            SCFPOT
     1 -568.0574677626      567.1238793062     -1135.181347069
     2 -568.0574732959      567.1293508819     -1135.186824178
     3 -568.0574739930      567.1315419298     -1135.189015923
     4 -568.0574742772      567.1319259378     -1135.189400215
     5 -568.0574746387      567.1321855281     -1135.189660167
     6 -568.0574749370      567.1322506438     -1135.189725581
     7 -568.0574754035      567.1332325654     -1135.190707969
     8 -568.0574754404      567.1333454564     -1135.190820897
$end
