$energy      SCF               SCFKIN            SCFPOT
     1 -568.0575506619      567.1188809698     -1135.176431632
     2 -568.0575560529      567.1243414172     -1135.181897470
     3 -568.0575566206      567.1263659881     -1135.183922609
     4 -568.0575568829      567.1267828501     -1135.184339733
     5 -568.0575572918      567.1271530763     -1135.184710368
     6 -568.0575577976      567.1278994750     -1135.185457273
     7 -568.0575579504      567.1281523233     -1135.185710274
     8 -568.0575580441      567.1282370928     -1135.185795137
$end
