$energy      SCF               SCFKIN            SCFPOT            MP2
     1 -2792.270714364      2792.18050     -5584.45122     -.8073199020446
     2 -2792.271100402      2792.22878     -5584.49988     -.8072867616238
     3 -2792.271137273      2792.24384     -5584.51498     -.8072816593781
     4 -2792.271155341      2792.24739     -5584.51855     -.8072799764955
     5 -2792.271178657      2792.25035     -5584.52153     -.8072783691441
     6 -2792.271201527      2792.25024     -5584.52144     -.8072755073190
     7 -2792.271231387      2792.25830     -5584.52953     -.8072703287821
     8 -2792.271231510      2792.25856     -5584.52979     -.8072702726331
     9 -2792.271231529      2792.25862     -5584.52985     -.8072702096624
$end
