$energy      SCF               SCFKIN            SCFPOT            MP2
     1 -2792.270713948      2792.18062     -5584.45133     -.8072428154587
     2 -2792.271100071      2792.22892     -5584.50002     -.8072098937396
     3 -2792.271136892      2792.24399     -5584.51513     -.8072048986578
     4 -2792.271154910      2792.24753     -5584.51868     -.8072032544351
     5 -2792.271178150      2792.25048     -5584.52166     -.8072016816827
     6 -2792.271201061      2792.25038     -5584.52158     -.8071987374915
     7 -2792.271231016      2792.25844     -5584.52967     -.8071934813652
     8 -2792.271231145      2792.25872     -5584.52995     -.8071934397344
     9 -2792.271231155      2792.25876     -5584.52999     -.8071933376800
$end
