$hessian (projected)
 1  1   0.4478015432   0.1290263668   0.0000000000  -0.4478015432  -0.1290263668
 1  2   0.0000000000
 2  1   0.1290263668   0.0371767440   0.0000000000  -0.1290263668  -0.0371767440
 2  2   0.0000000000
 3  1   0.0000000000   0.0000000000   0.0000000000   0.0000000000   0.0000000000
 3  2   0.0000000000
 4  1  -0.4478015432  -0.1290263668   0.0000000000   0.4478015432   0.1290263668
 4  2   0.0000000000
 5  1  -0.1290263668  -0.0371767440   0.0000000000   0.1290263668   0.0371767440
 5  2   0.0000000000
 6  1   0.0000000000   0.0000000000   0.0000000000   0.0000000000   0.0000000000
 6  2   0.0000000000
$end
