$vibrational normal modes
 1  1   0.0164043250  -0.0083384456   0.0000000000   0.7080003081   0.0000000000
 1  2   0.0604178672
 2  1   0.0047266261   0.9630617917   0.0000000000  -0.0063037541   0.0000000000
 2  2   0.0174083766
 3  1   0.0000000000   0.0000000000   1.0000000000   0.0000000000   0.0000000000
 3  2   0.0000000000
 4  1  -0.2603840964   0.2691513620   0.0000000000   0.7061839890   0.0000000000
 4  2  -0.9590063446
 5  1   0.9653541731   0.0000000000   0.0000000000   0.0000000000   0.0000000000
 5  2  -0.2763212997
 6  1   0.0000000000   0.0000000000   0.0000000000   0.0000000000   1.0000000000
 6  2   0.0000000000
$end
