$coord
   -5.32134116303344      2.79426303506792      0.00003731889558  c
   -5.53877561296862      0.17498470118837      0.00007788130003  c
   -3.33746256296850     -1.18689649056860      0.00038219332032  c
   -0.94172942860726     -0.20660486969289      0.00005355321468  c
   -0.72430168815038      2.41267346800645      0.00006099521916  c
   -2.92561362322858      3.77453238780633      0.00030503548475  c
   -6.96237310176631      3.98682753896035     -0.00023559012417  h
   -7.35399277572964     -0.73066462199388     -0.00022308440755  h
    0.69931254565895     -1.39915769202810     -0.00028519345278  h
    1.09090770369275      3.31833591442305     -0.00017310945006  h
$redundant
     number_of_atoms            10
     degrees_of_freedom         24
     internal_coordinates       24
     frozen_coordinates          0
# definitions of redundant internals
   1 k  1.0000000000000 stre   1    7           val=   2.02859
   2 k -0.7071067811865 bend   6    7    1      val=  -0.23965
        0.7071067811865 bend   2    7    1
   3 k  1.0000000000000 outp   7    2    6    1 val=  -0.00118
   4 k  1.0000000000000 stre   2    8           val=   2.02860
   5 k -0.7071067811865 bend   3    8    2      val=  -0.23986
        0.7071067811865 bend   1    8    2
   6 k  1.0000000000000 outp   8    1    3    2 val=   0.00288
   7 k  1.0000000000000 stre   4    9           val=   2.02860
   8 k -0.7071067811865 bend   3    9    4      val=  -0.23980
        0.7071067811865 bend   5    9    4
   9 k  1.0000000000000 outp   9    5    3    4 val=  -0.00243
  10 k  1.0000000000000 stre   5   10           val=   2.02860
  11 k  0.7071067811865 bend   6   10    5      val=   0.23971
       -0.7071067811865 bend   4   10    5
  12 k  1.0000000000000 outp  10    4    6    5 val=   0.00158
  13 k  1.0000000000000 stre   1    6           val=   2.58852
  14 k  1.0000000000000 stre   6    5           val=   2.58852
  15 k  1.0000000000000 stre   5    4           val=   2.62829
  16 k  1.0000000000000 stre   4    3           val=   2.58853
  17 k  1.0000000000000 stre   3    2           val=   2.58853
  18 k  1.0000000000000 stre   2    1           val=   2.62829
  19 k -0.2886751345948 bend   1    5    6      val=  -2.25101
       -0.2886751345948 bend   6    4    5
        0.5773502691896 bend   5    3    4
       -0.2886751345948 bend   4    2    3
       -0.2886751345948 bend   3    1    2
        0.5773502691896 bend   2    6    1
  20 k  0.5000000000000 bend   1    5    6      val=   4.50249
       -0.5000000000000 bend   6    4    5
        0.5000000000000 bend   4    2    3
       -0.5000000000000 bend   3    1    2
  21 k -0.4082482904639 bend   1    5    6      val=  -0.00022
        0.4082482904639 bend   6    4    5
       -0.4082482904639 bend   5    3    4
        0.4082482904639 bend   4    2    3
       -0.4082482904639 bend   3    1    2
        0.4082482904639 bend   2    6    1
  22 k -0.2886751345948 tors   6    5    4    3 val=  -0.01132
       -0.2886751345948 tors   5    4    3    2
        0.5773502691896 tors   4    3    2    1
       -0.2886751345948 tors   3    2    1    6
       -0.2886751345948 tors   2    1    6    5
        0.5773502691896 tors   1    6    5    4
  23 k  0.5000000000000 tors   6    5    4    3 val=  -0.00869
       -0.5000000000000 tors   5    4    3    2
        0.5000000000000 tors   3    2    1    6
       -0.5000000000000 tors   2    1    6    5
  24 k -0.4082482904639 tors   6    5    4    3 val=   0.00121
        0.4082482904639 tors   5    4    3    2
       -0.4082482904639 tors   4    3    2    1
        0.4082482904639 tors   3    2    1    6
       -0.4082482904639 tors   2    1    6    5
        0.4082482904639 tors   1    6    5    4
        24 non zero eigenvalues  of BmBt
           1           9.685540488    1    0
         1
           2           5.057159097    2    0
         2
           3           4.122203883    3    0
         3
           4           3.931386172    4    0
         4
           5           3.543761032    5    0
         5
           6           3.361651159    6    0
         6
           7           3.291160882    7    0
         7
           8           2.731648828    8    0
         8
           9           2.609883755    9    0
         9
          10           2.370576220   10    0
        10
          11           1.904725001   11    0
        11
          12           1.223420070   12    0
        12
          13           1.151804359   13    0
        13
          14           0.990624910   14    0
        14
          15           0.781606436   15    0
        15
          16           0.713836346   16    0
        16
          17           0.359879155   17    0
        17
          18           0.348701678   18    0
        18
          19           0.327617503   19    0
        19
          20           0.322037883   20    0
        20
          21           0.299590921   21    0
        21
          22           0.277878702   22    0
        22
          23           0.277794943   23    0
        23
          24           0.108242394   24    0
        24
$end
