$hessian (projected)
 1  1   0.3745978790   0.0249756665   0.0000000000  -0.3745978790  -0.0249756665
 1  2   0.0000000000
 2  1   0.0249756665   0.0016652094   0.0000000000  -0.0249756665  -0.0016652094
 2  2   0.0000000000
 3  1   0.0000000000   0.0000000000   0.0000000000   0.0000000000   0.0000000000
 3  2   0.0000000000
 4  1  -0.3745978790  -0.0249756665   0.0000000000   0.3745978790   0.0249756665
 4  2   0.0000000000
 5  1  -0.0249756665  -0.0016652094   0.0000000000   0.0249756665   0.0016652094
 5  2   0.0000000000
 6  1   0.0000000000   0.0000000000   0.0000000000   0.0000000000   0.0000000000
 6  2   0.0000000000
$end
