$energy      SCF               SCFKIN            SCFPOT            MP2
     1 -567.0336057434      566.950646     -1133.98425     -.6810738323900
     2 -567.0339918570      566.998936     -1134.03293     -.6810411328216
     3 -567.0340288147      567.014005     -1134.04803     -.6810361257453
     4 -567.0340468387      567.017544     -1134.05159     -.6810344824925
     5 -567.0340699223      567.020492     -1134.05456     -.6810328443080
     6 -567.0340929903      567.020391     -1134.05448     -.6810299806666
     7 -567.0341227919      567.028461     -1134.06258     -.6810248642786
     8 -567.0341229137      567.028717     -1134.06284     -.6810247147798
     9 -567.0341229337      567.028777     -1134.06290     -.6810246575168
$end
