$energy      SCF               SCFKIN            SCFPOT
     1 -600.4020177124      599.7764242150     -1200.178441927
     2 -600.4356624747      599.6514535329     -1200.087116008
     3 -600.4815775457      599.4848164621     -1199.966394008
     4 -600.5072484850      599.3809384859     -1199.888186971
     5 -600.5199704075      599.3027173544     -1199.822687762
     6 -600.5241435321      599.2516841166     -1199.775827649
     7 -600.5249039520      599.2274535899     -1199.752357542
     8 -600.5255714849      599.2162258917     -1199.741797377
     9 -600.5272166218      599.2279823725     -1199.755198994
    10 -600.5297375511      599.2289817939     -1199.758719345
    11 -600.5342996319      599.2184408089     -1199.752740441
    12 -600.5381395188      599.2778974682     -1199.816036987
    13 -600.5412781430      599.3347292509     -1199.876007394
    14 -600.5439798855      599.3872013145     -1199.931181200
    15 -600.5462420134      599.4349757335     -1199.981217747
    16 -600.5482833429      599.4601033672     -1200.008386710
    17 -600.5497981303      599.4588701326     -1200.008668263
    18 -600.5502173658      599.4570908447     -1200.007308210
    19 -600.5502603871      599.4456160124     -1199.995876400
    20 -600.5504049787      599.4467383764     -1199.997143355
    21 -600.5504130814      599.4443457845     -1199.994758866
    22 -600.5504129788      599.4452987675     -1199.995711746
    23 -600.5504130810      599.4450576802     -1199.995470761
$end
