$hessian (projected)
 1  1   1.5538287120   0.0959223883   0.0000000000  -1.5538287120  -0.0959223883
 1  2   0.0000000000
 2  1   0.0959223883   0.0059215694   0.0000000000  -0.0959223883  -0.0059215694
 2  2   0.0000000000
 3  1   0.0000000000   0.0000000000   0.0000000000   0.0000000000   0.0000000000
 3  2   0.0000000000
 4  1  -1.5538287120  -0.0959223883   0.0000000000   1.5538287120   0.0959223883
 4  2   0.0000000000
 5  1  -0.0959223883  -0.0059215694   0.0000000000   0.0959223883   0.0059215694
 5  2   0.0000000000
 6  1   0.0000000000   0.0000000000   0.0000000000   0.0000000000   0.0000000000
 6  2   0.0000000000
$end
