$coord
   -8.91194840373513      3.52603997593922     -0.15318119966216       c
   -9.12289853102711      0.88076355216558      0.12166056790341       c
   -6.52214405474964      4.68546254244212     -0.22548212119035       c
   -4.39589980836571      3.14533575087212     -0.01825475436388       c
   -4.59723122968334      0.56051166582525      0.25042650603541       c
   -6.94591513819697     -0.63018586804020      0.32684703051527       c
   -1.71326349910822      3.76329509088599     -0.02706087810464       c
   -0.35661021697813      1.34249923345664      0.25739959543528       c
   -2.20309940787246     -0.60236909948571      0.42360100809611       n
   -0.80438082220821      5.87309871998568     -0.23058438172684       o
    2.16615526213603      0.97519316661313      0.35007176458692       c
    4.01237989137291      2.92032606121293      0.18422939988977       n
    6.40660619949002      1.75803111100060      0.35891568285017       c
    6.20574720970355     -0.82681187130751      0.62774812133943       c
    3.52312979770730     -1.44537592368127      0.63500466965800       c
    2.61451168246474     -3.55533073087092      0.83839589245147       o
    8.75493106003998      2.94946563805466      0.28400693927001       c
   10.93221680905005      1.43925321103748      0.49095084717778       c
   10.72189029137920     -1.20606100725866      0.76598158735581       c
    8.33236940131241     -2.36625836147265      0.83665734441681       c
  -10.60028641525953      4.66953215121152     -0.30927257755625       h
  -10.97214672206339      0.00910847992070      0.17493194735661       h
   -6.34169410710913      6.71170248231086     -0.43556297446499       h
   -7.09140515253191     -2.65909032174466      0.53802392494220       h
   -1.89465830981104     -2.51093579357400      0.63173544346239       h
    3.70373092343779      4.82881716625623     -0.02403731630524       h
    8.89987305379877      4.97838898902036      0.07275445579809       h
   12.78121933569014      2.31155079016473      0.43898337875057       h
   12.41051176182230     -2.34892957290983      0.92352805436586       h
    8.15244857698679     -4.39251719860263      1.04696496482642       h
$end
