$energy      SCF               SCFKIN            SCFPOT
     1 -600.5248699251      599.7326699453     -1200.257539870
     2 -600.5524096381      599.6110825845     -1200.163492223
     3 -600.5879463465      599.4513557063     -1200.039302053
     4 -600.6065810540      599.3614941337     -1199.968075188
     5 -600.6156922961      599.3077395968     -1199.923431893
     6 -600.6194056429      599.2748339787     -1199.894239622
     7 -600.6211514288      599.2496573128     -1199.870808742
     8 -600.6245933278      599.2354616366     -1199.860054964
     9 -600.6313362051      599.2225494093     -1199.853885614
    10 -600.6387595702      599.2731495890     -1199.911909159
    11 -600.6446480151      599.3346110581     -1199.979259073
    12 -600.6501219113      599.3859086389     -1200.036030550
    13 -600.6547313929      599.4231478547     -1200.077879248
    14 -600.6586999020      599.4513820041     -1200.110081906
    15 -600.6617742891      599.4677581799     -1200.129532469
    16 -600.6638207406      599.4797273196     -1200.143548060
    17 -600.6642157130      599.4881789315     -1200.152394644
    18 -600.6635659312      599.4802604263     -1200.143826357
    19 -600.6641941566      599.4746923009     -1200.138886458
    20 -600.6644538111      599.4737086443     -1200.138162455
    21 -600.6644316857      599.4691818577     -1200.133613543
    22 -600.6644397318      599.4672833298     -1200.131723062
    23 -600.6644412595      599.4674762988     -1200.131917558
    24 -600.6644346122      599.4672485034     -1200.131683116
    25 -600.6644755429      599.4674232486     -1200.131898792
    26 -600.6644760870      599.4673707820     -1200.131846869
    27 -600.6644763134      599.4673874806     -1200.131863794
$end
