$coord
    0.00000000000000      0.00000000000000      0.00000000000000  c f
   -0.00153190171302      0.00000024183563     -3.42717064649140  cl
    0.00000000000000      0.00000000000000      5.75000000000000  f f
   -0.96003485414131      1.66647421657029      0.67219120952979  h
   -0.96003489259240     -1.66647441145983      0.67219101694133  h
    1.92520628371112     -0.00000005844526      0.66713119318902  h
$redundant
     number_of_atoms             6
     degrees_of_freedom         12
     internal_coordinates       13
     frozen_coordinates          1
# definitions of redundant internals
   1 k  1.0000000000000 stre   1    4           val=   2.03731
   2 k  1.0000000000000 stre   1    5           val=   2.03731
   3 k  1.0000000000000 stre   1    6           val=   2.03752
   4 k  1.0000000000000 stre   1    2           val=   3.42717
   5 k  1.0000000000000 stre   1    3           val=   5.75000
   6 k  0.3136083883989 bend   5    4    1      val=  47.62396
        0.3136083844234 bend   6    4    1
        0.3136083844234 bend   6    5    1
        0.3427704146185 bend   2    4    1
        0.3427704146185 bend   2    5    1
        0.3427704134064 bend   2    6    1
       -0.3427704144072 bend   3    4    1
       -0.3427704144072 bend   3    5    1
       -0.3427704138290 bend   3    6    1
   7 k -0.7810010707208 bend   5    4    1      val=  -0.01981
        0.3905005373174 bend   6    4    1
        0.3905005373174 bend   6    5    1
       -0.0937485900757 bend   2    4    1
       -0.0937485900757 bend   2    5    1
        0.1874971836645 bend   2    6    1
       -0.0733975462540 bend   3    4    1
       -0.0733975462540 bend   3    5    1
        0.1467950901286 bend   3    6    1
   8 k  0.6763667685595 bend   6    4    1      val=  -0.00000
       -0.6763667685595 bend   6    5    1
        0.1623773232848 bend   2    4    1
       -0.1623773232848 bend   2    5    1
        0.1271282788023 bend   3    4    1
       -0.1271282788023 bend   3    5    1
   9 k -0.0127168639384 bend   6    4    1      val=   0.00000
        0.0127168639384 bend   6    5    1
        0.4679140066784 bend   2    4    1
       -0.4679140066784 bend   2    5    1
       -0.5299950600956 bend   3    4    1
        0.5299950600956 bend   3    5    1
  10 k -0.0146841701987 bend   5    4    1      val=   0.06613
        0.0073420852908 bend   6    4    1
        0.0073420852908 bend   6    5    1
        0.2701502771728 bend   2    4    1
        0.2701502771728 bend   2    5    1
       -0.5403005557856 bend   2    6    1
       -0.3059927900995 bend   3    4    1
       -0.3059927900995 bend   3    5    1
        0.6119855818821 bend   3    6    1
  11 k  0.2058306968359 bend   6    4    1      val=   0.00000
       -0.2058306968359 bend   6    5    1
       -0.5046682942656 bend   2    4    1
        0.5046682942656 bend   2    5    1
       -0.4504926603210 bend   3    4    1
        0.4504926603210 bend   3    5    1
  12 k  0.2376728153760 bend   5    4    1      val=   0.00991
       -0.1188364081133 bend   6    4    1
       -0.1188364081133 bend   6    5    1
       -0.2913703751310 bend   2    4    1
       -0.2913703751310 bend   2    5    1
        0.5827407517346 bend   2    6    1
       -0.2600920580441 bend   3    4    1
       -0.2600920580441 bend   3    5    1
        0.5201841183555 bend   3    6    1
  13 f  1.0000000000000 stre   1    3           val=   5.75000
        12 non zero eigenvalues  of BmBt
           1           4.870637030    1    0
         1
           2           3.044017616    2    0
         2
           3           3.044017612    3    0
         3
           4           1.000000000    4    0
         4
           5           0.790247547    6    0
         6
           6           0.765166015    7    0
         7
           7           0.765166015    8    0
         8
           8           0.496224740    9    0
         9
           9           0.496224739   10    0
        10
          10           0.129778216   11    0
        11
          11           0.129778215   12    0
        12
          12        1000.000000000    0    1
         0.000000000         0.000000000         0.000000000         0.000000000
         0.000000000         0.000000000         0.000000000         0.000000000
         0.000000000         0.000000000         0.000000000         0.000000000
         1.000000000
$end
