$energy      SCF               SCFKIN            SCFPOT
     1 -600.3935018720      599.7493755143     -1200.142877386
     2 -600.4249633788      599.6261600854     -1200.051123464
     3 -600.4671379884      599.4630864716     -1199.930224460
     4 -600.4901904585      599.3639225322     -1199.854112991
     5 -600.5015042461      599.2935992642     -1199.795103510
     6 -600.5054908001      599.2478576164     -1199.753348416
     7 -600.5066188220      599.2224209431     -1199.729039765
     8 -600.5082774904      599.2086362765     -1199.716913767
     9 -600.5113534112      599.2080357655     -1199.719389177
    10 -600.5165607478      599.2063533552     -1199.722914103
    11 -600.5222336065      599.2528886689     -1199.775122275
    12 -600.5268846968      599.3028451587     -1199.829729856
    13 -600.5312483419      599.3533038525     -1199.884552194
    14 -600.5351271001      599.3939249856     -1199.929052086
    15 -600.5386254774      599.4196758497     -1199.958301327
    16 -600.5414688870      599.4282569068     -1199.969725794
    17 -600.5430912596      599.4332392484     -1199.976330508
    18 -600.5424501044      599.4638990565     -1200.006349161
    19 -600.5439824668      599.4518910173     -1199.995873484
    20 -600.5441713730      599.4254059548     -1199.969577328
    21 -600.5441748271      599.4290443418     -1199.973219169
    22 -600.5441773129      599.4289895104     -1199.973166823
    23 -600.5441770285      599.4299667710     -1199.974143800
    24 -600.5441771084      599.4297889272     -1199.973966036
$end
