$energy      SCF               SCFKIN            SCFPOT            MP2
     1 -567.0335567021      566.951067     -1133.98462     -.6813870672351
     2 -567.0339426362      566.999280     -1134.03322     -.6813534671090
     3 -567.0339799694      567.014326     -1134.04831     -.6813479775375
     4 -567.0339982480      567.017883     -1134.05188     -.6813461074108
     5 -567.0340216516      567.020849     -1134.05487     -.6813444237029
     6 -567.0340444727      567.020741     -1134.05479     -.6813417672460
     7 -567.0340740406      567.028800     -1134.06287     -.6813368665818
     8 -567.0340741672      567.029078     -1134.06315     -.6813367404285
     9 -567.0340741795      567.029116     -1134.06319     -.6813366416217
$end
