$energy      SCF               SCFKIN            SCFPOT
     1 -600.5008653351      600.1943110139     -1200.695176349
     2 -600.5435225736      600.0563077084     -1200.599830282
     3 -600.6045540777      599.8676418340     -1200.472195912
     4 -600.6407539503      599.7481735725     -1200.388927523
     5 -600.6596165016      599.6486144450     -1200.308230947
     6 -600.6664901275      599.5705015940     -1200.236991721
     7 -600.6682877157      599.5350467446     -1200.203334460
     8 -600.6699842655      599.5035332033     -1200.173517469
     9 -600.6726540274      599.4729415254     -1200.145595553
    10 -600.6759220560      599.4534383123     -1200.129360368
    11 -600.6795259136      599.4402336120     -1200.119759526
    12 -600.6821254831      599.4207307918     -1200.102856275
    13 -600.6839134504      599.3983232022     -1200.082236653
    14 -600.6853718129      599.3710926019     -1200.056464415
    15 -600.6863949763      599.3464149473     -1200.032809924
    16 -600.6870777732      599.3247446456     -1200.011822419
    17 -600.6875114825      599.3056958168     -1199.993207299
    18 -600.6876276198      599.2969257508     -1199.984553371
    19 -600.6876629565      599.2963681826     -1199.984031139
    20 -600.6876750312      599.2962228890     -1199.983897920
    21 -600.6876783176      599.2960301327     -1199.983708450
    22 -600.6876782659      599.2959074676     -1199.983585733
    23 -600.6876779558      599.2959102553     -1199.983588211
$end
