$hessian (projected)
 1  1   1.4877572015   0.0918436008   0.0000000000  -1.4877572015  -0.0918436008
 1  2   0.0000000000
 2  1   0.0918436008   0.0056697739   0.0000000000  -0.0918436008  -0.0056697739
 2  2   0.0000000000
 3  1   0.0000000000   0.0000000000   0.0000000000   0.0000000000   0.0000000000
 3  2   0.0000000000
 4  1  -1.4877572015  -0.0918436008   0.0000000000   1.4877572015   0.0918436008
 4  2   0.0000000000
 5  1  -0.0918436008  -0.0056697739   0.0000000000   0.0918436008   0.0056697739
 5  2   0.0000000000
 6  1   0.0000000000   0.0000000000   0.0000000000   0.0000000000   0.0000000000
 6  2   0.0000000000
$end
