$energy      SCF               SCFKIN            SCFPOT            MP2
     1 -567.0336058061      566.950624     -1133.98423     -.6811026149809
     2 -567.0339919072      566.998911     -1134.03290     -.6810699001508
     3 -567.0340288758      567.013981     -1134.04801     -.6810648783464
     4 -567.0340469135      567.017526     -1134.05157     -.6810632298906
     5 -567.0340700530      567.020482     -1134.05455     -.6810617075868
     6 -567.0340930921      567.020379     -1134.05447     -.6810587563524
     7 -567.0341228489      567.028443     -1134.06257     -.6810536672974
     8 -567.0341229770      567.028719     -1134.06284     -.6810535469385
     9 -567.0341229884      567.028756     -1134.06288     -.6810534364097
$end
