$coord
    0.00000000000000      0.00000000000000      0.00000000000000  c f
   -0.00177570586176     -0.00008890028004     -3.37909036707588  cl
    0.00000000000000      0.00000000000000      7.50000000000000  f f
   -0.96954378123409      1.68123902017945      0.63585463114910  h
   -0.96960073111257     -1.68092873547763      0.63626334072475  h
    1.94178604167150      0.00026838623029      0.63319896104165  h
$redundant
     number_of_atoms             6
     degrees_of_freedom         12
     internal_coordinates       13
     frozen_coordinates          1
# definitions of redundant internals
   1 k  1.0000000000000 stre   1    4           val=   2.04228
   2 k  1.0000000000000 stre   1    5           val=   2.04217
   3 k  1.0000000000000 stre   1    6           val=   2.04242
   4 k  1.0000000000000 stre   1    2           val=   3.37909
   5 k  1.0000000000000 stre   1    3           val=   7.50000
   6 k  0.3136083883773 bend   5    4    1      val=  47.20548
        0.3136083844341 bend   6    4    1
        0.3136083844341 bend   6    5    1
        0.3427704146183 bend   2    4    1
        0.3427704146183 bend   2    5    1
        0.3427704134069 bend   2    6    1
       -0.3427704144325 bend   3    4    1
       -0.3427704144325 bend   3    5    1
       -0.3427704137784 bend   3    6    1
   7 k -0.7853075730256 bend   5    4    1      val=  -0.00798
        0.3926537884534 bend   6    4    1
        0.3926537884534 bend   6    5    1
       -0.0985336147339 bend   2    4    1
       -0.0985336147339 bend   2    5    1
        0.1970672329697 bend   2    6    1
       -0.0527332600956 bend   3    4    1
       -0.0527332600956 bend   3    5    1
        0.1054665177151 bend   3    6    1
   8 k  0.6800963089995 bend   6    4    1      val=  -0.00470
       -0.6800963089995 bend   6    5    1
        0.1706652292081 bend   2    4    1
       -0.1706652292081 bend   2    5    1
        0.0913366849879 bend   3    4    1
       -0.0913366849879 bend   3    5    1
   9 k -0.0529706211236 bend   6    4    1      val=  -0.00526
        0.0529706211236 bend   6    5    1
        0.4850049323159 bend   2    4    1
       -0.4850049323159 bend   2    5    1
       -0.5118245098928 bend   3    4    1
        0.5118245098928 bend   3    5    1
  10 k -0.0611652049159 bend   5    4    1      val=   0.02990
        0.0305826027351 bend   6    4    1
        0.0305826027351 bend   6    5    1
        0.2800177277122 bend   2    4    1
        0.2800177277122 bend   2    5    1
       -0.5600354568272 bend   2    6    1
       -0.2955020180911 bend   3    4    1
       -0.2955020180911 bend   3    5    1
        0.5910040376900 bend   3    6    1
  11 k -0.1861803528384 bend   6    4    1      val=   0.00150
        0.1861803528384 bend   6    5    1
        0.4854313495940 bend   2    4    1
       -0.4854313495940 bend   2    5    1
        0.4792632690374 bend   3    4    1
       -0.4792632690374 bend   3    5    1
  12 k  0.2149825526874 bend   5    4    1      val=   0.01118
       -0.1074912767216 bend   6    4    1
       -0.1074912767216 bend   6    5    1
       -0.2802639199689 bend   2    4    1
       -0.2802639199689 bend   2    5    1
        0.5605278413979 bend   2    6    1
       -0.2767027766630 bend   3    4    1
       -0.2767027766630 bend   3    5    1
        0.5534055556431 bend   3    6    1
  13 f  1.0000000000000 stre   1    3           val=   7.50000
        12 non zero eigenvalues  of BmBt
           1           4.870637030    1    0
         1
           2           3.019335163    2    0
         2
           3           3.019335159    3    0
         3
           4           1.000000000    4    0
         4
           5           0.790247547    6    0
         6
           6           0.766176977    7    0
         7
           7           0.766176977    8    0
         8
           8           0.481616992    9    0
         9
           9           0.481616991   10    0
        10
          10           0.113459711   11    0
        11
          11           0.113459710   12    0
        12
          12        1000.000000000    0    1
         0.000000000         0.000000000         0.000000000         0.000000000
         0.000000000         0.000000000         0.000000000         0.000000000
         0.000000000         0.000000000         0.000000000         0.000000000
         1.000000000
$end
