$energy      SCF               SCFKIN            SCFPOT
     1 -600.5249894350      599.7336195316     -1200.258608967
     2 -600.5524636804      599.6120393573     -1200.164503038
     3 -600.5878717944      599.4522934642     -1200.040165259
     4 -600.6064150382      599.3625142966     -1199.968929335
     5 -600.6154818958      599.3090440385     -1199.924525934
     6 -600.6192021548      599.2764641542     -1199.895666309
     7 -600.6209027343      599.2513407757     -1199.872243510
     8 -600.6244978762      599.2365957244     -1199.861093601
     9 -600.6313310371      599.2229457250     -1199.854276762
    10 -600.6389502706      599.2773891238     -1199.916339394
    11 -600.6446901396      599.3370672125     -1199.981757352
    12 -600.6501865936      599.3874660077     -1200.037652601
    13 -600.6547666201      599.4248345793     -1200.079601199
    14 -600.6587344687      599.4538903740     -1200.112624843
    15 -600.6618757345      599.4712578271     -1200.133133562
    16 -600.6637666445      599.4815557985     -1200.145322443
    17 -600.6639012788      599.4901784340     -1200.154079713
    18 -600.6639741893      599.4781720170     -1200.142146206
    19 -600.6642793192      599.4688099541     -1200.133089273
    20 -600.6643612852      599.4716290994     -1200.135990385
    21 -600.6643655760      599.4687236383     -1200.133089214
    22 -600.6643579316      599.4685752385     -1200.132933170
    23 -600.6643350475      599.4689025969     -1200.133237644
    24 -600.6643592032      599.4685874678     -1200.132946671
    25 -600.6643592225      599.4687976346     -1200.133156857
    26 -600.6640876778      599.5041956871     -1200.168283365
    27 -600.6643248214      599.4690967370     -1200.133421558
    28 -600.6643335307      599.4665983380     -1200.130931869
    29 -600.6643349627      599.4661598963     -1200.130494859
    30 -600.6643355491      599.4665991064     -1200.130934655
    31 -600.6643608369      599.4679963252     -1200.132357162
    32 -600.6643606243      599.4687793970     -1200.133140021
    33 -600.6643599913      599.4692734716     -1200.133633463
    34 -600.6643601063      599.4689828721     -1200.133342978
$end
