$hessian (projected)
 1  1   0.3808458999   0.0253922425   0.0000000000  -0.3808458999  -0.0253922425
 1  2   0.0000000000
 2  1   0.0253922425   0.0016929839   0.0000000000  -0.0253922425  -0.0016929839
 2  2   0.0000000000
 3  1   0.0000000000   0.0000000000   0.0000000000   0.0000000000   0.0000000000
 3  2   0.0000000000
 4  1  -0.3808458999  -0.0253922425   0.0000000000   0.3808458999   0.0253922425
 4  2   0.0000000000
 5  1  -0.0253922425  -0.0016929839   0.0000000000   0.0253922425   0.0016929839
 5  2   0.0000000000
 6  1   0.0000000000   0.0000000000   0.0000000000   0.0000000000   0.0000000000
 6  2   0.0000000000
$end
