$energy      SCF               SCFKIN            SCFPOT            MP2
     1 -567.0330778795      566.955527     -1133.98861     -.6819790077922
     2 -567.0334639282      567.003644     -1134.03711     -.6819442126892
     3 -567.0335023926      567.018733     -1134.05224     -.6819378289371
     4 -567.0335211975      567.022255     -1134.05578     -.6819353367050
     5 -567.0335446087      567.025147     -1134.05869     -.6819331358021
     6 -567.0335666302      567.025084     -1134.05865     -.6819310750058
     7 -567.0335963097      567.033134     -1134.06673     -.6819262148703
     8 -567.0335964282      567.033427     -1134.06702     -.6819261172310
     9 -567.0335964413      567.033468     -1134.06706     -.6819260179371
$end
