$energy      SCF               SCFKIN            SCFPOT
     1 -600.3890548232      599.7465298525     -1200.135584676
     2 -600.4195254121      599.6232575958     -1200.042783008
     3 -600.4599759443      599.4616922220     -1199.921668166
     4 -600.4818108935      599.3650089557     -1199.846819849
     5 -600.4924580877      599.2989364782     -1199.791394566
     6 -600.4963171018      599.2558930269     -1199.752210129
     7 -600.4976313638      599.2304621362     -1199.728093500
     8 -600.4998085376      599.2202756617     -1199.720084199
     9 -600.5034318922      599.2121130970     -1199.715544989
    10 -600.5099139806      599.1978856263     -1199.707799607
    11 -600.5161766129      599.2643450396     -1199.780521652
    12 -600.5212416757      599.3135546283     -1199.834796304
    13 -600.5259793443      599.3666975293     -1199.892676874
    14 -600.5301451892      599.4035220202     -1199.933667209
    15 -600.5338052647      599.4245397225     -1199.958344987
    16 -600.5366631542      599.4336361479     -1199.970299302
    17 -600.5383251640      599.4504109250     -1199.988736089
    18 -600.5386585305      599.4466276832     -1199.985286214
    19 -600.5387019578      599.4327144634     -1199.971416421
    20 -600.5387072816      599.4332271090     -1199.971934391
    21 -600.5387159712      599.4355254162     -1199.974241387
    22 -600.5387158303      599.4353183082     -1199.974034138
    23 -600.5387157206      599.4352148799     -1199.973930601
$end
