$coord
    0.00000000000000      0.00000000000000      0.00000000000000  c f
   -0.00057246330573     -0.00000000117030     -3.43718327398458  cl
    0.00000000000000      0.00000000000000      5.50000000000000  f f
   -0.96110099787410      1.66483494017602      0.67164540110874  h
   -0.96110099754849     -1.66483493874882      0.67164540109779  h
    1.92225332852111      0.00000000042675      0.67141347914488  h
$redundant
     number_of_atoms             6
     degrees_of_freedom         12
     internal_coordinates       13
     frozen_coordinates          1
# definitions of redundant internals
   1 k  1.0000000000000 stre   1    4           val=   2.03630
   2 k  1.0000000000000 stre   1    5           val=   2.03630
   3 k  1.0000000000000 stre   1    6           val=   2.03614
   4 k  1.0000000000000 stre   1    2           val=   3.43718
   5 k  1.0000000000000 stre   1    3           val=   5.50000
   6 k  0.3136083884036 bend   5    4    1      val=  47.64003
        0.3136083844210 bend   6    4    1
        0.3136083844210 bend   6    5    1
        0.3427704146186 bend   2    4    1
        0.3427704146186 bend   2    5    1
        0.3427704134062 bend   2    6    1
       -0.3427704144019 bend   3    4    1
       -0.3427704144019 bend   3    5    1
       -0.3427704138396 bend   3    6    1
   7 k -0.7798465237108 bend   5    4    1      val=   0.00001
        0.3899232638157 bend   6    4    1
        0.3899232638157 bend   6    5    1
       -0.0927466806341 bend   2    4    1
       -0.0927466806341 bend   2    5    1
        0.1854933647836 bend   2    6    1
       -0.0776180981297 bend   3    4    1
       -0.0776180981297 bend   3    5    1
        0.1552361938992 bend   3    6    1
   8 k  0.6753669015065 bend   6    4    1      val=  -0.00000
       -0.6753669015065 bend   6    5    1
        0.1606419652061 bend   2    4    1
       -0.1606419652061 bend   2    5    1
        0.1344384891473 bend   3    4    1
       -0.1344384891473 bend   3    5    1
   9 k -0.0042748913508 bend   6    4    1      val=   0.00000
        0.0042748913508 bend   6    5    1
        0.4642888123945 bend   2    4    1
       -0.4642888123945 bend   2    5    1
       -0.5333081885638 bend   3    4    1
        0.5333081885638 bend   3    5    1
  10 k -0.0049362199869 bend   5    4    1      val=  -0.00066
        0.0024681101667 bend   6    4    1
        0.0024681101667 bend   6    5    1
        0.2680572702722 bend   2    4    1
        0.2680572702722 bend   2    5    1
       -0.5361145419924 bend   2    6    1
       -0.3079056257073 bend   3    4    1
       -0.3079056257073 bend   3    5    1
        0.6158112531328 bend   3    6    1
  11 k  0.2094308326236 bend   6    4    1      val=  -0.00000
       -0.2094308326236 bend   6    5    1
       -0.5085568382197 bend   2    4    1
        0.5085568382197 bend   2    5    1
       -0.4444194737481 bend   3    4    1
        0.4444194737481 bend   3    5    1
  12 k  0.2418298940902 bend   5    4    1      val=   0.00327
       -0.1209149474793 bend   6    4    1
       -0.1209149474793 bend   6    5    1
       -0.2936154270253 bend   2    4    1
       -0.2936154270253 bend   2    5    1
        0.5872308555264 bend   2    6    1
       -0.2565857021558 bend   3    4    1
       -0.2565857021558 bend   3    5    1
        0.5131714065672 bend   3    6    1
  13 f  1.0000000000000 stre   1    3           val=   5.50000
        12 non zero eigenvalues  of BmBt
           1           4.870637030    1    0
         1
           2           3.049367563    2    0
         2
           3           3.049367559    3    0
         3
           4           1.000000000    4    0
         4
           5           0.790247547    6    0
         6
           6           0.765016589    7    0
         7
           7           0.765016588    8    0
         8
           8           0.499467871    9    0
         9
           9           0.499467870   10    0
        10
          10           0.133120325   11    0
        11
          11           0.133120325   12    0
        12
          12        1000.000000000    0    1
         0.000000000         0.000000000         0.000000000         0.000000000
         0.000000000         0.000000000         0.000000000         0.000000000
         0.000000000         0.000000000         0.000000000         0.000000000
         1.000000000
$end
