$energy      SCF               SCFKIN            SCFPOT
     1 -600.3952668136      599.7526381703     -1200.147904984
     2 -600.4271691939      599.6291713943     -1200.056340588
     3 -600.4701031184      599.4654432926     -1199.935546411
     4 -600.4936884876      599.3651978209     -1199.858886309
     5 -600.5052934852      599.2932246615     -1199.798518147
     6 -600.5093331212      599.2466983142     -1199.756031435
     7 -600.5103890012      599.2207242197     -1199.731113221
     8 -600.5118239927      599.2071360179     -1199.718960011
     9 -600.5146241605      599.2095414491     -1199.724165610
    10 -600.5192791085      599.2102750329     -1199.729554141
    11 -600.5247479144      599.2340144742     -1199.758762389
    12 -600.5292732234      599.2941758944     -1199.823449118
    13 -600.5333630525      599.3542715866     -1199.887634639
    14 -600.5370271540      599.3968889691     -1199.933916123
    15 -600.5404388824      599.4185149374     -1199.958953820
    16 -600.5431737794      599.4214868072     -1199.964660587
    17 -600.5448530239      599.4112904727     -1199.956143497
    18 -600.5447418828      599.4851421056     -1200.029883988
    19 -600.5458037780      599.4504074383     -1199.996211216
    20 -600.5459420981      599.4302607215     -1199.976202820
    21 -600.5459448992      599.4305928493     -1199.976537749
    22 -600.5459449651      599.4309527895     -1199.976897755
    23 -600.5459450067      599.4307733268     -1199.976718334
$end
