$coord
    0.00000000000000      0.00000000000000      0.00000000000000  c f
   -0.00034662078757      0.00044054311272     -3.69247580833563  cl
    0.00000000000000      0.00000000000000      4.00000000000000  f f
   -0.99017209364168      1.71628310792997      0.40165811279771  h
   -0.99067230593842     -1.71580648090682      0.40187075857381  h
    1.98114222896466     -0.00001658604220      0.40126641748098  h
$redundant
     number_of_atoms             6
     degrees_of_freedom         12
     internal_coordinates       13
     frozen_coordinates          1
# definitions of redundant internals
   1 k  1.0000000000000 stre   1    4           val=   2.02173
   2 k  1.0000000000000 stre   1    5           val=   2.02161
   3 k  1.0000000000000 stre   1    6           val=   2.02137
   4 k  1.0000000000000 stre   1    2           val=   3.69248
   5 k  1.0000000000000 stre   1    3           val=   4.00000
   6 k  0.3136083884544 bend   5    4    1      val=  44.32014
        0.3136083843956 bend   6    4    1
        0.3136083843956 bend   6    5    1
        0.3427704146200 bend   2    4    1
        0.3427704146200 bend   2    5    1
        0.3427704134035 bend   2    6    1
       -0.3427704143498 bend   3    4    1
       -0.3427704143498 bend   3    5    1
       -0.3427704139438 bend   3    6    1
   7 k -0.7644778831047 bend   5    4    1      val=  -0.00540
        0.3822389435415 bend   6    4    1
        0.3822389435415 bend   6    5    1
       -0.0831020444643 bend   2    4    1
       -0.0831020444643 bend   2    5    1
        0.1662040924695 bend   2    6    1
       -0.1168507933246 bend   3    4    1
       -0.1168507933246 bend   3    5    1
        0.2337015844644 bend   3    6    1
   8 k  0.6620572681372 bend   6    4    1      val=  -0.00553
       -0.6620572681372 bend   6    5    1
        0.1439369651349 bend   2    4    1
       -0.1439369651349 bend   2    5    1
        0.2023915111224 bend   3    4    1
       -0.2023915111224 bend   3    5    1
   9 k  0.0762473098637 bend   6    4    1      val=  -0.00610
       -0.0762473098637 bend   6    5    1
        0.4306123044117 bend   2    4    1
       -0.4306123044117 bend   2    5    1
       -0.5556612196544 bend   3    4    1
        0.5556612196544 bend   3    5    1
  10 k  0.0880428083391 bend   5    4    1      val=   0.00494
       -0.0440214041730 bend   6    4    1
       -0.0440214041730 bend   6    5    1
        0.2486141292634 bend   2    4    1
        0.2486141292634 bend   2    5    1
       -0.4972282600624 bend   2    6    1
       -0.3208111542395 bend   3    4    1
       -0.3208111542395 bend   3    5    1
        0.6416223105042 bend   3    6    1
  11 k -0.2363609981474 bend   6    4    1      val=  -0.00169
        0.2363609981474 bend   6    5    1
        0.5420841201852 bend   2    4    1
       -0.5420841201852 bend   2    5    1
        0.3876574327906 bend   3    4    1
       -0.3876574327906 bend   3    5    1
  12 k  0.2729261706009 bend   5    4    1      val=   0.00299
       -0.1364630858042 bend   6    4    1
       -0.1364630858042 bend   6    5    1
       -0.3129724122622 bend   2    4    1
       -0.3129724122622 bend   2    5    1
        0.6259448260352 bend   2    6    1
       -0.2238141226575 bend   3    4    1
       -0.2238141226575 bend   3    5    1
        0.4476282474444 bend   3    6    1
  13 f  1.0000000000000 stre   1    3           val=   4.00000
        12 non zero eigenvalues  of BmBt
           1           4.870637030    1    0
         1
           2           3.103354783    2    0
         2
           3           3.103354778    3    0
         3
           4           1.000000000    4    0
         4
           5           0.790247547    6    0
         6
           6           0.764500574    7    0
         7
           7           0.764500573    8    0
         8
           8           0.533434698    9    0
         9
           9           0.533434697   10    0
        10
          10           0.162897737   11    0
        11
          11           0.162897737   12    0
        12
          12        1000.000000000    0    1
         0.000000000         0.000000000         0.000000000         0.000000000
         0.000000000         0.000000000         0.000000000         0.000000000
         0.000000000         0.000000000         0.000000000         0.000000000
         1.000000000
$end
