$energy      SCF               SCFKIN            SCFPOT
     1 -600.5205943215      599.8650029347     -1200.385597256
     2 -600.5543302955      599.7363839923     -1200.290714288
     3 -600.6005156175      599.5635903590     -1200.164105977
     4 -600.6268696793      599.4560122316     -1200.082881911
     5 -600.6400185147      599.3751267166     -1200.015145231
     6 -600.6437915479      599.3217103536     -1199.965501902
     7 -600.6441460130      599.3008470323     -1199.944993045
     8 -600.6442633735      599.2962554614     -1199.940518835
     9 -600.6447549311      599.2950312477     -1199.939786179
    10 -600.6449604000      599.2905901566     -1199.935550557
    11 -600.6452479917      599.2908574605     -1199.936105452
    12 -600.6462543769      599.3191512129     -1199.965405590
    13 -600.6477184045      599.3878674527     -1200.035585857
    14 -600.6485200470      599.4925359278     -1200.141055975
    15 -600.6486869967      599.5635899878     -1200.212276984
    16 -600.6493571793      599.5871436442     -1200.236500824
    17 -600.6515113223      599.5864378301     -1200.237949152
    18 -600.6528700323      599.4923343076     -1200.145204340
    19 -600.6529886598      599.5389114732     -1200.191900133
    20 -600.6530972166      599.5270701087     -1200.180167325
    21 -600.6531404207      599.5252528037     -1200.178393224
    22 -600.6531615452      599.5262282068     -1200.179389752
    23 -600.6531636486      599.5277093672     -1200.180873016
    24 -600.6531658370      599.5285588867     -1200.181724724
    25 -600.6531702328      599.5282818143     -1200.181452047
    26 -600.6531686729      599.5276708696     -1200.180839543
    27 -600.6531700236      599.5268460080     -1200.180016032
    28 -600.6531678926      599.5270904702     -1200.180258363
    29 -600.6531768550      599.5267498017     -1200.179926657
    30 -600.6531816117      599.5272691892     -1200.180450801
    31 -600.6531821397      599.5288218023     -1200.182003942
    32 -600.6531822756      599.5288922614     -1200.182074537
    33 -600.6531823248      599.5288262704     -1200.182008595
    34 -600.6531824085      599.5288473545     -1200.182029763
    35 -600.6531825292      599.5287533183     -1200.181935848
$end
