$energy      SCF               SCFKIN            SCFPOT
     1 -568.0575673072      567.1218509550     -1135.179418262
     2 -568.0575728013      567.1273304291     -1135.184903230
     3 -568.0575734572      567.1294850338     -1135.187058491
     4 -568.0575737375      567.1298934237     -1135.187467161
     5 -568.0575741216      567.1301967470     -1135.187770869
     6 -568.0575744429      567.1302539625     -1135.187828405
     7 -568.0575748957      567.1312349162     -1135.188809812
     8 -568.0575749353      567.1313430280     -1135.188917963
$end
