$hessian (projected)
 1  1   1.1934743169   0.0608952467   0.0000000000  -1.1934743169  -0.0608952467
 1  2   0.0000000000
 2  1   0.0608952467   0.0031070891   0.0000000000  -0.0608952467  -0.0031070891
 2  2   0.0000000000
 3  1   0.0000000000   0.0000000000   0.0000000000   0.0000000000   0.0000000000
 3  2   0.0000000000
 4  1  -1.1934743169  -0.0608952467   0.0000000000   1.1934743169   0.0608952467
 4  2   0.0000000000
 5  1  -0.0608952467  -0.0031070891   0.0000000000   0.0608952467   0.0031070891
 5  2   0.0000000000
 6  1   0.0000000000   0.0000000000   0.0000000000   0.0000000000   0.0000000000
 6  2   0.0000000000
$end
