$energy      SCF               SCFKIN            SCFPOT            MP2
     1 -567.0336055444      566.950612     -1133.98422     -.6811253887296
     2 -567.0339916329      566.998897     -1134.03289     -.6810926406323
     3 -567.0340286072      567.013961     -1134.04799     -.6810875782663
     4 -567.0340466580      567.017509     -1134.05156     -.6810859273281
     5 -567.0340698176      567.020466     -1134.05454     -.6810843995070
     6 -567.0340928431      567.020366     -1134.05446     -.6810814677492
     7 -567.0341225830      567.028427     -1134.06255     -.6810763890296
     8 -567.0341227021      567.028680     -1134.06280     -.6810762477510
     9 -567.0341227218      567.028739     -1134.06286     -.6810761873970
$end
