$energy      SCF               SCFKIN            SCFPOT
     1 -600.5248392712      599.7329978947     -1200.257837166
     2 -600.5524515049      599.6112944870     -1200.163745992
     3 -600.5881530579      599.4512584925     -1200.039411550
     4 -600.6069088968      599.3609467832     -1199.967855680
     5 -600.6160856502      599.3066347603     -1199.922720411
     6 -600.6198699513      599.2732889103     -1199.893158862
     7 -600.6215039740      599.2482591051     -1199.869763079
     8 -600.6248222244      599.2348857814     -1199.859708006
     9 -600.6316873502      599.2230040058     -1199.854691356
    10 -600.6389124591      599.2676222236     -1199.906534683
    11 -600.6448967521      599.3319264413     -1199.976823193
    12 -600.6501469856      599.3847396421     -1200.034886628
    13 -600.6547789225      599.4220744490     -1200.076853372
    14 -600.6587877492      599.4494537651     -1200.108241514
    15 -600.6618463068      599.4652811046     -1200.127127411
    16 -600.6638693723      599.4784958246     -1200.142365197
    17 -600.6643460303      599.4919382578     -1200.156284288
    18 -600.6632996846      599.4869542241     -1200.150253909
    19 -600.6641190806      599.4768978354     -1200.141016916
    20 -600.6645130562      599.4738175680     -1200.138330624
    21 -600.6646864920      599.4688856388     -1200.133572131
    22 -600.6646875267      599.4658407422     -1200.130528269
    23 -600.6646879401      599.4662075036     -1200.130895444
    24 -600.6646810971      599.4667092808     -1200.131390378
    25 -600.6646944297      599.4666397824     -1200.131334212
    26 -600.6646938454      599.4666254104     -1200.131319256
    27 -600.6646938383      599.4666267867     -1200.131320625
$end
