$coord
  -12.58584944187675      2.98446159963308     -0.00000388115277  c
   -9.72963041678311      4.74248214110379     -0.00006366054545  cl
  -13.08466067341815      2.55442460755088     -1.93522141606549  h
  -14.04544798496204      4.11574603463888      0.87676027278866  h
  -12.28911835790936      1.26102400489379      1.05854758223630  h
$redundant
     number_of_atoms             5
     degrees_of_freedom          9
     internal_coordinates        9
     frozen_coordinates          0
# definitions of redundant internals
   1 k  1.0000000000000 stre   1    4           val=   2.04425
   2 k  1.0000000000000 stre   1    3           val=   2.04421
   3 k  1.0000000000000 stre   1    5           val=   2.04422
   4 k  1.0000000000000 stre   1    2           val=   3.35390
   5 k  0.4082588221771 bend   3    4    1      val=   0.91434
        0.4082463029457 bend   5    4    1
        0.4082419174999 bend   5    3    1
       -0.4082489811744 bend   2    4    1
       -0.4082479725289 bend   2    3    1
       -0.4082457462582 bend   2    5    1
   6 k -0.6370135319829 bend   3    4    1      val=   0.00075
        0.6338992270470 bend   5    4    1
        0.0031268146376 bend   5    3    1
       -0.0015207487349 bend   2    4    1
       -0.3093812194518 bend   2    3    1
        0.3108966088976 bend   2    5    1
   7 k -0.3641750309175 bend   3    4    1      val=   0.00460
       -0.3695766711431 bend   5    4    1
        0.7337625000935 bend   5    3    1
       -0.3581256923541 bend   2    4    1
        0.1803822161447 bend   2    3    1
        0.1777370783885 bend   2    5    1
   8 k  0.0819691031215 bend   3    4    1      val=   0.00129
        0.2609286348420 bend   5    4    1
       -0.3429014609044 bend   5    3    1
       -0.7025631399880 bend   2    4    1
        0.5346142340964 bend   2    3    1
        0.1679540317893 bend   2    5    1
   9 k  0.3486088375150 bend   3    4    1      val=   0.00625
       -0.2452977772442 bend   5    4    1
       -0.1033187210083 bend   5    3    1
       -0.2116915234794 bend   2    4    1
       -0.5025923796252 bend   2    3    1
        0.7142924608340 bend   2    5    1
         9 non zero eigenvalues  of BmBt
           1           3.315620220    1    0
         1
           2           3.043419549    2    0
         2
           3           3.043415724    3    0
         3
           4           1.000000000    4    0
         4
           5           0.687585716    5    0
         5
           6           0.687581207    6    0
         6
           7           0.686214573    7    0
         7
           8           0.451017936    8    0
         8
           9           0.451013508    9    0
         9
$end
