$grad          cartesian gradients
  cycle =      1    SCF energy =     -500.5422616357   |dE/dxyz| =  0.034623
  -12.56214338606227      2.99920322965481      0.00000000000000      c
   -9.70066339637019      4.76010672436484      0.00001889726125      cl
  -13.10120666037302      2.54179502118914     -1.97366775908165      h
  -14.08116193682020      4.13421053462754      0.89414281312793      h
  -12.28953149532376      1.22282287798409      1.07952494595372      h
  0.14643570912380D-01  0.90662285972811D-02  0.46898894330571D-06
  0.39326476909745D-02  0.23826669854206D-02  0.88196015863851D-05
  -.57755524255450D-02  -.45377208641344D-02  -.15481311554622D-01
  -.13452665761730D-01  0.79613818655999D-02  0.70039689317951D-02
  0.60846667158273D-03  -.14894566117973D-01  0.84702305590227D-02
  cycle =      2    SCF energy =     -500.5436359990   |dE/dxyz| =  0.008715
  -12.57239200661738      2.99281600772790      0.00000430703247      c
   -9.72263118934502      4.74668168173784     -0.00001955721828      cl
  -13.09145419229470      2.55009025003320     -1.93755809262820      h
  -14.05344639045783      4.11334144820527      0.87780356523121      h
  -12.29478309623451      1.25520900011621      1.05978867484405      h
  0.54424915508878D-02  0.33713535809462D-02  0.72770705371178D-05
  -.29569410007646D-04  -.50441622389208D-04  0.57114874146835D-05
  -.17576224855017D-02  -.12447439966514D-02  -.26536311787360D-02
  -.30647432995097D-02  0.90326249114549D-03  0.11970801436891D-02
  -.66169861129637D-03  -.30187534749382D-02  0.14470643938093D-02
  cycle =      3    SCF energy =     -500.5437052058   |dE/dxyz| =  0.002815
  -12.57860918835501      2.98894065609365      0.00000224948339      c
   -9.72891140756423      4.74288757920137     -0.00004853755128      cl
  -13.08745151543882      2.55298125974557     -1.93086570789067      h
  -14.04609416464692      4.11080954550998      0.87478144580017      h
  -12.29364059894445      1.26251934726985      1.05614944741964      h
  0.19901430993500D-02  0.12320133600664D-02  0.42827681150798D-05
  -.75923760841157D-03  -.49384427562860D-03  0.36777460561410D-05
  -.45214432439598D-03  -.23655444368778D-03  0.53164893084144D-03
  -.17870593645089D-03  -.65906003066387D-03  -.24241502749554D-03
  -.67474953954238D-03  0.11492745146766D-03  -.29352234018240D-03
  cycle =      4    SCF energy =     -500.5437236090   |dE/dxyz| =  0.001141
  -12.58527575097521      2.98480442417570     -0.00000334622383      c
   -9.72934707425713      4.74267705904876     -0.00007333648525      cl
  -13.08489562654249      2.55418592913158     -1.93666524236102      h
  -14.04639385455948      4.11666612693134      0.87741822292240      h
  -12.28879456861512      1.25980484853304      1.05934259940894      h
  0.44148440820635D-03  0.27456865410373D-03  -.53126782611351D-06
  -.23004803182403D-05  -.22175521039558D-04  0.20006692071917D-05
  -.15348602208093D-03  -.12043675243346D-03  -.55154161968793D-03
  -.41782323338733D-03  0.32854348401413D-03  0.25070040551008D-03
  0.60744706715231D-04  -.49811567525647D-03  0.30226855108404D-03
  cycle =      5    SCF energy =     -500.5437249313   |dE/dxyz| =  0.000077
  -12.58570538339789      2.98454298940027     -0.00000388983588      c
   -9.72973375658905      4.74243131149984     -0.00006984422159      cl
  -13.08466729321774      2.55441795217292     -1.93522780930163      h
  -14.04545457956145      4.11574030210753      0.87676672977702      h
  -12.28914586218329      1.26100583263986      1.05855371084332      h
  0.75229237845587D-05  0.62978765368316D-05  -.67016087401672D-07
  -.48790920990971D-04  -.51523818099586D-04  0.22579956535651D-05
  -.93777761817973D-05  0.36245045307859D-05  0.57783573139680D-05
  0.24955473804517D-05  0.33390324568200D-05  -.16018160609518D-05
  -.23559615362437D-04  -.45973614359873D-08  -.33724718372374D-05
  cycle =      6    SCF energy =     -500.5437250782   |dE/dxyz| =  0.000058
  -12.58573394611131      2.98453060683440     -0.00000417861901      c
   -9.72955265318793      4.74253392371064     -0.00006575921595      cl
  -13.08472157033320      2.55438381335363     -1.93525499767282      h
  -14.04552467971183      4.11573034267518      0.87677721638169      h
  -12.28917402560515      1.26095970124657      1.05856661638733      h
  0.56037752229898D-05  0.63141803793854D-05  0.12354598497022D-06
  -.18183649781456D-05  -.23368182028971D-04  0.25640976504260D-05
  -.24252146161995D-04  -.67432219122560D-05  -.12144989370466D-04
  -.21250372044895D-04  0.74762463007361D-05  0.62319586327172D-05
  -.29915260550087D-04  -.21875460655574D-04  0.62220913552707D-05
$end
