$energy      SCF               SCFKIN            SCFPOT
     1 -2794.346306967      2789.646777010     -5583.993083976
     2 -2794.346312234      2789.651636181     -5583.997948415
     3 -2794.346312816      2789.653729322     -5584.000042138
     4 -2794.346313074      2789.654112171     -5584.000425244
     5 -2794.346313504      2789.654472137     -5584.000785641
     6 -2794.346314012      2789.655364153     -5584.001678166
     7 -2794.346314167      2789.655565765     -5584.001879932
     8 -2794.346314269      2789.655632819     -5584.001947088
$end
