$energy      SCF               SCFKIN            SCFPOT            MP2
     1 -567.0322786555      566.961917     -1133.99420     -.6825558617795
     2 -567.0326645745      567.009950     -1134.04261     -.6825205249994
     3 -567.0327039958      567.025099     -1134.05780     -.6825134712952
     4 -567.0327230271      567.028530     -1134.06125     -.6825104850485
     5 -567.0327457698      567.031264     -1134.06401     -.6825077700836
     6 -567.0327666100      567.031357     -1134.06412     -.6825060398082
     7 -567.0327964468      567.039290     -1134.07209     -.6825011548053
     8 -567.0327965581      567.039597     -1134.07239     -.6825010815580
     9 -567.0327965810      567.039655     -1134.07245     -.6825009806849
$end
