$energy      SCF               SCFKIN            SCFPOT            MP2
     1 -2792.270714853      2792.18052     -5584.45124     -.8072799552665
     2 -2792.271100928      2792.22881     -5584.49991     -.8072468927317
     3 -2792.271137776      2792.24388     -5584.51501     -.8072418324691
     4 -2792.271155818      2792.24742     -5584.51857     -.8072401705203
     5 -2792.271179095      2792.25037     -5584.52155     -.8072385737350
     6 -2792.271201987      2792.25027     -5584.52147     -.8072356737043
     7 -2792.271231891      2792.25833     -5584.52956     -.8072304497887
     8 -2792.271232020      2792.25861     -5584.52984     -.8072304111738
     9 -2792.271232032      2792.25864     -5584.52988     -.8072303071485
$end
