$hessian (projected)
 1  1   0.3714791600   0.0247677313   0.0000000000  -0.3714791600  -0.0247677313
 1  2   0.0000000000
 2  1   0.0247677313   0.0016513457   0.0000000000  -0.0247677313  -0.0016513457
 2  2   0.0000000000
 3  1   0.0000000000   0.0000000000   0.0000000000   0.0000000000   0.0000000000
 3  2   0.0000000000
 4  1  -0.3714791600  -0.0247677313   0.0000000000   0.3714791600   0.0247677313
 4  2   0.0000000000
 5  1  -0.0247677313  -0.0016513457   0.0000000000   0.0247677313   0.0016513457
 5  2   0.0000000000
 6  1   0.0000000000   0.0000000000   0.0000000000   0.0000000000   0.0000000000
 6  2   0.0000000000
$end
