$energy      SCF               SCFKIN            SCFPOT
     1 -600.3849405112      599.7496777415     -1200.134618253
     2 -600.4145245968      599.6268219881     -1200.041346585
     3 -600.4534383027      599.4672177631     -1199.920656066
     4 -600.4742045269      599.3734107479     -1199.847615275
     5 -600.4842458191      599.3111185736     -1199.795364393
     6 -600.4879177767      599.2702752802     -1199.758193057
     7 -600.4893536236      599.2449527983     -1199.734306422
     8 -600.4917555870      599.2384274815     -1199.730183068
     9 -600.4957704002      599.2279633205     -1199.723733721
    10 -600.5030178911      599.2031186898     -1199.706136581
    11 -600.5094626528      599.2666255119     -1199.776088165
    12 -600.5150120675      599.3398447017     -1199.854856769
    13 -600.5199948963      599.3943597315     -1199.914354628
    14 -600.5243165942      599.4308217504     -1199.955138345
    15 -600.5280764304      599.4456026536     -1199.973679084
    16 -600.5309300041      599.4505386839     -1199.981468688
    17 -600.5321960970      599.4676338930     -1199.999829990
    18 -600.5318372910      599.4856495485     -1200.017486839
    19 -600.5324368328      599.4477245232     -1199.980161356
    20 -600.5325828914      599.4572400869     -1199.989822978
    21 -600.5326081272      599.4485632892     -1199.981171416
    22 -600.5326083694      599.4512157228     -1199.983824092
    23 -600.5326083988      599.4508818021     -1199.983490201
$end
