$dipgrad          cartesian dipole gradients
  0.86315094450204D-01  0.19781043304640D-04  0.12389531056865D-04
  0.19780081300801D-04  0.86308317926596D-01  0.23021571040519D-04
  0.12335980291994D-04  0.23172776563269D-04  0.86357385482964D-01
  -.17600964210884D+00  -.72996302312445D-06  -.46612195546193D-05
  -.10606282478487D-04  0.55634779790753D-01  -.74976699746810D-05
  -.77071977812727D-05  -.75076998799693D-05  0.55630714422961D-01
  0.29901934203714D-01  -.31410439555497D-01  0.65673176012631D-01
  -.31407520419657D-01  0.17314767292230D-01  0.80126288139576D-01
  0.65673871581091D-01  0.80135487825273D-01  -.11196647647578D+00
  0.29897247620068D-01  -.41180598889768D-01  -.60039471107097D-01
  -.41180451175341D-01  -.10223968835800D-01  -.96045844776669D-01
  -.60039451919476D-01  -.96047004491856D-01  -.84414407984241D-01
  0.29895365834539D-01  0.72571987365063D-01  -.56414332170399D-02
  0.72578797796048D-01  -.14903389617388D+00  0.15904032736025D-01
  -.56390484441600D-02  0.15895851589913D-01  0.54392784553974D-01
$end
