$hessian (projected)
 1  1   0.5729173757  -0.0000249315  -0.0000269665  -0.3168788635  -0.0000030396
 1  2   0.0000029260  -0.0853495886  -0.0353124680   0.0738458552  -0.0853418292
 1  3  -0.0462810319  -0.0674804340  -0.0853470945   0.0816214711  -0.0063413807
 2  1  -0.0000249315   0.5729342069  -0.0000284558  -0.0000050227  -0.0564055573
 2  2   0.0000003062  -0.0353121541  -0.0994921320   0.0901012002  -0.0462807250
 2  3  -0.1304536340  -0.1079536366   0.0816228333  -0.2865828836   0.0178805859
 3  1  -0.0000269665  -0.0000284558   0.5728443801   0.0000019956   0.0000003055
 3  2  -0.0564066780   0.0738469130   0.0901032965  -0.2448311917  -0.0674807584
 3  3  -0.1079548827  -0.2138130202  -0.0063411837   0.0178797364  -0.0577934902
 4  1  -0.3168788635  -0.0000050227   0.0000019956   0.3462260849   0.0000053436
 4  2  -0.0000015457  -0.0097801639  -0.0000525047   0.0001097635  -0.0097808057
 4  3  -0.0000696731  -0.0001010409  -0.0097862519   0.0001218569  -0.0000091725
 5  1  -0.0000030396  -0.0564055573   0.0000003055   0.0000053436   0.0527275340
 5  2   0.0000017244  -0.0157106742   0.0000285516  -0.0014867604  -0.0205982172
 5  3   0.0005394103   0.0017802836   0.0363065874   0.0031100614  -0.0002955531
 6  1   0.0000029260   0.0000003062  -0.0564066780  -0.0000015457   0.0000017244
 6  2   0.0527276733   0.0328524736  -0.0014872631   0.0024260628  -0.0300326914
 6  3   0.0017803212   0.0019143872  -0.0028211625  -0.0002950888  -0.0006614453
 7  1  -0.0853495886  -0.0353121541   0.0738469130  -0.0097801639  -0.0157106742
 7  2   0.0328524736   0.0853372473   0.0397909138  -0.0832099139   0.0048974336
 7  3   0.0070540829  -0.0110576526   0.0048950716   0.0041778316  -0.0124318200
 8  1  -0.0353124680  -0.0994921320   0.0901032965  -0.0000525047   0.0000285516
 8  2  -0.0014872631   0.0397909138   0.1012764698  -0.1015258923   0.0086776927
 8  3   0.0102772444  -0.0173815475  -0.0131036337  -0.0120901338   0.0302914063
 9  1   0.0738458552   0.0901012002  -0.2448311917   0.0001097635  -0.0014867604
 9  2   0.0024260628  -0.0832099139  -0.1015258923   0.2650475031   0.0098343845
 9  3   0.0122537798  -0.0225023210  -0.0005800892   0.0006576727  -0.0001400531
10  1  -0.0853418292  -0.0462807250  -0.0674807584  -0.0097808057  -0.0205982172
10  2  -0.0300326914   0.0048974336   0.0086776927   0.0098343845   0.0853272438
10  3   0.0521540782   0.0760409779   0.0048979575   0.0060471713   0.0116380873
11  1  -0.0462810319  -0.1304536340  -0.1079548827  -0.0000696731   0.0005394103
11  2   0.0017803212   0.0070540829   0.0102772444   0.0122537798   0.0521540782
11  3   0.1361587395   0.1216499263  -0.0128574561  -0.0165217602  -0.0277291446
12  1  -0.0674804340  -0.1079536366  -0.2138130202  -0.0001010409   0.0017802836
12  2   0.0019143872  -0.0110576526  -0.0173815475  -0.0225023210   0.0760409779
12  3   0.1216499263   0.2300990299   0.0025981496   0.0019049741   0.0043019241
13  1  -0.0853470945   0.0816228333  -0.0063411837  -0.0097862519   0.0363065874
13  2  -0.0028211625   0.0048950716  -0.0131036337  -0.0005800892   0.0048979575
13  3  -0.0128574561   0.0025981496   0.0853403173  -0.0919683309   0.0071442859
14  1   0.0816214711  -0.2865828836   0.0178797364   0.0001218569   0.0031100614
14  2  -0.0002950888   0.0041778316  -0.0120901338   0.0006576727   0.0060471713
14  3  -0.0165217602   0.0019049741  -0.0919683309   0.3120847163  -0.0201472944
15  1  -0.0063413807   0.0178805859  -0.0577934902  -0.0000091725  -0.0002955531
15  2  -0.0006614453  -0.0124318200   0.0302914063  -0.0001400531   0.0116380873
15  3  -0.0277291446   0.0043019241   0.0071442859  -0.0201472944   0.0542930645
$end
