$vibrational normal modes
 1  1  -0.1213988320  -0.0412185135  -0.0613402686  -0.0205924126   0.0330002822
 1  2   0.3621614657   0.0410702724  -0.0942320214   0.0709449473  -0.0000011965
 1  3   0.0000080688   0.0000512837   0.0303898812   0.0709111738  -0.0502692750
 2  1  -0.2270592171   0.2162481070  -0.1032262758   0.0216736957   0.0617214790
 2  2  -0.0740658621   0.0204362354  -0.0683009432  -0.1025516248   0.0000058791
 2  3   0.0000052085   0.0001784491   0.0350748235   0.0387215658   0.0758249385
 3  1  -0.2667869177  -0.0685585246   0.2151248956  -0.0411646226  -0.0339189974
 3  2  -0.0456653715   0.1161705789   0.0453297887  -0.0070397130   0.0000006279
 3  3  -0.0000042006   0.0001049527   0.0795290808  -0.0441734795  -0.0142298737
 4  1  -0.1213944998  -0.0412109080  -0.0613284692  -0.0205777412   0.0330004178
 4  2   0.3621693364   0.0302328584  -0.0693750828   0.0522192879  -0.0000036749
 4  3   0.0000070830   0.4995157064  -0.2855151128  -0.6641256180   0.4699243941
 5  1  -0.4094686328  -0.1152782435  -0.5164394572  -0.3749112795   0.1113008138
 5  2  -0.3672250835  -0.0988461593   0.3303938241   0.4960247850   0.1678302511
 5  3   0.4709509030   0.0000467005   0.0074214249   0.0081827692   0.0160542431
 6  1  -0.4634860788  -0.4693243133   0.0897060922   0.3781503087   0.2312930208
 6  2  -0.2153585428  -0.5618629887  -0.2192294178   0.0340257327  -0.4709884290
 6  3   0.1678991221   0.0000249812   0.0168326684  -0.0093397759  -0.0030127512
 7  1  -0.0282859466   0.1648228177  -0.1227300922  -0.5385444522  -0.1724298211
 7  2   0.3872645027  -0.3413098971   0.2741716636  -0.3655816555  -0.4688621081
 7  3  -0.0488126055  -0.1666560117   0.1447801105  -0.2304255318  -0.0939878144
 8  1   0.0147379787   0.3855974660   0.2670085415  -0.0098388170   0.5039132727
 8  2   0.0335174671  -0.2729402935   0.1087569205   0.4686511722   0.1181578261
 8  3  -0.4412263687  -0.2033204927   0.1762300877  -0.2912584761  -0.0856591992
 9  1  -0.1146745443   0.0931698666   0.3681002753  -0.2592261522   0.0970124535
 9  2   0.0156159476  -0.1978035156   0.2440515956   0.0912765637  -0.1272485760
 9  3  -0.2301308352   0.4253064465  -0.3361812772   0.6168817518   0.2096774796
10  1  -0.3716118075  -0.5296283319  -0.3792113824   0.0939478051   0.2656695730
10  2   0.0738805571   0.0148111655   0.3952034687  -0.4109345413   0.2766843981
10  3  -0.3816934867  -0.1672806921  -0.2825117690  -0.0165843900  -0.0506607609
11  1  -0.3317064839   0.2729773317  -0.1780137968   0.3035332429  -0.3741434971
11  2   0.0146455107   0.2426294146   0.2334842740   0.3874797270  -0.3891785716
11  3  -0.1657108350  -0.2675825323  -0.4548212650  -0.0423366115  -0.0480139070
12  1  -0.0877448900   0.1019211018   0.4026934555  -0.2835834372   0.1652716468
12  2   0.0170814277  -0.0639746370  -0.3604118076  -0.1241390495   0.1482981995
12  3   0.2772912685  -0.3901931995  -0.6571458099  -0.0830128594  -0.0963871667
13  1   0.0356995906   0.2411477987   0.3179105630   0.3827990423   0.0057573619
13  2   0.6253337630  -0.1931348061   0.5228854969  -0.1210957152   0.1921956425
13  3   0.4304028605  -0.1661901079   0.0611155362   0.0661453668   0.2737418134
14  1  -0.1817965015   0.3216974343   0.0145440926   0.1679097696   0.0058225497
14  2   0.0227993648  -0.1143647820   0.1412511827  -0.1301322632   0.1031204383
14  3   0.1359242359   0.4687298929  -0.1467880892  -0.1360007546  -0.7859246058
15  1  -0.4012417846   0.0000000000   0.0000000000   0.0000000000  -0.6292535984
15  2   0.0000000000  -0.5606681620  -0.2045682042   0.0827232272   0.4499313232
15  3  -0.2150094998  -0.0363888629   0.0288117315   0.0018499304   0.0592881474
$end
