$hessian (projected)
 1  1   1.1853238904   0.0604793833   0.0000000000  -1.1853238904  -0.0604793833
 1  2   0.0000000000
 2  1   0.0604793833   0.0030858703   0.0000000000  -0.0604793833  -0.0030858703
 2  2   0.0000000000
 3  1   0.0000000000   0.0000000000   0.0000000000   0.0000000000   0.0000000000
 3  2   0.0000000000
 4  1  -1.1853238904  -0.0604793833   0.0000000000   1.1853238904   0.0604793833
 4  2   0.0000000000
 5  1  -0.0604793833  -0.0030858703   0.0000000000   0.0604793833   0.0030858703
 5  2   0.0000000000
 6  1   0.0000000000   0.0000000000   0.0000000000   0.0000000000   0.0000000000
 6  2   0.0000000000
$end
