$coord
   -7.02882554848963      1.12147770462068      1.38768703507056       c
   -6.40751448832359      1.81564939988336     -1.27388490306127       c
   -4.01303997567642      2.62037150147811     -1.39979980451492       c
   -2.90349453096560      2.53514866757830      1.09842007910909       c
   -4.62060429088652      1.67440524708205      2.74574182913216       c
   -7.54731457096116     -0.86960396429167      1.54444120520719       h
   -8.60666490637573      2.22527922215916      2.12991347290402       h
   -7.73853347255388      1.65170125984776     -2.79801995291363       h
   -3.01844774103159      3.24223791798010     -3.05858272820834       h
   -0.99179113292648      3.09334339492891      1.50573307671484       h
   -4.38986877570183      1.39307252325376      4.74442356814358       h
   -4.74190907582909     -4.80747072419809     -1.51886219941130       c
   -3.81365082331776     -5.03942217177520      0.82371760956121       c
   -1.17236370281977     -4.05294671571491      0.88760679475142       c
   -0.75061752352743     -3.24887422762176     -1.78179350223284       c
   -2.83924177535795     -3.69429036824837     -3.13742889799383       c
   -6.59450661445354     -5.34706498229773     -2.15764283372383       h
   -4.74959964957741     -5.79955492689251      2.45957945754397       h
    0.17962280885983     -5.49181411532814      1.48997524606788       h
   -0.99385383734483     -2.46019497952108      2.18804696640833       h
    0.99263481130794     -2.43357035687555     -2.42780321775022       h
   -3.11945163284546     -3.30776182075821     -5.11255646161181       h
$end
