           1           2   1.04117040621799     
           2           3   1.80472190383193     
           3           4   1.14126143422482     
           1           5   1.04112966588060     
           2           5  0.126347858133628     
           4           5   1.80239673807886     
           1           6  0.928882542303085     
           1           7  0.933330759998808     
           2           8  0.973314838450807     
           3           9  0.973015597394332     
           4          10  0.972948884147924     
           5          11  0.973309874807293     
          12          13   1.80285162218960     
          13          14   1.04110234274483     
          13          15  0.126439898052240     
          14          15   1.04141137688019     
          12          16   1.14154323732326     
          15          16   1.80429541462164     
          12          17  0.973043273806076     
          13          18  0.973304387961081     
          14          19  0.933636826870870     
          14          20  0.927664164364175     
          15          21  0.973325950615586     
          16          22  0.973027983295259     
