$energy      SCF               SCFKIN            SCFPOT
     1 -600.5245062540      599.7402713016     -1200.264777556
     2 -600.5529737721      599.6176948975     -1200.170668670
     3 -600.5902146272      599.4557425387     -1200.045957166
     4 -600.6100525153      599.3624982564     -1199.972550772
     5 -600.6196535832      599.3037251939     -1199.923378777
     6 -600.6229918771      599.2670918178     -1199.890083695
     7 -600.6246873637      599.2426433084     -1199.867330672
     8 -600.6275527839      599.2347310363     -1199.862283820
     9 -600.6326169546      599.2237331218     -1199.856350076
    10 -600.6397447963      599.2249664025     -1199.864711199
    11 -600.6457104275      599.2997720600     -1199.945482487
    12 -600.6508883170      599.3685433004     -1200.019431617
    13 -600.6554096167      599.4096735944     -1200.065083211
    14 -600.6590932107      599.4379691212     -1200.097062332
    15 -600.6623369259      599.4527012914     -1200.115038217
    16 -600.6645599285      599.4703833090     -1200.134943238
    17 -600.6653207205      599.4869619001     -1200.152282621
    18 -600.6652830636      599.4577811203     -1200.123064184
    19 -600.6654535283      599.4616881071     -1200.127141635
    20 -600.6655030113      599.4680461419     -1200.133549153
    21 -600.6655122258      599.4652209058     -1200.130733132
    22 -600.6655121987      599.4661907436     -1200.131702942
    23 -600.6655122663      599.4662771936     -1200.131789460
$end
