$energy      SCF               SCFKIN            SCFPOT
     1 -600.4069566014      601.0161482852     -1201.423104887
     2 -600.4548521788      600.8826121602     -1201.337464339
     3 -600.5230859122      600.6921792956     -1201.215265208
     4 -600.5627098391      600.5674997799     -1201.130209619
     5 -600.5837152608      600.4643536191     -1201.048068880
     6 -600.5954338098      600.3794685134     -1200.974902323
     7 -600.6042471121      600.3190797233     -1200.923326835
     8 -600.6125832060      600.2781696724     -1200.890752878
     9 -600.6211190178      600.2515076739     -1200.872626692
    10 -600.6291297112      600.2315603360     -1200.860690047
    11 -600.6359393496      600.2109495774     -1200.846888927
    12 -600.6415531171      600.1864429391     -1200.827996056
    13 -600.6462968109      600.1569604201     -1200.803257231
    14 -600.6503838863      600.1245482643     -1200.774932151
    15 -600.6538631398      600.0917404831     -1200.745603623
    16 -600.6566592834      600.0600305895     -1200.716689873
    17 -600.6587729137      600.0323420066     -1200.691114920
    18 -600.6603027303      600.0097583501     -1200.670061080
    19 -600.6615766713      599.9881867024     -1200.649763374
    20 -600.6627119144      599.9680408230     -1200.630752737
    21 -600.6636026347      599.9520887194     -1200.615691354
    22 -600.6639911331      599.9415272419     -1200.605518375
    23 -600.6640136741      599.9312188188     -1200.595232493
    24 -600.6640277411      599.9304560276     -1200.594483769
    25 -600.6640407648      599.9324555743     -1200.596496339
    26 -600.6640405451      599.9333930210     -1200.597433566
    27 -600.6640396006      599.9336358946     -1200.597675495
    28 -600.6640388726      599.9336399971     -1200.597678870
    29 -600.6640388018      599.9335866847     -1200.597625487
$end
