$energy      SCF               SCFKIN            SCFPOT
     1 -568.0575238750      567.1183776548     -1135.175901530
     2 -568.0575292454      567.1238384545     -1135.181367700
     3 -568.0575297955      567.1258592741     -1135.183389070
     4 -568.0575300409      567.1262707452     -1135.183800786
     5 -568.0575304220      567.1266364870     -1135.184166909
     6 -568.0575308913      567.1273685509     -1135.184899442
     7 -568.0575310459      567.1276242746     -1135.185155320
     8 -568.0575311506      567.1277126000     -1135.185243751
$end
