$energy      SCF               SCFKIN            SCFPOT            MP2
     1 -567.0336053037      566.950672     -1133.98428     -.6810521012604
     2 -567.0339914234      566.998962     -1134.03295     -.6810194324730
     3 -567.0340283786      567.014033     -1134.04806     -.6810144392787
     4 -567.0340463975      567.017573     -1134.05162     -.6810127961151
     5 -567.0340694628      567.020519     -1134.05459     -.6810111562886
     6 -567.0340925303      567.020431     -1134.05452     -.6810082695426
     7 -567.0341223666      567.028493     -1134.06262     -.6810031215263
     8 -567.0341224864      567.028745     -1134.06287     -.6810029685336
     9 -567.0341225061      567.028804     -1134.06293     -.6810029161153
$end
