$energy      SCF               SCFKIN            SCFPOT
     1 -600.5240242353      599.7622753882     -1200.286299624
     2 -600.5536853970      599.6380935067     -1200.191778904
     3 -600.5931391041      599.4739447896     -1200.067083894
     4 -600.6144722904      599.3769914694     -1199.991463760
     5 -600.6248322206      599.3123382635     -1199.937170484
     6 -600.6285716593      599.2711004543     -1199.899672114
     7 -600.6294583590      599.2474277878     -1199.876886147
     8 -600.6313512321      599.2362578485     -1199.867609081
     9 -600.6348310094      599.2332495879     -1199.868080597
    10 -600.6404329152      599.2342994153     -1199.874732330
    11 -600.6460544666      599.3063890105     -1199.952443477
    12 -600.6505275486      599.3517198361     -1200.002247385
    13 -600.6544473496      599.3999302878     -1200.054377637
    14 -600.6580430504      599.4369499279     -1200.094992978
    15 -600.6611518273      599.4614330052     -1200.122584832
    16 -600.6635701371      599.4777918254     -1200.141361963
    17 -600.6646747043      599.4973815262     -1200.162056231
    18 -600.6643441671      599.4898924768     -1200.154236644
    19 -600.6647429893      599.4863080661     -1200.151051055
    20 -600.6647777146      599.4861225983     -1200.150900313
    21 -600.6647790836      599.4840200657     -1200.148799149
    22 -600.6647803285      599.4840881886     -1200.148868517
    23 -600.6647807560      599.4840707564     -1200.148851512
    24 -600.6647809129      599.4839919284     -1200.148772841
$end
