           1           2  0.972313512242900     
           2           3  0.630814487097885     
           5           6  0.857840367176651     
           1           7   1.02612337091735     
           7           8   2.80194373043885     
           1           9  0.942652491804158     
           1          10  0.945780425641404     
           2          11   2.25973863526342     
           3          11  0.313045769311235     
           4          12  0.988168800041776     
           8          13  0.967326748545170     
           5          14  0.922087318858243     
