$energy      SCF               SCFKIN            SCFPOT            MP2
     1 -567.0336046460      566.950605     -1133.98421     -.6811556670992
     2 -567.0339907010      566.998881     -1134.03287     -.6811228342946
     3 -567.0340277005      567.013941     -1134.04797     -.6811177407368
     4 -567.0340457752      567.017492     -1134.05154     -.6811160578840
     5 -567.0340689577      567.020451     -1134.05452     -.6811145102999
     6 -567.0340919674      567.020347     -1134.05444     -.6811116041098
     7 -567.0341216865      567.028412     -1134.06253     -.6811065387620
     8 -567.0341218040      567.028663     -1134.06279     -.6811063946867
     9 -567.0341218238      567.028722     -1134.06284     -.6811063355610
$end
