$coord
    0.00000000000000      0.00000000000000      0.00000000000000  c f
    0.01504517685097     -0.00212802005392     -5.63165766301105  cl
    0.00000000000000      0.00000000000000      3.25000000000000  f f
   -0.99509088013639      1.72393312664179     -0.39891673224215  h
   -0.99510240705380     -1.72385566973668     -0.39929908653965  h
    1.99029553637912      0.00005335089227     -0.39872722247092  h
$redundant
     number_of_atoms             6
     degrees_of_freedom         12
     internal_coordinates       13
     frozen_coordinates          1
# definitions of redundant internals
   1 k  1.0000000000000 stre   1    4           val=   2.03010
   2 k  1.0000000000000 stre   1    5           val=   2.03011
   3 k  1.0000000000000 stre   1    6           val=   2.02984
   4 k  1.0000000000000 stre   1    2           val=   5.63168
   5 k  1.0000000000000 stre   1    3           val=   3.25000
   6 k  0.3136083885152 bend   5    4    1      val=  28.70634
        0.3136083843652 bend   6    4    1
        0.3136083843652 bend   6    5    1
        0.3427704146222 bend   2    4    1
        0.3427704146222 bend   2    5    1
        0.3427704133991 bend   2    6    1
       -0.3427704142931 bend   3    4    1
       -0.3427704142931 bend   3    5    1
       -0.3427704140571 bend   3    6    1
   7 k -0.7419003564297 bend   5    4    1      val=  -0.01799
        0.3709501802305 bend   6    4    1
        0.3709501802305 bend   6    5    1
       -0.0735807180649 bend   2    4    1
       -0.0735807180649 bend   2    5    1
        0.1471614397044 bend   2    6    1
       -0.1537807185985 bend   3    4    1
       -0.1537807185985 bend   3    5    1
        0.3075614351643 bend   3    6    1
   8 k -0.6425045561969 bend   6    4    1      val=  -0.00138
        0.6425045561969 bend   6    5    1
       -0.1274455438681 bend   2    4    1
        0.1274455438681 bend   2    5    1
       -0.2663560185435 bend   3    4    1
        0.2663560185435 bend   3    5    1
   9 k  0.1530611905819 bend   6    4    1      val=   0.01141
       -0.1530611905819 bend   6    5    1
        0.4017133105401 bend   2    4    1
       -0.4017133105401 bend   2    5    1
       -0.5614255855165 bend   3    4    1
        0.5614255855165 bend   3    5    1
  10 k  0.1767398370709 bend   5    4    1      val=   0.03794
       -0.0883699187135 bend   6    4    1
       -0.0883699187135 bend   6    5    1
        0.2319292872926 bend   2    4    1
        0.2319292872926 bend   2    5    1
       -0.4638585762303 bend   2    6    1
       -0.3241392125386 bend   3    4    1
       -0.3241392125386 bend   3    5    1
        0.6482784273477 bend   3    6    1
  11 k -0.2525077567201 bend   6    4    1      val=   0.01035
        0.2525077567201 bend   6    5    1
        0.5677887366645 bend   2    4    1
       -0.5677887366645 bend   2    5    1
        0.3374252262548 bend   3    4    1
       -0.3374252262548 bend   3    5    1
  12 k  0.2915708413730 bend   5    4    1      val=  -0.05423
       -0.1457854212358 bend   6    4    1
       -0.1457854212358 bend   6    5    1
       -0.3278129794933 bend   2    4    1
       -0.3278129794933 bend   2    5    1
        0.6556259605318 bend   2    6    1
       -0.1948125447885 bend   3    4    1
       -0.1948125447885 bend   3    5    1
        0.3896250915760 bend   3    6    1
  13 f  1.0000000000000 stre   1    3           val=   3.25000
        12 non zero eigenvalues  of BmBt
           1           4.870637030    1    0
         1
           2           3.160987570    2    0
         2
           3           3.160987565    3    0
         3
           4           1.000000000    4    0
         4
           5           0.790247547    6    0
         6
           6           0.765597503    7    0
         7
           7           0.765597503    8    0
         8
           8           0.571072954    9    0
         9
           9           0.571072952   10    0
        10
          10           0.187497970   11    0
        11
          11           0.187497969   12    0
        12
          12        1000.000000000    0    1
         0.000000000         0.000000000         0.000000000         0.000000000
         0.000000000         0.000000000         0.000000000         0.000000000
         0.000000000         0.000000000         0.000000000         0.000000000
         1.000000000
$end
