$energy      SCF               SCFKIN            SCFPOT
     1 -600.5091216577      600.0760849682     -1200.585206626
     2 -600.5489583382      599.9393636079     -1200.488321946
     3 -600.6058277233      599.7537370013     -1200.359564725
     4 -600.6393222364      599.6354150250     -1200.274737261
     5 -600.6566800218      599.5386729554     -1200.195352977
     6 -600.6623137524      599.4674180598     -1200.129731812
     7 -600.6632087665      599.4396609240     -1200.102869691
     8 -600.6636336854      599.4241347407     -1200.087768426
     9 -600.6644090249      599.3904761424     -1200.054885167
    10 -600.6648582032      599.3787111795     -1200.043569383
    11 -600.6665147364      599.3562530528     -1200.022767789
    12 -600.6671548365      599.3425997852     -1200.009754622
    13 -600.6682626150      599.3194910596     -1199.987753675
    14 -600.6682817710      599.3184839495     -1199.986765720
    15 -600.6701306120      599.2961643923     -1199.966295004
    16 -600.6721919424      599.2639560534     -1199.936147996
    17 -600.6722111862      599.2807507787     -1199.952961965
    18 -600.6723620761      599.2737587701     -1199.946120846
    19 -600.6724209647      599.2687874182     -1199.941208383
    20 -600.6725007760      599.2634708812     -1199.935971657
    21 -600.6725385294      599.2575186628     -1199.930057192
    22 -600.6725887415      599.2544633112     -1199.927052053
    23 -600.6726003671      599.2510254989     -1199.923625866
    24 -600.6726060151      599.2486561932     -1199.921262208
    25 -600.6726083604      599.2473731418     -1199.919981502
    26 -600.6726093252      599.2462047192     -1199.918814044
    27 -600.6726097990      599.2454439564     -1199.918053755
    28 -600.6726100646      599.2450534550     -1199.917663520
    29 -600.6726101920      599.2448157297     -1199.917425922
    30 -600.6726102254      599.2446585714     -1199.917268797
    31 -600.6726102486      599.2445512808     -1199.917161529
$end
