$energy      SCF               SCFKIN            SCFPOT            MP2
     1 -2792.270690897      2792.18080     -5584.45149     -.8075185791927
     2 -2792.271076793      2792.22904     -5584.50011     -.8074849503901
     3 -2792.271113854      2792.24408     -5584.51519     -.8074795792063
     4 -2792.271132244      2792.24763     -5584.51877     -.8074777646530
     5 -2792.271155566      2792.25059     -5584.52175     -.8074760838267
     6 -2792.271178207      2792.25056     -5584.52174     -.8074733965677
     7 -2792.271208020      2792.25856     -5584.52977     -.8074683882537
     8 -2792.271208137      2792.25882     -5584.53003     -.8074683724312
     9 -2792.271208155      2792.25887     -5584.53008     -.8074682818806
$end
