           1           2   1.98255783353165     
           2           3   1.00958739545685     
           3           4  0.974396721352286     
           4           5   1.07956867508279     
           4           6  0.136441112853857     
           5           6   1.87154515650130     
           1           7  0.976358945140257     
           1           8  0.973769255045120     
           2           9  0.965460542964781     
           3          10  0.952312596035129     
           3          11  0.955171917113365     
           5          12  0.955691407447304     
           6          13  0.972683478744236     
           6          14  0.977663975857485     
