$energy      SCF               SCFKIN            SCFPOT            MP2
     1 -567.0336057216      566.950618     -1133.98422     -.6811131771851
     2 -567.0339918180      566.998905     -1134.03290     -.6810804468096
     3 -567.0340287869      567.013973     -1134.04800     -.6810754118317
     4 -567.0340468301      567.017516     -1134.05156     -.6810737624653
     5 -567.0340699778      567.020476     -1134.05455     -.6810722371359
     6 -567.0340930062      567.020364     -1134.05446     -.6810692951309
     7 -567.0341227599      567.028431     -1134.06255     -.6810642125193
     8 -567.0341228893      567.028710     -1134.06283     -.6810640914766
     9 -567.0341229013      567.028748     -1134.06287     -.6810639813478
$end
