$energy      SCF               SCFKIN            SCFPOT
     1 -600.5242552187      599.7519583019     -1200.276213521
     2 -600.5534423158      599.6282103210     -1200.181652637
     3 -600.5920047145      599.4648583640     -1200.056863079
     4 -600.6127517852      599.3692658709     -1199.982017656
     5 -600.6229121902      599.3068901758     -1199.929802366
     6 -600.6264684511      599.2674672402     -1199.893935691
     7 -600.6276221400      599.2437698476     -1199.871391988
     8 -600.6299026071      599.2357532443     -1199.865655851
     9 -600.6339577620      599.2268604194     -1199.860818181
    10 -600.6403766057      599.2207051944     -1199.861081800
    11 -600.6462376058      599.2932649624     -1199.939502568
    12 -600.6510297213      599.3549833840     -1200.006013105
    13 -600.6551140233      599.4055766654     -1200.060690689
    14 -600.6588144125      599.4413287167     -1200.100143129
    15 -600.6619880037      599.4613610921     -1200.123349096
    16 -600.6643615715      599.4750497073     -1200.139411279
    17 -600.6652962537      599.4927512414     -1200.158047495
    18 -600.6649642856      599.4742350244     -1200.139199310
    19 -600.6653220154      599.4752070179     -1200.140529033
    20 -600.6653614980      599.4775543378     -1200.142915836
    21 -600.6653731928      599.4750825406     -1200.140455733
    22 -600.6653861793      599.4755386141     -1200.140924793
    23 -600.6653863814      599.4756670060     -1200.141053387
    24 -600.6653864984      599.4757082712     -1200.141094770
$end
