$coord
   -5.33892923047536      2.80797158205452      0.00000844174386  c
   -5.55841447866213      0.16437267522260     -0.00004906546933  c
   -3.33734229971884     -1.18546706666734      0.00003145998629  c
   -0.92410302519744     -0.22032026774477      0.00001828736977  c
   -0.70470184760005      2.42328568451432     -0.00005902515953  c
   -2.92575876206379      3.77279924084024     -0.00001215880201  c
   -6.99525472750235      4.01095993054944      0.00016404456886  h
   -7.39052792005094     -0.74887264485194     -0.00013304112108  h
    0.73235891951336     -1.42314767636827      0.00013589894748  h
    1.12730366465657      3.33671191362024     -0.00010484206428  h
$redundant
     number_of_atoms            10
     degrees_of_freedom         24
     internal_coordinates       24
     frozen_coordinates          0
# definitions of redundant internals
   1 k  1.0000000000000 stre   1    7           val=   2.04709
   2 k -0.7071067811865 bend   6    7    1      val=  -0.48597
        0.7071067811865 bend   2    7    1
   3 k  1.0000000000000 outp   7    2    6    1 val=   0.00275
   4 k  1.0000000000000 stre   2    8           val=   2.04711
   5 k -0.7071067811865 bend   3    8    2      val=  -0.48786
        0.7071067811865 bend   1    8    2
   6 k  1.0000000000000 outp   8    1    3    2 val=  -0.00052
   7 k  1.0000000000000 stre   4    9           val=   2.04711
   8 k -0.7071067811865 bend   3    9    4      val=  -0.48797
        0.7071067811865 bend   5    9    4
   9 k  1.0000000000000 outp   9    5    3    4 val=   0.00199
  10 k  1.0000000000000 stre   5   10           val=   2.04709
  11 k  0.7071067811865 bend   6   10    5      val=   0.48588
       -0.7071067811865 bend   4   10    5
  12 k  1.0000000000000 outp  10    4    6    5 val=  -0.00128
  13 k  1.0000000000000 stre   1    6           val=   2.59890
  14 k  1.0000000000000 stre   6    5           val=   2.59890
  15 k  1.0000000000000 stre   5    4           val=   2.65269
  16 k  1.0000000000000 stre   4    3           val=   2.59908
  17 k  1.0000000000000 stre   3    2           val=   2.59908
  18 k  1.0000000000000 stre   2    1           val=   2.65269
  19 k -0.2886751345948 bend   1    5    6      val=  -2.59457
       -0.2886751345948 bend   6    4    5
        0.5773502691896 bend   5    3    4
       -0.2886751345948 bend   4    2    3
       -0.2886751345948 bend   3    1    2
        0.5773502691896 bend   2    6    1
  20 k  0.5000000000000 bend   1    5    6      val=   5.18907
       -0.5000000000000 bend   6    4    5
        0.5000000000000 bend   4    2    3
       -0.5000000000000 bend   3    1    2
  21 k -0.4082482904639 bend   1    5    6      val=  -0.00337
        0.4082482904639 bend   6    4    5
       -0.4082482904639 bend   5    3    4
        0.4082482904639 bend   4    2    3
       -0.4082482904639 bend   3    1    2
        0.4082482904639 bend   2    6    1
  22 k -0.2886751345948 tors   6    5    4    3 val=  -0.00243
       -0.2886751345948 tors   5    4    3    2
        0.5773502691896 tors   4    3    2    1
       -0.2886751345948 tors   3    2    1    6
       -0.2886751345948 tors   2    1    6    5
        0.5773502691896 tors   1    6    5    4
  23 k  0.5000000000000 tors   6    5    4    3 val=   0.00154
       -0.5000000000000 tors   5    4    3    2
        0.5000000000000 tors   3    2    1    6
       -0.5000000000000 tors   2    1    6    5
  24 k -0.4082482904639 tors   6    5    4    3 val=   0.00067
        0.4082482904639 tors   5    4    3    2
       -0.4082482904639 tors   4    3    2    1
        0.4082482904639 tors   3    2    1    6
       -0.4082482904639 tors   2    1    6    5
        0.4082482904639 tors   1    6    5    4
        24 non zero eigenvalues  of BmBt
           1           9.685540488    1    0
         1
           2           5.057159097    2    0
         2
           3           4.122203883    3    0
         3
           4           3.931386172    4    0
         4
           5           3.543761032    5    0
         5
           6           3.361651159    6    0
         6
           7           3.291160882    7    0
         7
           8           2.731648828    8    0
         8
           9           2.609883755    9    0
         9
          10           2.370576220   10    0
        10
          11           1.904725001   11    0
        11
          12           1.223420070   12    0
        12
          13           1.151804359   13    0
        13
          14           0.990624910   14    0
        14
          15           0.781606436   15    0
        15
          16           0.713836346   16    0
        16
          17           0.359879155   17    0
        17
          18           0.348701678   18    0
        18
          19           0.327617503   19    0
        19
          20           0.322037883   20    0
        20
          21           0.299590921   21    0
        21
          22           0.277878702   22    0
        22
          23           0.277794943   23    0
        23
          24           0.108242394   24    0
        24
$end
