$energy      SCF               SCFKIN            SCFPOT
     1 -376.2636652347      373.9824396162     -750.2461048509
     2 -376.3097287771      374.3944612846     -750.7041900617
     3 -376.3685484558      375.1763257445     -751.5448742003
     4 -376.3886184198      375.5358196128     -751.9244380327
     5 -376.3895295206      375.3865466512     -751.7760761718
     6 -376.3894318411      375.4410879392     -751.8305197803
     7 -376.3895838452      375.3790884186     -751.7686722638
     8 -376.3895858455      375.3689232910     -751.7585091365
     9 -376.3895859949      375.3697750877     -751.7593610825
    10 -376.3895860124      375.3697431625     -751.7593291749
$end
