$coord
   -1.92818026589420     11.08866205640364     -6.26202905049792       c
   -3.97896405373859     10.19136217377958     -5.16708672516222       c
   -4.85836065326135      7.49416958583771     -5.30740413210906       c
   -3.50022391614860      5.94742176758997     -6.99953509495352       o
   -3.93663443245781      6.23331310489216     -9.50504550775475       c
   -5.44303392459753      7.85370099861324    -10.66974861644272       c
   -0.71807735508097      9.90621821817634     -7.39377358508195       h
   -1.38113949974511     13.03869486074426     -6.07632651382021       h
   -5.18285359058680     11.38802414231029     -4.02654480882765       h
   -6.88629758782861      7.44539983727987     -5.76327357218686       h
   -4.60356611517975      6.60727564120709     -3.45090034995618       h
   -2.83608420879995      4.85231018081594    -10.53757841303934       h
   -6.53045853696495      9.26696880640215     -9.69712107282003       h
   -5.60525633299829      7.81233798113309    -12.69162909048666       h
$end
