$energy      SCF               SCFKIN            SCFPOT            MP2
     1 -2792.270713939      2792.18062     -5584.45134     -.8072420331619
     2 -2792.271100064      2792.22892     -5584.50002     -.8072091165604
     3 -2792.271136884      2792.24399     -5584.51513     -.8072041235282
     4 -2792.271154901      2792.24753     -5584.51869     -.8072024802173
     5 -2792.271178140      2792.25048     -5584.52166     -.8072009080074
     6 -2792.271201054      2792.25038     -5584.52158     -.8071979633246
     7 -2792.271231007      2792.25845     -5584.52968     -.8071927073352
     8 -2792.271231136      2792.25872     -5584.52995     -.8071926650164
     9 -2792.271231147      2792.25876     -5584.52999     -.8071925631857
$end
