$energy      SCF               SCFKIN            SCFPOT
     1 -600.3926857315      600.3269280046     -1200.719613736
     2 -600.4376294413      600.1914380142     -1200.629067456
     3 -600.5016717019      600.0063109350     -1200.507982637
     4 -600.5390220424      599.8921329827     -1200.431155025
     5 -600.5578046209      599.7961741793     -1200.353978800
     6 -600.5647374358      599.7186597814     -1200.283397217
     7 -600.5677309757      599.6743001094     -1200.242031085
     8 -600.5713225755      599.6332101465     -1200.204532722
     9 -600.5754437729      599.6068139976     -1200.182257771
    10 -600.5804384807      599.5909121921     -1200.171350673
    11 -600.5848686127      599.5741801222     -1200.159048735
    12 -600.5879757923      599.5545895718     -1200.142565364
    13 -600.5903904090      599.5270454890     -1200.117435898
    14 -600.5922909090      599.4963418865     -1200.088632795
    15 -600.5937150091      599.4677258916     -1200.061440901
    16 -600.5946593902      599.4419217142     -1200.036581104
    17 -600.5952106937      599.4183165259     -1200.013527220
    18 -600.5954527385      599.3988409183     -1199.994293657
    19 -600.5954692305      599.3965579009     -1199.992027131
    20 -600.5954736031      599.3966056264     -1199.992079230
    21 -600.5954741476      599.3966175947     -1199.992091742
    22 -600.5954740876      599.3966480290     -1199.992122117
$end
