$coord
  -12.14804770037303      5.16596320415071     -0.02239325457682       c
  -12.07873254612175      2.64013636871466      0.17837124890343       c
   -9.80835888821261      6.66542308951877      0.29494845353159       c
   -7.39190940086990      5.36466790615511      0.83531563886833       c
   -7.32259424661863      2.83884107071906      1.03608014234857       c
   -9.66218857247281      1.33936228808976      0.71826600270901       c
   -9.59907171991031     -0.95710848760046      0.90028442303296       o
   -9.87130566542390      8.96181827616401      0.11192847836158       o
$end
