$coord
   -9.83015862858625      2.39701547603101      0.00000000000000  c
  -10.00618477868668     -0.26447321323501      0.00000000000000  c
   -7.46084959079829      3.57477747369980      0.00000000000000  c
   -5.28798507193048      2.06008939539237     -0.00000000000000  c
   -5.49138302111254     -0.62402494680924      0.00000000000000  c
   -7.85596556466248     -1.81558348927474      0.00000000000000  c
   -2.57747972431254      2.70001788092591      0.00000000000000  c
   -1.28267112495696      0.19100423347576      0.00000000000000  c
   -3.08708153079834     -1.68877474606048      0.00000000000000  n
   -1.48464610400548      4.77099152949655     -0.00000000000000  o
    1.28267112495696     -0.19100423347576      0.00000000000000  c
    3.08708153079834      1.68877474606048      0.00000000000000  n
    5.49138302111254      0.62402494680924      0.00000000000000  c
    5.28798507193048     -2.06008939539237      0.00000000000000  c
    2.57747972431254     -2.70001788092591      0.00000000000000  c
    1.48464610400547     -4.77099152949655     -0.00000000000000  o
    7.85596556466248      1.81558348927474      0.00000000000000  c
   10.00618477868668      0.26447321323500      0.00000000000000  c
    9.83015862858625     -2.39701547603101      0.00000000000000  c
    7.46084959079829     -3.57477747369980      0.00000000000000  c
  -11.55673855939896      3.53438847668472      0.00000000000000  h
  -11.87540357790833     -1.15404488052852      0.00000000000000  h
   -7.27470806015142      5.63469467934394      0.00000000000000  h
   -8.02322904957988     -3.87678238233940     -0.00000000000000  h
   -2.59803362880185     -3.55589572499360      0.00000000000000  h
    2.59803362880185      3.55589572499360      0.00000000000000  h
    8.02322904957988      3.87678238233940     -0.00000000000000  h
   11.87540357790833      1.15404488052852      0.00000000000000  h
   11.55673855939896     -3.53438847668472      0.00000000000000  h
    7.27470806015142     -5.63469467934394      0.00000000000000  h
$user-defined bonds
$end
