$grad          cartesian gradients
  cycle =      1    SCF energy =     -139.9535721157   |dE/dxyz| =  0.027809
    3.12551252382479     18.14626518707017      0.00000000000000      c
    3.41711616211580     15.55191688235519      0.00000000000000      f
    2.53860138403852     18.78349973355523      1.90909581740318      h
    1.65891497576398     18.68462926271481     -1.39800048973690      h
    4.94486524756950     19.05397623377291     -0.51109532766629      h
  0.12381496690883D-02  -.10780278794423D-01  -.39241540913976D-04
  0.71011215725003D-03  -.63637822763463D-02  0.13220523802482D-04
  -.40100426450423D-02  0.55782102803677D-02  0.12564757260337D-01
  -.98069053880080D-02  0.49228391059691D-02  -.91950098275964D-02
  0.11804224352225D-01  0.73505968617205D-02  -.33466644778503D-02
  cycle =      2    SCF energy =     -139.9545318130   |dE/dxyz| =  0.006342
    3.12449102500085     18.15518182916967      0.00005121239831      c
    3.41476947530532     15.57296331977626     -0.00003404013406      f
    2.54758691657557     18.77442540047140      1.87947480169243      h
    1.68162567775125     18.67706130972613     -1.37628628141233      h
    4.91653719867960     19.04065544032486     -0.50320569254435      h
  0.48181022025600D-03  -.42040463585849D-02  -.20755373150258D-04
  -.58560265719099D-04  0.49091394156864D-03  0.84656326150290D-05
  -.74463579074048D-03  0.14141563740388D-02  0.21951486850607D-02
  -.17604372341209D-02  0.12909264744437D-02  -.16055603584819D-02
  0.20182191381737D-02  0.17170775805809D-02  -.58096576822618D-03
  cycle =      3    SCF energy =     -139.9545687394   |dE/dxyz| =  0.001811
    3.12403140590671     18.15919140064038      0.00008211735528      c
    3.41441665335934     15.57625291669131     -0.00004694180289      f
    2.54943104060150     18.77218053545243      1.87351403445998      h
    1.68626629626719     18.67512624285469     -1.37191173656210      h
    4.91086489717785     19.03753620382950     -0.50163747345027      h
  0.15209777439437D-03  -.13352854109526D-02  -.80781656320861D-05
  -.10799433905928D-03  0.94995652681262D-03  0.57755757832401D-05
  0.22605122438658D-04  0.37878493826184D-03  -.22118982720389D-03
  0.12136189415951D-03  0.38062826884596D-03  0.15989866718542D-03
  -.25304316680835D-03  0.33824660463634D-03  0.60110502180475D-04
  cycle =      4    SCF energy =     -139.9545738267   |dE/dxyz| =  0.000590
    3.12375912040449     18.16162060835659      0.00009890719976      c
    3.41446222530754     15.57591217595371     -0.00004633468819      f
    2.54907250005554     18.77143325178149      1.87510548385701      h
    1.68521241471534     18.67431233412684     -1.37307183041193      h
    4.91250403282968     19.03700892924969     -0.50208622595665      h
  0.33653959852054D-04  -.27452883518653D-03  -.22480518293982D-05
  -.20116700590211D-04  0.17574641973805D-03  0.49010017759889D-05
  -.45938119748241D-04  0.27495528320710D-03  0.70291930970412D-04
  -.79634482908188D-04  0.26343748887982D-03  -.55699539477982D-04
  0.46706531857926D-04  0.27511569139683D-03  -.21211938903087D-04
  cycle =      5    SCF energy =     -139.9545748520   |dE/dxyz| =  0.000339
    3.12364124334903     18.16267970169021      0.00010354207754      c
    3.41439722550445     15.57648858463609     -0.00004325871102      f
    2.54913015113117     18.77088328871805      1.87510314773855      h
    1.68528422500600     18.67377165326833     -1.37306874752684      h
    4.91255744832194     19.03646407115564     -0.50209468357824      h
  -.17813988776635D-04  0.18309663649847D-03  -.57037892975398D-06
  -.18525759187260D-04  0.16078192074120D-03  0.50069715952228D-05
  0.33675517982310D-05  0.13073731696034D-03  -.54462919433902D-04
  0.27831380655721D-04  0.12662573374402D-03  0.35020927289998D-04
  -.60407917134936D-04  0.11395440335326D-03  0.10905588404492D-04
  cycle =      6    SCF energy =     -139.9545748496   |dE/dxyz| =  0.000326
    3.12364799610587     18.16262617972071      0.00010231109583      c
    3.41440543163529     15.57640356788508     -0.00004176850949      f
    2.54907400025347     18.77092202047573      1.87529716604109      h
    1.68513774485581     18.67380196646590     -1.37321134108717      h
    4.91274512046216     19.03653356492089     -0.50214636754027      h
  -.93749726252645D-05  0.11220829789899D-03  -.12229797462515D-05
  -.16766240587385D-04  0.14337656871233D-03  0.52721536766276D-05
  -.19759416811763D-04  0.15779990795104D-03  0.20038289490737D-04
  -.29529496133746D-04  0.14998292710055D-03  -.19341609025308D-04
  0.99156794149263D-05  0.15178884625303D-03  -.88640807580555D-05
$end
