$hessian (projected)
 1  1   0.3957476861   0.0263857934   0.0000000000  -0.3957476861  -0.0263857934
 1  2   0.0000000000
 2  1   0.0263857934   0.0017592272   0.0000000000  -0.0263857934  -0.0017592272
 2  2   0.0000000000
 3  1   0.0000000000   0.0000000000   0.0000000000   0.0000000000   0.0000000000
 3  2   0.0000000000
 4  1  -0.3957476861  -0.0263857934   0.0000000000   0.3957476861   0.0263857934
 4  2   0.0000000000
 5  1  -0.0263857934  -0.0017592272   0.0000000000   0.0263857934   0.0017592272
 5  2   0.0000000000
 6  1   0.0000000000   0.0000000000   0.0000000000   0.0000000000   0.0000000000
 6  2   0.0000000000
$end
