$coord
   -5.32137831880937      2.79429308135030     -0.00018234449601  c
   -5.53881733422676      0.17496186261461      0.00005768932336  c
   -3.33747685857827     -1.18706899700362     -0.00019543561763  c
   -0.94169174095191     -0.20663510022187     -0.00017844049035  c
   -0.72426041975910      2.41269621322208      0.00005392720594  c
   -2.92559955614309      3.77470138396916     -0.00021247999338  c
   -6.96253060778096      3.98675304187852     -0.00032667885587  h
   -7.35413671480947     -0.73056309779232      0.00065525944273  h
    0.69947189935024     -1.39908153588622     -0.00033781179881  h
    1.09104994460768      3.31823651903840      0.00066631528005  h
$redundant
     number_of_atoms            10
     degrees_of_freedom         24
     internal_coordinates       24
     frozen_coordinates          0
# definitions of redundant internals
   1 k  1.0000000000000 stre   1    7           val=   2.02863
   2 k -0.7071067811865 bend   6    7    1      val=  -0.24283
        0.7071067811865 bend   2    7    1
   3 k  1.0000000000000 outp   7    2    6    1 val=   0.00028
   4 k  1.0000000000000 stre   2    8           val=   2.02864
   5 k -0.7071067811865 bend   3    8    2      val=  -0.24305
        0.7071067811865 bend   1    8    2
   6 k  1.0000000000000 outp   8    1    3    2 val=  -0.00651
   7 k  1.0000000000000 stre   4    9           val=   2.02863
   8 k -0.7071067811865 bend   3    9    4      val=  -0.24301
        0.7071067811865 bend   5    9    4
   9 k  1.0000000000000 outp   9    5    3    4 val=  -0.00003
  10 k  1.0000000000000 stre   5   10           val=   2.02863
  11 k  0.7071067811865 bend   6   10    5      val=   0.24286
       -0.7071067811865 bend   4   10    5
  12 k  1.0000000000000 outp  10    4    6    5 val=  -0.00680
  13 k  1.0000000000000 stre   1    6           val=   2.58862
  14 k  1.0000000000000 stre   6    5           val=   2.58862
  15 k  1.0000000000000 stre   5    4           val=   2.62834
  16 k  1.0000000000000 stre   4    3           val=   2.58864
  17 k  1.0000000000000 stre   3    2           val=   2.58863
  18 k  1.0000000000000 stre   2    1           val=   2.62834
  19 k -0.2886751345948 bend   1    5    6      val=  -2.24918
       -0.2886751345948 bend   6    4    5
        0.5773502691896 bend   5    3    4
       -0.2886751345948 bend   4    2    3
       -0.2886751345948 bend   3    1    2
        0.5773502691896 bend   2    6    1
  20 k  0.5000000000000 bend   1    5    6      val=   4.49879
       -0.5000000000000 bend   6    4    5
        0.5000000000000 bend   4    2    3
       -0.5000000000000 bend   3    1    2
  21 k -0.4082482904639 bend   1    5    6      val=  -0.00026
        0.4082482904639 bend   6    4    5
       -0.4082482904639 bend   5    3    4
        0.4082482904639 bend   4    2    3
       -0.4082482904639 bend   3    1    2
        0.4082482904639 bend   2    6    1
  22 k -0.2886751345948 tors   6    5    4    3 val=   0.01004
       -0.2886751345948 tors   5    4    3    2
        0.5773502691896 tors   4    3    2    1
       -0.2886751345948 tors   3    2    1    6
       -0.2886751345948 tors   2    1    6    5
        0.5773502691896 tors   1    6    5    4
  23 k  0.5000000000000 tors   6    5    4    3 val=  -0.00457
       -0.5000000000000 tors   5    4    3    2
        0.5000000000000 tors   3    2    1    6
       -0.5000000000000 tors   2    1    6    5
  24 k -0.4082482904639 tors   6    5    4    3 val=   0.00026
        0.4082482904639 tors   5    4    3    2
       -0.4082482904639 tors   4    3    2    1
        0.4082482904639 tors   3    2    1    6
       -0.4082482904639 tors   2    1    6    5
        0.4082482904639 tors   1    6    5    4
        24 non zero eigenvalues  of BmBt
           1           9.685540488    1    0
         1
           2           5.057159097    2    0
         2
           3           4.122203883    3    0
         3
           4           3.931386172    4    0
         4
           5           3.543761032    5    0
         5
           6           3.361651159    6    0
         6
           7           3.291160882    7    0
         7
           8           2.731648828    8    0
         8
           9           2.609883755    9    0
         9
          10           2.370576220   10    0
        10
          11           1.904725001   11    0
        11
          12           1.223420070   12    0
        12
          13           1.151804359   13    0
        13
          14           0.990624910   14    0
        14
          15           0.781606436   15    0
        15
          16           0.713836346   16    0
        16
          17           0.359879155   17    0
        17
          18           0.348701678   18    0
        18
          19           0.327617503   19    0
        19
          20           0.322037883   20    0
        20
          21           0.299590921   21    0
        21
          22           0.277878702   22    0
        22
          23           0.277794943   23    0
        23
          24           0.108242394   24    0
        24
$end
