$coord
    0.00000000000000      0.00000000000000      0.00000000000000  c f
   -0.00080807347649     -0.00000000231316     -3.47421443732558  cl
    0.00000000000000      0.00000000000000      5.00000000000000  f f
   -0.96317100107405      1.66899849262827      0.65259210064553  h
   -0.96317100023621     -1.66899849027592      0.65259210192042  h
    1.92749834136442      0.00000000068408      0.65100696257573  h
$redundant
     number_of_atoms             6
     degrees_of_freedom         12
     internal_coordinates       13
     frozen_coordinates          1
# definitions of redundant internals
   1 k  1.0000000000000 stre   1    4           val=   2.03449
   2 k  1.0000000000000 stre   1    5           val=   2.03449
   3 k  1.0000000000000 stre   1    6           val=   2.03447
   4 k  1.0000000000000 stre   1    2           val=   3.47421
   5 k  1.0000000000000 stre   1    3           val=   5.00000
   6 k  0.3136083884154 bend   5    4    1      val=  47.42697
        0.3136083844151 bend   6    4    1
        0.3136083844151 bend   6    5    1
        0.3427704146189 bend   2    4    1
        0.3427704146189 bend   2    5    1
        0.3427704134057 bend   2    6    1
       -0.3427704143892 bend   3    4    1
       -0.3427704143892 bend   3    5    1
       -0.3427704138650 bend   3    6    1
   7 k -0.7767441177729 bend   5    4    1      val=  -0.00004
        0.3883720608543 bend   6    4    1
        0.3883720608543 bend   6    5    1
       -0.0903520007793 bend   2    4    1
       -0.0903520007793 bend   2    5    1
        0.1807040050799 bend   2    6    1
       -0.0875803968458 bend   3    4    1
       -0.0875803968458 bend   3    5    1
        0.1751607913770 bend   3    6    1
   8 k -0.6726801391167 bend   6    4    1      val=   0.00000
        0.6726801391167 bend   6    5    1
       -0.1564942579788 bend   2    4    1
        0.1564942579788 bend   2    5    1
       -0.1516936968287 bend   3    4    1
        0.1516936968287 bend   3    5    1
   9 k -0.0158759883854 bend   6    4    1      val=   0.00000
        0.0158759883854 bend   6    5    1
       -0.4556608258834 bend   2    4    1
        0.4556608258834 bend   2    5    1
        0.5404823445295 bend   3    4    1
       -0.5404823445295 bend   3    5    1
  10 k  0.0183320115007 bend   5    4    1      val=   0.01865
       -0.0091660056207 bend   6    4    1
       -0.0091660056207 bend   6    5    1
        0.2630758999247 bend   2    4    1
        0.2630758999247 bend   2    5    1
       -0.5261518013173 bend   2    6    1
       -0.3120476265780 bend   3    4    1
       -0.3120476265780 bend   3    5    1
        0.6240952549559 bend   3    6    1
  11 k  0.2173692329440 bend   6    4    1      val=  -0.00000
       -0.2173692329440 bend   6    5    1
       -0.5175739164361 bend   2    4    1
        0.5175739164361 bend   2    5    1
       -0.4299626234853 bend   3    4    1
        0.4299626234853 bend   3    5    1
  12 k  0.2509963691755 bend   5    4    1      val=   0.00309
       -0.1254981850419 bend   6    4    1
       -0.1254981850419 bend   6    5    1
       -0.2988214395512 bend   2    4    1
       -0.2988214395512 bend   2    5    1
        0.5976428805864 bend   2    6    1
       -0.2482390357989 bend   3    4    1
       -0.2482390357989 bend   3    5    1
        0.4964780738238 bend   3    6    1
  13 f  1.0000000000000 stre   1    3           val=   5.00000
        12 non zero eigenvalues  of BmBt
           1           4.870637030    1    0
         1
           2           3.062368142    2    0
         2
           3           3.062368138    3    0
         3
           4           1.000000000    4    0
         4
           5           0.790247547    6    0
         6
           6           0.764736938    7    0
         7
           7           0.764736937    8    0
         8
           8           0.507453576    9    0
         9
           9           0.507453575   10    0
        10
          10           0.140943872   11    0
        11
          11           0.140943871   12    0
        12
          12        1000.000000000    0    1
         0.000000000         0.000000000         0.000000000         0.000000000
         0.000000000         0.000000000         0.000000000         0.000000000
         0.000000000         0.000000000         0.000000000         0.000000000
         1.000000000
$end
