$energy      SCF               SCFKIN            SCFPOT
     1 -600.3996254377      599.7647522936     -1200.164377731
     2 -600.4325856810      599.6404559633     -1200.073041644
     3 -600.4773385426      599.4749793373     -1199.952317880
     4 -600.5022026772      599.3725220187     -1199.874724696
     5 -600.5144975194      599.2966176488     -1199.811115168
     6 -600.5186186275      599.2472824944     -1199.765901122
     7 -600.5194823752      599.2223746007     -1199.741856976
     8 -600.5204033655      599.2095641454     -1199.729967511
     9 -600.5224990041      599.2184462236     -1199.740945228
    10 -600.5258337998      599.2200441975     -1199.745877997
    11 -600.5309230572      599.2165900333     -1199.747513091
    12 -600.5350380313      599.2807716179     -1199.815809649
    13 -600.5386047608      599.3412745295     -1199.879879290
    14 -600.5417296021      599.3871160910     -1199.928845693
    15 -600.5444913823      599.4227123767     -1199.967203759
    16 -600.5470120372      599.4291912326     -1199.976203270
    17 -600.5485857800      599.4393363996     -1199.987922180
    18 -600.5490024032      599.4391805872     -1199.988182990
    19 -600.5492722710      599.4365538221     -1199.985826093
    20 -600.5493512683      599.4354117043     -1199.984762973
    21 -600.5493528978      599.4369922249     -1199.986345123
    22 -600.5493534030      599.4358006701     -1199.985154073
    23 -600.5493533833      599.4361971155     -1199.985550499
$end
