$energy      SCF               SCFKIN            SCFPOT            MP2
     1 -567.0336036768      566.950607     -1133.98421     -.6811743867304
     2 -567.0339897125      566.998877     -1134.03287     -.6811414906462
     3 -567.0340267319      567.013933     -1134.04796     -.6811363688976
     4 -567.0340448191      567.017490     -1134.05153     -.6811346681463
     5 -567.0340680218      567.020451     -1134.05452     -.6811331073872
     6 -567.0340910184      567.020343     -1134.05443     -.6811302213605
     7 -567.0341207201      567.028400     -1134.06252     -.6811251683935
     8 -567.0341208475      567.028677     -1134.06280     -.6811250460552
     9 -567.0341208589      567.028714     -1134.06283     -.6811249365661
$end
