$energy      SCF               SCFKIN            SCFPOT
     1 -568.0575990702      567.1204603562     -1135.178059426
     2 -568.0576045239      567.1259423153     -1135.183546839
     3 -568.0576051414      567.1280707554     -1135.185675897
     4 -568.0576054074      567.1284908161     -1135.186096223
     5 -568.0576057886      567.1288174373     -1135.186423226
     6 -568.0576061204      567.1288667631     -1135.186472884
     7 -568.0576065525      567.1298396778     -1135.187446230
     8 -568.0576065949      567.1299473047     -1135.187553900
$end
