$coord
  -10.77811342303907      2.92779992803582      1.37014781638604       c
  -10.66597707480378      4.72271471353687     -0.53449769599365       c
   -8.86091446001349      6.72781617697554     -0.26170628127330       c
   -6.13543239033235      5.58911823688142      0.25050965398489       o
   -6.06522528535026      3.58014850406563      1.69039214382187       c
   -7.44486141660804      1.43822520002568      1.08858429299517       c
  -12.00790561097078      1.31331997236629      1.14079553609246       h
  -10.65878288744732      3.58106691096220      3.30308441857750       h
  -11.17265989196906      4.16680453082508     -2.43462865266161       h
   -9.08898928544682      7.91293712904722      1.40550459217779       h
   -8.55919133832511      7.86062006128696     -1.94565256928407       h
   -5.42253887899565      3.86204272952831      3.63297768760567       h
   -7.59820513271692      0.91118058386756     -0.87496776214135       h
   -7.37908949884044     -0.14507427458752      2.37580714758038       h
$end
