 C        -5.70434         1.54771        0.726489
 C        -5.64741         2.49878       -0.284339
 C        -4.69025         3.56034       -0.138093
 O        -3.24533         2.96307        0.130358
 C        -3.20859          1.8932        0.896449
 C        -3.93855        0.759693        0.578597
 H        -6.35473        0.693182        0.606804
 H         -5.6395         1.89536         1.74539
 H        -5.91343         2.20921        -1.28856
 H        -4.81017         4.18332        0.744544
 H        -4.52597         4.16158        -1.03191
 H        -2.87047         2.04107         1.92479
 H        -4.02104        0.476997       -0.467645
 H        -3.90405       -0.070502         1.25809
