 C        -5.65645         1.53401        0.693696
 C        -5.69816         2.56645       -0.385982
 C        -5.20273         3.78716        -0.26033
 O        -2.84014         2.72864        0.336649
 C        -3.25018          1.8754         1.07298
 C        -4.25976        0.842745        0.688768
 H        -6.40071        0.761634        0.523698
 H        -5.82417         1.98008         1.67246
 H        -5.95878         2.19502        -1.36784
 H        -4.97787         4.23032        0.697879
 H        -5.13822         4.44767        -1.10306
 H         -2.9904         1.88532         2.15328
 H        -4.07113         0.48711        -0.32211
 H        -4.26642      0.00994367         1.39224
