 C        -5.50636         1.52192        0.604779
 C        -5.46562         2.54271       -0.486529
 C        -5.46424         3.84685       -0.288661
 O        -2.04047         1.77383         0.41767
 C        -3.05312         1.62211         1.03798
 C        -4.19302        0.726065        0.650662
 H        -6.32867        0.827215        0.424391
 H        -5.67267         2.00987         1.56574
 H        -5.41366         2.14364        -1.48667
 H         -5.5107         4.27132        0.700647
 H        -5.42184         4.54799        -1.10486
 H        -3.22783         2.16605         1.98902
 H        -3.98473        0.266195       -0.317613
 H        -4.27381      -0.0591477         1.40797
