 C        -5.69709         1.53279        0.728316
 C        -5.71176         2.56182       -0.308958
 C        -4.92214         3.65749       -0.163623
 O        -3.17623         2.90367        0.198176
 C        -3.29781         1.94624        0.961212
 C        -4.18483         0.83129        0.635516
 H        -6.36191        0.690607        0.578726
 H        -5.73605         1.91639         1.74563
 H        -5.94456          2.2255         -1.3143
 H        -4.94586         4.22728        0.745875
 H        -4.77892         4.28505        -1.03161
 H        -2.97575         2.04658         2.01053
 H        -4.15477        0.517887       -0.401147
 H        -4.18614    -0.000111713           1.336
