 C        -6.18853          1.8121        0.865408
 C         -5.6989         2.44064       -0.188884
 C        -4.61772         3.47685         -0.1079
 O        -3.38987         3.09698        0.524004
 C        -3.15046         1.83622        0.956385
 C        -3.45668         0.68326         0.38044
 H        -6.94567         1.05351         0.76879
 H        -5.87345         2.04749         1.86747
 H        -6.02083         2.16927        -1.18479
 H        -4.98238         4.32422        0.491176
 H        -4.36621         3.84957        -1.10743
 H        -2.62318         1.85932         1.90527
 H        -3.95422          0.6092       -0.568215
 H        -3.16983       -0.237471        0.852275
