 C        -5.67483         1.53809        0.723364
 C        -5.72484          2.5721       -0.337058
 C        -5.10919         3.74381       -0.219854
 O         -3.0064          2.8458        0.307884
 C        -3.26666         1.90147         1.02055
 C        -4.25411        0.844596        0.660715
 H        -6.40296        0.741242        0.570999
 H        -5.78487         1.96789         1.72439
 H        -5.92444         2.19364        -1.33682
 H        -5.02186         4.27103          0.7184
 H        -4.98606          4.3659        -1.08841
 H        -2.97301         1.92012         2.09078
 H         -4.1268        0.509271       -0.367098
 H        -4.26046      0.00829016         1.35922
