 C        -5.53931         1.53804        0.632226
 C        -5.53857         2.54343       -0.477349
 C         -5.4148         3.84484       -0.303456
 O        -2.21022         2.07393        0.400664
 C        -3.10761         1.68235         1.08941
 C        -4.20971        0.760834        0.656415
 H        -6.35416        0.826802        0.484516
 H        -5.68555         2.03794         1.59245
 H        -5.61569         2.13095        -1.47458
 H          -5.328         4.28199        0.677679
 H        -5.39838         4.53126        -1.13263
 H        -3.20233         2.01149         2.14436
 H        -3.98873        0.360592        -0.33478
 H        -4.28495      -0.0580945         1.37368
