 C        -5.51205         1.56145        0.619891
 C        -5.44032         2.60335       -0.452898
 C        -5.56981         3.89951       -0.245588
 O        -1.95127         1.52735        0.501998
 C        -3.03539         1.60707         1.00574
 C        -4.21682        0.743498        0.673492
 H        -6.34473        0.884283        0.411055
 H        -5.69185          2.0348         1.58717
 H        -5.25813         2.22509        -1.45026
 H        -5.75052         4.30285        0.737739
 H        -5.50732          4.6146        -1.04766
 H        -3.24525         2.35588         1.79595
 H        -4.03542        0.229123       -0.271887
 H        -4.29508      -0.0103281         1.46284
