 C        -5.90118         1.64025         0.74495
 C        -5.67375         2.49708       -0.255957
 C        -4.62265         3.53198       -0.119079
 O        -3.28328         2.96824        0.103135
 C        -3.16782         1.85619        0.862187
 C        -3.70908        0.675204         0.53734
 H        -6.57512        0.806655        0.626138
 H        -5.71759          1.9283         1.76866
 H        -5.95407         2.22776         -1.2647
 H        -4.80339         4.18719        0.742114
 H        -4.49111         4.12675        -1.02141
 H        -2.78554          2.0362         1.86652
 H        -3.94145        0.434184       -0.486906
 H        -3.60333       -0.165504         1.20131
