           1           2   1.49407861618384     
           2           3   1.20385360817999     
           3           4  0.723886881416847     
           2           5  0.246537171531131     
           4           5   1.23535575575116     
           1           6  0.462716928213738     
           5           6   1.46939669375714     
           1           7  0.976160586972874     
           1           8  0.978578473381226     
           2           9  0.969088752415513     
           3          10  0.962953334124313     
           3          11  0.977761721425936     
           5          12  0.951406196429440     
           6          13  0.973732010182961     
           6          14  0.979885979187958     
