           1           2   1.98248811150228     
           2           3   1.00973107857907     
           3           4  0.974500053671912     
           4           5   1.07955847094520     
           4           6  0.136550628124143     
           5           6   1.87140550050644     
           1           7  0.973715146701125     
           1           8  0.976328169971515     
           2           9  0.965386361649536     
           3          10  0.954729891729188     
           3          11  0.952453211890503     
           5          12  0.955712757357058     
           6          13  0.972747348142921     
           6          14  0.977652039978117     
