$energy      SCF               SCFKIN            SCFPOT
     1 -2794.346419703      2789.649112924     -5583.995532628
     2 -2794.346425016      2789.653983138     -5584.000408154
     3 -2794.346425673      2789.656210613     -5584.002636286
     4 -2794.346425951      2789.656588850     -5584.003014802
     5 -2794.346426389      2789.656892667     -5584.003319056
     6 -2794.346426728      2789.656976410     -5584.003403138
     7 -2794.346427201      2789.658011023     -5584.004438224
     8 -2794.346427243      2789.658115251     -5584.004542494
$end
