$coord
    3.12179513371143     18.17923634647941      0.00010672634299  c
    3.41581900790710     15.56373426971625     -0.00003327964296  f
    2.54850092410305     18.76951489427960      1.87796334896030  h
    1.68336249986619     18.67227402700032     -1.37515886606595  h
    4.91553272772485     19.03552776199274     -0.50287792959438  h
$redundant
     number_of_atoms             5
     degrees_of_freedom          9
     internal_coordinates        9
     frozen_coordinates          0
# definitions of redundant internals
   1 k  1.0000000000000 stre   1    2           val=   2.63198
   2 k  1.0000000000000 stre   1    4           val=   2.05025
   3 k  1.0000000000000 stre   1    3           val=   2.05023
   4 k  1.0000000000000 stre   1    5           val=   2.05030
   5 k  0.4082601607108 bend   4    2    1      val=  -0.96015
        0.4082450761076 bend   3    2    1
       -0.4082454615096 bend   3    4    1
        0.4082484565941 bend   5    2    1
       -0.4082363209084 bend   5    4    1
       -0.4082542665384 bend   5    3    1
   6 k  0.1645297420551 bend   4    2    1      val=   0.00215
        0.2996203122612 bend   3    2    1
        0.6579698004119 bend   3    4    1
       -0.4641485964515 bend   5    2    1
       -0.4247370777497 bend   5    4    1
       -0.2332335083184 bend   5    3    1
   7 k  0.4409580169356 bend   4    2    1      val=  -0.00523
       -0.3629753753970 bend   3    2    1
        0.1105708733052 bend   3    4    1
       -0.0780022201211 bend   5    2    1
        0.5145426182934 bend   5    4    1
       -0.6250924201653 bend   5    3    1
   8 k  0.4970350509086 bend   4    2    1      val=   0.00182
       -0.6339753683871 bend   3    2    1
        0.0966010919512 bend   3    4    1
        0.1369406096752 bend   5    2    1
       -0.4472237525704 bend   5    4    1
        0.3506248765266 bend   5    3    1
   9 k -0.4450866178685 bend   4    2    1      val=  -0.00136
       -0.2079008894851 bend   3    2    1
        0.4606354462833 bend   3    4    1
        0.6529916180975 bend   5    2    1
       -0.1466595262216 bend   5    4    1
       -0.3139793598883 bend   5    3    1
         9 non zero eigenvalues  of BmBt
           1           3.315588295    1    0
         1
           2           3.155018051    2    0
         2
           3           3.155007694    3    0
         3
           4           1.000000000    4    0
         4
           5           0.686209576    5    0
         5
           6           0.685965365    6    0
         6
           7           0.685962280    7    0
         7
           8           0.556216773    8    0
         8
           9           0.556215479    9    0
         9
$end
