$grad          cartesian gradients
  cycle =      1    SCF energy =     -139.9578669708   |dE/dxyz| =  0.033701
    3.12551252382479     18.14626518707017      0.00000000000000      c
    3.41711616211580     15.55191688235519      0.00000000000000      f
    2.53860138403852     18.78349973355523      1.90909581740318      h
    1.65891497576398     18.68462926271481     -1.39800048973690      h
    4.94486524756950     19.05397623377291     -0.51109532766629      h
  0.24247967098708D-02  -.21376040664287D-01  -.42330680168595D-04
  -.28301711024126D-03  0.24772135429584D-02  0.14313008920075D-04
  -.41729135164121D-02  0.61715622521250D-02  0.12922116133218D-01
  -.10133446929356D-01  0.54921649559563D-02  -.94550670357987D-02
  0.12094248292979D-01  0.79910383890713D-02  -.34419050465410D-02
  cycle =      2    SCF energy =     -139.9589184225   |dE/dxyz| =  0.011655
    3.12391278160596     18.16035711980560      0.00005308133661      c
    3.41603649116454     15.56167471520112     -0.00002828201256      f
    2.54744558241756     18.77646610627416      1.87914939381996      h
    1.68163603045656     18.67913008205074     -1.37605194176310      h
    4.91597940766798     19.04265927613670     -0.50312225138092      h
  0.10755413433712D-02  -.95021397293767D-02  -.21069476298763D-04
  -.38938477307748D-03  0.34426299404144D-02  0.86921419679697D-05
  -.85521917628796D-03  0.22171692441446D-02  0.22745710840241D-02
  -.19111745833005D-02  0.20879953939463D-02  -.16647390632558D-02
  0.20097903288886D-02  0.25275461553534D-02  -.60143895130791D-03
  cycle =      3    SCF energy =     -139.9590150745   |dE/dxyz| =  0.004263
    3.12282141359351     18.17002390808417      0.00008858786174      c
    3.41585987734019     15.56332131371790     -0.00003903780018      f
    2.54948724061186     18.77288267089226      1.87299942451262      h
    1.68658217406095     18.67587068528718     -1.37153455884781      h
    4.91025958770610     19.03818872148681     -0.50151441572638      h
  0.37010342096019D-03  -.32937645226189D-02  -.81138560851512D-05
  -.22521999570835D-03  0.19892017036719D-02  0.68296090508513D-05
  0.12265873152040D-03  0.72430625377539D-03  -.73267532838395D-03
  0.45581712333839D-03  0.75115875276014D-03  0.53330062624997D-03
  -.79607948435170D-03  0.60963318813739D-03  0.19635990829494D-03
  cycle =      4    SCF energy =     -139.9590454524   |dE/dxyz| =  0.000912
    3.12189858132746     18.17828907090804      0.00011170716079      c
    3.41588119909638     15.56319349517870     -0.00003878113005      f
    2.54825876554066     18.76999511824810      1.87867680176723      h
    1.68279638153572     18.67270961725823     -1.37568174318361      h
    4.91617536581239     19.03609999787525     -0.50306798461437      h
  0.40909041357035D-04  -.33684335988560D-03  0.40463418374617D-07
  -.13238793349052D-04  0.11042864164579D-03  0.56088544337918D-05
  -.12322895199936D-03  0.33347019987217D-03  0.33195205168765D-03
  -.27697164286665D-03  0.30710974177165D-03  -.24936058851525D-03
  0.29915804946906D-03  0.36853751598524D-03  -.94117821215500D-04
  cycle =      5    SCF energy =     -139.9590465087   |dE/dxyz| =  0.000405
    3.12179356084044     18.17923569775810      0.00010992473989      c
    3.41581178196517     15.56379112614545     -0.00003504874877      f
    2.54856199456208     18.76950359480202      1.87775041215312      h
    1.68352509913431     18.67227140276202     -1.37500361367125      h
    4.91531785681061     19.03548547800074     -0.50282167447299      h
  -.27779609819034D-04  0.26839358859068D-03  0.36397145353195D-07
  -.16647034513317D-04  0.13804737081480D-03  0.63749142178993D-05
  0.13000362826417D-04  0.13487954769414D-03  -.90246481911943D-04
  0.53238434531200D-04  0.13030208703537D-03  0.59292122199010D-04
  -.95484122606571D-04  0.11145526564822D-03  0.18684912152477D-04
  cycle =      6    SCF energy =     -139.9590465203   |dE/dxyz| =  0.000361
    3.12181104693226     18.17908923036853      0.00010702040214      c
    3.41581482644269     15.56376576404050     -0.00003326610901      f
    2.54848437556334     18.76955171992095      1.87801396765890      h
    1.68332315913129     18.67230803020457     -1.37519635853338      h
    4.91557688524303     19.03557255493377     -0.50289136341865      h
  -.79184613778482D-05  0.94916042292170D-04  -.13522217288675D-05
  -.21815223739299D-04  0.18381890521524D-03  0.66978021196762D-05
  -.21030795373765D-04  0.17408676984230D-03  0.19186708255070D-04
  -.30989595119067D-04  0.16399618984126D-03  -.20188388684526D-04
  0.81362282702419D-05  0.16615322924803D-03  -.10222804973601D-04
$end
