$energy      SCF               SCFKIN            SCFPOT            MP2
     1 -2792.270713937      2792.18063     -5584.45134     -.8072407162085
     2 -2792.271100067      2792.22893     -5584.50003     -.8072078075002
     3 -2792.271136884      2792.24400     -5584.51514     -.8072028181059
     4 -2792.271154900      2792.24754     -5584.51869     -.8072011758823
     5 -2792.271177965      2792.25048     -5584.52166     -.8071995366249
     6 -2792.271201036      2792.25040     -5584.52160     -.8071966473794
     7 -2792.271231008      2792.25846     -5584.52969     -.8071914010202
     8 -2792.271231129      2792.25871     -5584.52994     -.8071913293911
     9 -2792.271231148      2792.25877     -5584.53000     -.8071912833329
$end
