$coord
   -1.05205117636178      3.54143133675360      0.19585191383928  c
   -2.85736301247570      4.73620343734256      0.86202039736527  o
   -0.94535797013402      0.97872590276566      0.41154590466423  o
    0.67215267395481      0.38363513952676     -0.23516353549931  h
    0.67285005101050      4.37581939104210     -0.64396093082013  h
$redundant
     number_of_atoms             5
     degrees_of_freedom          9
     internal_coordinates        9
     frozen_coordinates          0
# definitions of redundant internals
   1 k  0.7071067811865 tors   2    1    3    4 val=  89.97908
        0.7071067811865 tors   5    1    3    4
   2 k  1.0000000000000 stre   1    2           val=   2.26504
   3 k  1.0000000000000 stre   1    5           val=   2.09207
   4 k  0.7767209723376 bend   5    2    1      val=   4.53982
       -0.1703503967612 bend   3    2    1
       -0.6063705743638 bend   3    5    1
   5 k -0.2517363656399 bend   5    2    1      val=   2.70372
        0.7985282780730 bend   3    2    1
       -0.5467919086198 bend   3    5    1
   6 k  1.0000000000000 outp   5    2    3    1 val=  -0.02698
   7 k  1.0000000000000 stre   3    4           val=   1.84084
   8 k  1.0000000000000 bend   1    4    3      val= 109.19823
   9 k  1.0000000000000 stre   1    3           val=   2.57398
         9 non zero eigenvalues  of BmBt
           1           3.568793628    1    0
         1
           2           3.518965460    2    0
         2
           3           3.423808956    3    0
         3
           4           2.120795422    4    0
         4
           5           1.482420340    5    0
         5
           6           1.297780476    6    0
         6
           7           0.868008130    7    0
         7
           8           0.496305989    8    0
         8
           9           0.295920417    9    0
         9
$end
