$energy      SCF               SCFKIN            SCFPOT
     1 -2794.346187444      2789.645982009     -5583.992169453
     2 -2794.346192679      2789.650842925     -5583.997035605
     3 -2794.346193220      2789.652886531     -5583.999079751
     4 -2794.346193452      2789.653254738     -5583.999448189
     5 -2794.346193823      2789.653609052     -5583.999802874
     6 -2794.346194260      2789.654326798     -5584.000521058
     7 -2794.346194408      2789.654592395     -5584.000786803
     8 -2794.346194509      2789.654691038     -5584.000885547
$end
