$energy      SCF               SCFKIN            SCFPOT            MP2
     1 -2792.267124930      2792.20959     -5584.47672     -.8103686892682
     2 -2792.267506901      2792.25727     -5584.52477     -.8103318909252
     3 -2792.267546792      2792.27239     -5584.53994     -.8103232787525
     4 -2792.267565071      2792.27560     -5584.54317     -.8103205724187
     5 -2792.267585357      2792.27806     -5584.54564     -.8103177998414
     6 -2792.267603432      2792.27829     -5584.54589     -.8103168417342
     7 -2792.267631221      2792.28604     -5584.55367     -.8103132077813
     8 -2792.267631329      2792.28636     -5584.55399     -.8103132320662
     9 -2792.267631359      2792.28642     -5584.55405     -.8103131216280
$end
