$coord
    0.00000000000000      0.00000000000000      0.00000000000000  c f
    0.00254141122466     -0.00000000100115     -4.89576862482022  cl
    0.00000000000000      0.00000000000000      3.50000000000000  f f
   -1.00204452385974      1.73576811697695     -0.24984352116238  h
   -1.00204452386623     -1.73576811705548     -0.24984352055187  h
    2.00426891954452     -0.00000000003395     -0.24925233709954  h
$redundant
     number_of_atoms             6
     degrees_of_freedom         12
     internal_coordinates       13
     frozen_coordinates          1
# definitions of redundant internals
   1 k  1.0000000000000 stre   1    4           val=   2.01975
   2 k  1.0000000000000 stre   1    5           val=   2.01975
   3 k  1.0000000000000 stre   1    6           val=   2.01971
   4 k  1.0000000000000 stre   1    2           val=   4.89577
   5 k  1.0000000000000 stre   1    3           val=   3.50000
   6 k  0.3136083884897 bend   5    4    1      val=  32.32114
        0.3136083843780 bend   6    4    1
        0.3136083843780 bend   6    5    1
        0.3427704146212 bend   2    4    1
        0.3427704146212 bend   2    5    1
        0.3427704134010 bend   2    6    1
       -0.3427704143165 bend   3    4    1
       -0.3427704143165 bend   3    5    1
       -0.3427704140105 bend   3    6    1
   7 k -0.7516966236866 bend   5    4    1      val=  -0.00500
        0.3758483138485 bend   6    4    1
        0.3758483138485 bend   6    5    1
       -0.0773403251217 bend   2    4    1
       -0.0773403251217 bend   2    5    1
        0.1546806538031 bend   2    6    1
       -0.1393670935676 bend   3    4    1
       -0.1393670935676 bend   3    5    1
        0.2787341850452 bend   3    6    1
   8 k -0.6509883726275 bend   6    4    1      val=  -0.00000
        0.6509883726275 bend   6    5    1
       -0.1339573743778 bend   2    4    1
        0.1339573743778 bend   2    5    1
       -0.2413908874701 bend   3    4    1
        0.2413908874701 bend   3    5    1
   9 k -0.1231163420916 bend   6    4    1      val=   0.00000
        0.1231163420916 bend   6    5    1
       -0.4125258727260 bend   2    4    1
        0.4125258727260 bend   2    5    1
        0.5609498824687 bend   3    4    1
       -0.5609498824687 bend   3    5    1
  10 k  0.1421625046560 bend   5    4    1      val=   0.00118
       -0.0710812524373 bend   6    4    1
       -0.0710812524373 bend   6    5    1
        0.2381719230147 bend   2    4    1
        0.2381719230147 bend   2    5    1
       -0.4763438476285 bend   2    6    1
       -0.3238645651994 bend   3    4    1
       -0.3238645651994 bend   3    5    1
        0.6477291325791 bend   3    6    1
  11 k -0.2470961452831 bend   6    4    1      val=   0.00000
        0.2470961452831 bend   6    5    1
        0.5584602279316 bend   2    4    1
       -0.5584602279316 bend   2    5    1
        0.3564627172718 bend   3    4    1
       -0.3564627172718 bend   3    5    1
  12 k  0.2853220507450 bend   5    4    1      val=  -0.00886
       -0.1426610259060 bend   6    4    1
       -0.1426610259060 bend   6    5    1
       -0.3224271624684 bend   2    4    1
       -0.3224271624684 bend   2    5    1
        0.6448543264690 bend   2    6    1
       -0.2058038453176 bend   3    4    1
       -0.2058038453176 bend   3    5    1
        0.4116076926855 bend   3    6    1
  13 f  1.0000000000000 stre   1    3           val=   3.50000
        12 non zero eigenvalues  of BmBt
           1           4.870637030    1    0
         1
           2           3.137650923    2    0
         2
           3           3.137650918    3    0
         3
           4           1.000000000    4    0
         4
           5           0.790247547    6    0
         6
           6           0.764954745    7    0
         7
           7           0.764954744    8    0
         8
           8           0.555774918    9    0
         9
           9           0.555774917   10    0
        10
          10           0.178337497   11    0
        11
          11           0.178337497   12    0
        12
          12        1000.000000000    0    1
         0.000000000         0.000000000         0.000000000         0.000000000
         0.000000000         0.000000000         0.000000000         0.000000000
         0.000000000         0.000000000         0.000000000         0.000000000
         1.000000000
$end
