$energy      SCF               SCFKIN            SCFPOT
     1 -600.4115813412      599.9617390855     -1200.373320427
     2 -600.4510504372      599.8287661641     -1200.279816601
     3 -600.5065870437      599.6487766190     -1200.155363663
     4 -600.5387344195      599.5350291428     -1200.073763562
     5 -600.5547939966      599.4413268402     -1199.996120837
     6 -600.5593632371      599.3779578135     -1199.937321051
     7 -600.5598488214      599.3548106230     -1199.914659444
     8 -600.5599367157      599.3460514264     -1199.905988142
     9 -600.5599640125      599.3424012322     -1199.902365245
    10 -600.5599974780      599.3355681687     -1199.895565647
    11 -600.5600322589      599.3328261781     -1199.892858437
    12 -600.5604538656      599.3153830766     -1199.875836942
    13 -600.5604520839      599.3013698095     -1199.861821893
    14 -600.5607692786      599.2930001328     -1199.853769411
    15 -600.5610231779      599.2901135100     -1199.851136688
    16 -600.5610297216      599.2877819488     -1199.848811670
    17 -600.5610406331      599.2796185466     -1199.840659180
    18 -600.5610407215      599.2798899397     -1199.840930661
    19 -600.5610407665      599.2795434621     -1199.840584229
    20 -600.5610407581      599.2795381619     -1199.840578920
$end
