$energy      SCF               SCFKIN            SCFPOT            MP2
     1 -567.0336054422      566.950664     -1133.98427     -.6810577189361
     2 -567.0339915560      566.998953     -1134.03294     -.6810250307175
     3 -567.0340285154      567.014024     -1134.04805     -.6810200297194
     4 -567.0340465353      567.017565     -1134.05161     -.6810183846457
     5 -567.0340696077      567.020507     -1134.05458     -.6810167442835
     6 -567.0340926665      567.020432     -1134.05452     -.6810138612010
     7 -567.0341225029      567.028486     -1134.06261     -.6810087199001
     8 -567.0341226216      567.028737     -1134.06286     -.6810085690203
     9 -567.0341226411      567.028794     -1134.06292     -.6810085148251
$end
