$energy      SCF               SCFKIN            SCFPOT            MP2
     1 -567.0335993736      566.950638     -1133.98424     -.6812217230552
     2 -567.0339853600      566.998893     -1134.03288     -.6811886547288
     3 -567.0340224400      567.013945     -1134.04797     -.6811834496530
     4 -567.0340405650      567.017497     -1134.05154     -.6811817142390
     5 -567.0340638206      567.020463     -1134.05453     -.6811801276378
     6 -567.0340867798      567.020346     -1134.05443     -.6811772913886
     7 -567.0341164452      567.028413     -1134.06253     -.6811722724348
     8 -567.0341165635      567.028666     -1134.06278     -.6811721253047
     9 -567.0341165835      567.028725     -1134.06284     -.6811720761782
$end
