$energy      SCF               SCFKIN            SCFPOT            MP2
     1 -2792.270714686      2792.18055     -5584.45126     -.8072640681726
     2 -2792.271100774      2792.22884     -5584.49994     -.8072310485072
     3 -2792.271137616      2792.24391     -5584.51504     -.8072260111621
     4 -2792.271155646      2792.24744     -5584.51860     -.8072243543884
     5 -2792.271178909      2792.25040     -5584.52158     -.8072227612006
     6 -2792.271201811      2792.25029     -5584.52149     -.8072198473251
     7 -2792.271231734      2792.25836     -5584.52959     -.8072146055674
     8 -2792.271231864      2792.25864     -5584.52987     -.8072145640995
     9 -2792.271231876      2792.25867     -5584.52991     -.8072144610869
$end
