$coord
   -5.33789910087200      2.80901179466544     -0.00000877543296  c
   -5.55731230457264      0.16364443313030     -0.00018284526797  c
   -3.33706426708646     -1.18216396099018     -0.00028892370872  c
   -0.92517771531062     -0.22136404674399     -0.00000876068288  c
   -0.70576247321607      2.42402481263752     -0.00018255121210  c
   -2.92603304603363      3.76982458868890     -0.00028968704623  c
   -6.99675774772412      4.01027018565069      0.00057542161605  h
   -7.39147405734042     -0.74819296989157     -0.00009457018159  h
    0.73369532512633     -1.42263983494941      0.00057501269418  h
    1.12841567992866      3.33587836897135     -0.00009432077783  h
$redundant
     number_of_atoms            10
     degrees_of_freedom         24
     internal_coordinates       24
     frozen_coordinates          0
# definitions of redundant internals
   1 k  1.0000000000000 stre   1    7           val=   2.04813
   2 k -0.7071067811865 bend   6    7    1      val=  -0.60021
        0.7071067811865 bend   2    7    1
   3 k  1.0000000000000 outp   7    2    6    1 val=   0.00687
   4 k  1.0000000000000 stre   2    8           val=   2.04832
   5 k -0.7071067811865 bend   3    8    2      val=  -0.58431
        0.7071067811865 bend   1    8    2
   6 k  1.0000000000000 outp   8    1    3    2 val=  -0.00378
   7 k  1.0000000000000 stre   4    9           val=   2.04815
   8 k -0.7071067811865 bend   3    9    4      val=  -0.60027
        0.7071067811865 bend   5    9    4
   9 k  1.0000000000000 outp   9    5    3    4 val=   0.00688
  10 k  1.0000000000000 stre   5   10           val=   2.04834
  11 k  0.7071067811865 bend   6   10    5      val=   0.58432
       -0.7071067811865 bend   4   10    5
  12 k  1.0000000000000 outp  10    4    6    5 val=  -0.00375
  13 k  1.0000000000000 stre   1    6           val=   2.59620
  14 k  1.0000000000000 stre   6    5           val=   2.59630
  15 k  1.0000000000000 stre   5    4           val=   2.65447
  16 k  1.0000000000000 stre   4    3           val=   2.59622
  17 k  1.0000000000000 stre   3    2           val=   2.59629
  18 k  1.0000000000000 stre   2    1           val=   2.65445
  19 k -0.2886751345948 bend   1    5    6      val=  -2.65351
       -0.2886751345948 bend   6    4    5
        0.5773502691896 bend   5    3    4
       -0.2886751345948 bend   4    2    3
       -0.2886751345948 bend   3    1    2
        0.5773502691896 bend   2    6    1
  20 k  0.5000000000000 bend   1    5    6      val=   5.28837
       -0.5000000000000 bend   6    4    5
        0.5000000000000 bend   4    2    3
       -0.5000000000000 bend   3    1    2
  21 k -0.4082482904639 bend   1    5    6      val=   0.00000
        0.4082482904639 bend   6    4    5
       -0.4082482904639 bend   5    3    4
        0.4082482904639 bend   4    2    3
       -0.4082482904639 bend   3    1    2
        0.4082482904639 bend   2    6    1
  22 k -0.2886751345948 tors   6    5    4    3 val=   0.00497
       -0.2886751345948 tors   5    4    3    2
        0.5773502691896 tors   4    3    2    1
       -0.2886751345948 tors   3    2    1    6
       -0.2886751345948 tors   2    1    6    5
        0.5773502691896 tors   1    6    5    4
  23 k  0.5000000000000 tors   6    5    4    3 val=   0.01146
       -0.5000000000000 tors   5    4    3    2
        0.5000000000000 tors   3    2    1    6
       -0.5000000000000 tors   2    1    6    5
  24 k -0.4082482904639 tors   6    5    4    3 val=   0.00003
        0.4082482904639 tors   5    4    3    2
       -0.4082482904639 tors   4    3    2    1
        0.4082482904639 tors   3    2    1    6
       -0.4082482904639 tors   2    1    6    5
        0.4082482904639 tors   1    6    5    4
        24 non zero eigenvalues  of BmBt
           1           9.685540488    1    0
         1
           2           5.057159097    2    0
         2
           3           4.122203883    3    0
         3
           4           3.931386172    4    0
         4
           5           3.543761032    5    0
         5
           6           3.361651159    6    0
         6
           7           3.291160882    7    0
         7
           8           2.731648828    8    0
         8
           9           2.609883755    9    0
         9
          10           2.370576220   10    0
        10
          11           1.904725001   11    0
        11
          12           1.223420070   12    0
        12
          13           1.151804359   13    0
        13
          14           0.990624910   14    0
        14
          15           0.781606436   15    0
        15
          16           0.713836346   16    0
        16
          17           0.359879155   17    0
        17
          18           0.348701678   18    0
        18
          19           0.327617503   19    0
        19
          20           0.322037883   20    0
        20
          21           0.299590921   21    0
        21
          22           0.277878702   22    0
        22
          23           0.277794943   23    0
        23
          24           0.108242394   24    0
        24
$end
