$energy      SCF               SCFKIN            SCFPOT
     1 -2794.346099276      2789.657410434     -5584.003509710
     2 -2794.346104587      2789.662246262     -5584.008350849
     3 -2794.346105313      2789.664559658     -5584.010664971
     4 -2794.346105566      2789.664841448     -5584.010947014
     5 -2794.346105877      2789.665020344     -5584.011126221
     6 -2794.346106116      2789.665110036     -5584.011216152
     7 -2794.346106580      2789.665943123     -5584.012049703
     8 -2794.346106628      2789.666206367     -5584.012312995
$end
