$coord
    0.00000000000000      0.00000000000000      0.00000000000000  c f
    0.00226681573576      0.00000065628670     -3.39653990277531  cl
    0.00000000000000      0.00000000000000      7.00000000000000  f f
   -0.96324858634520      1.67018729892102      0.66620441788794  h
   -0.96324867401945     -1.67018792234333      0.66620424389915  h
    1.92852487041362     -0.00000023084018      0.66570309396153  h
$redundant
     number_of_atoms             6
     degrees_of_freedom         12
     internal_coordinates       13
     frozen_coordinates          1
# definitions of redundant internals
   1 k  1.0000000000000 stre   1    4           val=   2.03990
   2 k  1.0000000000000 stre   1    5           val=   2.03990
   3 k  1.0000000000000 stre   1    6           val=   2.04019
   4 k  1.0000000000000 stre   1    2           val=   3.39654
   5 k  1.0000000000000 stre   1    3           val=   7.00000
   6 k  0.3136083883820 bend   5    4    1      val=  47.56436
        0.3136083844318 bend   6    4    1
        0.3136083844318 bend   6    5    1
        0.3427704146183 bend   2    4    1
        0.3427704146183 bend   2    5    1
        0.3427704134068 bend   2    6    1
       -0.3427704144268 bend   3    4    1
       -0.3427704144268 bend   3    5    1
       -0.3427704137897 bend   3    6    1
   7 k -0.7845214693552 bend   5    4    1      val=  -0.02619
        0.3922607366220 bend   6    4    1
        0.3922607366220 bend   6    5    1
       -0.0974627667004 bend   2    4    1
       -0.0974627667004 bend   2    5    1
        0.1949255369052 bend   2    6    1
       -0.0574385860007 bend   3    4    1
       -0.0574385860007 bend   3    5    1
        0.1148771695474 bend   3    6    1
   8 k -0.6794155232438 bend   6    4    1      val=  -0.00000
        0.6794155232438 bend   6    5    1
       -0.1688104659849 bend   2    4    1
        0.1688104659849 bend   2    5    1
       -0.0994865485851 bend   3    4    1
        0.0994865485851 bend   3    5    1
   9 k -0.0439846521716 bend   6    4    1      val=   0.00000
        0.0439846521716 bend   6    5    1
        0.4812458135101 bend   2    4    1
       -0.4812458135101 bend   2    5    1
       -0.5162052085676 bend   3    4    1
        0.5162052085676 bend   3    5    1
  10 k -0.0507891018121 bend   5    4    1      val=   0.02050
        0.0253945511642 bend   6    4    1
        0.0253945511642 bend   6    5    1
        0.2778473994530 bend   2    4    1
        0.2778473994530 bend   2    5    1
       -0.5556948003170 bend   2    6    1
       -0.2980312156383 bend   3    4    1
       -0.2980312156383 bend   3    5    1
        0.5960624328246 bend   3    6    1
  11 k -0.1909447489426 bend   6    4    1      val=  -0.00001
        0.1909447489426 bend   6    5    1
        0.4898014838207 bend   2    4    1
       -0.4898014838207 bend   2    5    1
        0.4729002107192 bend   3    4    1
       -0.4729002107192 bend   3    5    1
  12 k  0.2204840034079 bend   5    4    1      val=  -0.00758
       -0.1102420020932 bend   6    4    1
       -0.1102420020932 bend   6    5    1
       -0.2827870181359 bend   2    4    1
       -0.2827870181359 bend   2    5    1
        0.5655740377343 bend   2    6    1
       -0.2730290632452 bend   3    4    1
       -0.2730290632452 bend   3    5    1
        0.5460581287974 bend   3    6    1
  13 f  1.0000000000000 stre   1    3           val=   7.00000
        12 non zero eigenvalues  of BmBt
           1           4.870637030    1    0
         1
           2           3.024718655    2    0
         2
           3           3.024718651    3    0
         3
           4           1.000000000    4    0
         4
           5           0.790247547    6    0
         6
           6           0.765904476    7    0
         7
           7           0.765904475    8    0
         8
           8           0.484751660    9    0
         9
           9           0.484751659   10    0
        10
          10           0.117140497   11    0
        11
          11           0.117140496   12    0
        12
          12        1000.000000000    0    1
         0.000000000         0.000000000         0.000000000         0.000000000
         0.000000000         0.000000000         0.000000000         0.000000000
         0.000000000         0.000000000         0.000000000         0.000000000
         1.000000000
$end
