$energy      SCF               SCFKIN            SCFPOT
     1 -600.3868270542      599.7477299597     -1200.134557014
     2 -600.4168111404      599.6246943860     -1200.041505526
     3 -600.4564069514      599.4639475603     -1199.920354512
     4 -600.4776381448      599.3687798334     -1199.846417978
     5 -600.4879449420      599.3041407347     -1199.792085677
     6 -600.4917073344      599.2629518378     -1199.754659172
     7 -600.4930956608      599.2376599505     -1199.730755611
     8 -600.4954386666      599.2296165009     -1199.725055168
     9 -600.4992637763      599.2196375928     -1199.718901369
    10 -600.5062831873      599.1976159600     -1199.703899147
    11 -600.5126937768      599.2635339693     -1199.776227746
    12 -600.5180315103      599.3257868653     -1199.843818376
    13 -600.5229353370      599.3814029197     -1199.904338257
    14 -600.5271942694      599.4192188947     -1199.946413164
    15 -600.5308893003      599.4366178405     -1199.967507141
    16 -600.5337028680      599.4428221161     -1199.976524984
    17 -600.5350917939      599.4603115201     -1199.995403314
    18 -600.5346539288      599.4725505663     -1200.007204495
    19 -600.5353119435      599.4401161910     -1199.975428134
    20 -600.5354355795      599.4491023229     -1199.984537902
    21 -600.5354506185      599.4421164572     -1199.977567076
    22 -600.5354507083      599.4439109864     -1199.979361695
    23 -600.5354508426      599.4437083569     -1199.979159200
$end
