$energy      SCF               SCFKIN            SCFPOT
     1 -600.5245643201      599.7338524027     -1200.258416723
     2 -600.5525718715      599.6115469691     -1200.164118841
     3 -600.5889978822      599.4502876719     -1200.039285554
     4 -600.6082625855      599.3584002562     -1199.966662842
     5 -600.6177556561      599.3020741257     -1199.919829782
     6 -600.6212445759      599.2670374353     -1199.888282011
     7 -600.6226500301      599.2425461051     -1199.865196135
     8 -600.6263686754      599.2326194422     -1199.858988118
     9 -600.6321312247      599.2227875533     -1199.854918778
    10 -600.6392695525      599.2423787977     -1199.881648350
    11 -600.6451244152      599.3148609631     -1199.959985378
    12 -600.6503885251      599.3777961592     -1200.028184684
    13 -600.6549879707      599.4152233027     -1200.070211273
    14 -600.6588391168      599.4376023324     -1200.096441449
    15 -600.6621029901      599.4522158607     -1200.114318851
    16 -600.6642033947      599.4683096193     -1200.132513014
    17 -600.6647493285      599.4879922496     -1200.152741578
    18 -600.6640534419      599.4808772395     -1200.144930681
    19 -600.6646541522      599.4709430571     -1200.135597209
    20 -600.6650012811      599.4678103056     -1200.132811587
    21 -600.6651090963      599.4627734809     -1200.127882577
    22 -600.6651061117      599.4617055323     -1200.126811644
    23 -600.6651061840      599.4619691241     -1200.127075308
    24 -600.6650908509      599.4622120740     -1200.127302925
    25 -600.6650910178      599.4620029267     -1200.127093944
    26 -600.6651054513      599.4616789908     -1200.126784442
    27 -600.6651058499      599.4619733316     -1200.127079181
    28 -600.6651054707      599.4619607094     -1200.127066180
$end
