$energy      SCF               SCFKIN            SCFPOT
     1 -568.0574637602      567.1179471099     -1135.175410870
     2 -568.0574691019      567.1234040404     -1135.180873142
     3 -568.0574696282      567.1254052237     -1135.182874852
     4 -568.0574698541      567.1258030291     -1135.183272883
     5 -568.0574702020      567.1261627342     -1135.183632936
     6 -568.0574706294      567.1268673441     -1135.184337974
     7 -568.0574707810      567.1271240135     -1135.184594794
     8 -568.0574708892      567.1272143592     -1135.184685248
$end
