$dipgrad          cartesian dipole gradients
  -.30923077575218D+00  0.42042455872958D-01  0.74711495399424D-01
  0.45609373345256D-01  -.34525897306860D+00  -.10672908240897D+00
  0.74763832295768D-01  -.10630183977444D+00  -.46497021452754D+00
  -.17186427520275D-01  0.15200651286096D-01  0.26097147490544D-01
  0.20287336069310D-01  0.17585535404031D+00  0.38508821150866D-01
  0.42539073326918D-01  0.38781553675453D-01  0.21763559846927D+00
  0.15981176684970D+00  -.37258100912374D-01  -.44684978886092D-01
  -.47653550560761D-01  -.95680641400824D-02  -.10817284553186D-01
  -.49506580918970D-01  -.27972248673906D-01  0.21762521078211D+00
  0.16660543742215D+00  -.19985006246333D-01  -.56123664003871D-01
  -.18243158853716D-01  0.17897168416858D+00  0.79037545811286D-01
  -.67796324703694D-01  0.95492534772881D-01  0.29709406276400D-01
$end
