$hessian (projected)
 1  1   0.5641940967   0.0628873756   0.1076479789  -0.4038381798   0.0249895774
 1  2   0.0428000154  -0.0802087149  -0.1179570900  -0.0321026884  -0.0801472020
 1  3   0.0300801370  -0.1183453059
 2  1   0.0628873756   0.5188396612  -0.1534162819  -0.0032473209  -0.0470827551
 2  2   0.0195429507  -0.0898474982  -0.3713228409  -0.0324328614   0.0302074435
 2  3  -0.1004340652   0.1663061926
 3  1   0.1076479789  -0.1534162819   0.3449030119  -0.0056112693   0.0195470632
 3  2  -0.0250096221  -0.0160595690   0.0133590061  -0.0247588746  -0.0859771407
 3  3   0.1205102127  -0.2951345152
 4  1  -0.4038381798  -0.0032473209  -0.0056112693   0.4314238702  -0.0023695616
 4  2  -0.0040293913  -0.0137905862   0.0054180714   0.0032962491  -0.0137951043
 4  3   0.0001988110   0.0063444115
 5  1   0.0249895774  -0.0470827551   0.0195470632  -0.0023695616   0.0488989727
 5  2  -0.0162493975  -0.0427488164  -0.0006435956   0.0001145142   0.0201288006
 5  3  -0.0011726221  -0.0034121799
 6  1   0.0428000154   0.0195429507  -0.0250096221  -0.0040293913  -0.0162493975
 6  2   0.0305158600  -0.0010532764  -0.0031241696  -0.0030168922  -0.0377173477
 6  3  -0.0001693836  -0.0024893456
 7  1  -0.0802087149  -0.0898474982  -0.0160595690  -0.0137905862  -0.0427488164
 7  2  -0.0010532764   0.0901188145   0.1185522789   0.0160784465   0.0038804865
 7  3   0.0140440358   0.0010343989
 8  1  -0.1179570900  -0.3713228409   0.0133590061   0.0054180714  -0.0006435956
 8  2  -0.0031241696   0.1185522789   0.3907030383  -0.0031684736  -0.0060132603
 8  3  -0.0187366018  -0.0070663629
 9  1  -0.0321026884  -0.0324328614  -0.0247588746   0.0032962491   0.0001145142
 9  2  -0.0030168922   0.0160784465  -0.0031684736   0.0303946566   0.0127279928
 9  3   0.0354868208  -0.0026188898
10  1  -0.0801472020   0.0302074435  -0.0859771407  -0.0137951043   0.0201288006
10  2  -0.0377173477   0.0038804865  -0.0060132603   0.0127279928   0.0900618198
10  3  -0.0443229837   0.1109664956
11  1   0.0300801370  -0.1004340652   0.1205102127   0.0001988110  -0.0011726221
11  2  -0.0001693836   0.0140440358  -0.0187366018   0.0354868208  -0.0443229837
11  3   0.1203432891  -0.1558276499
12  1  -0.1183453059   0.1663061926  -0.2951345152   0.0063444115  -0.0034121799
12  2  -0.0024893456   0.0010343989  -0.0070663629  -0.0026188898   0.1109664956
12  3  -0.1558276499   0.3002427507
$end
