$vibrational normal modes
 1  1   0.2606370343   0.0440195599  -0.0768121295  -0.0223842276  -0.1849310941
 1  2  -0.0153561393   0.0385367621  -0.0435977716   0.0456608186   0.0125719613
 1  3   0.0567938462   0.0477844650
 2  1   0.0102238573   0.5031388612   0.0241191935  -0.0077788454   0.0476094924
 2  2  -0.0252196513  -0.0549351347  -0.0496073733  -0.0317982069  -0.0172340868
 2  3  -0.0338273504   0.0606248410
 3  1  -0.0302338743   0.0134483346   0.1780861265  -0.1328801153  -0.1182953741
 3  2   0.1404061301  -0.0941639730   0.0111063217   0.0372603495  -0.0307245714
 3  3   0.0427785523  -0.0154833162
 4  1   0.2446553281   0.0358761290  -0.0915698514  -0.0573359129  -0.1730298529
 4  2  -0.0333029444   0.0148445206  -0.0322817534   0.0338914616  -0.5777558716
 4  3  -0.6236002593  -0.5201094816
 5  1  -0.6032371594   0.5219235424  -0.4471541377  -0.2802446546  -0.2662650311
 5  2  -0.0665095228   0.2889776521   0.3749687545   0.5585710620  -0.0098981601
 5  3  -0.0023764682   0.0279215340
 6  1  -0.0298468685  -0.1798300161   0.1228570076  -0.7562768657   0.3314025961
 6  2  -0.2372695484   0.4951561582  -0.4491050101  -0.0845610296  -0.0174580307
 6  3   0.0296499871   0.0078179066
 7  1  -0.3260574338   0.0611681892  -0.5084836585  -0.3011791638  -0.4748596350
 7  2  -0.0989197542  -0.2752760509  -0.0003982123  -0.6391503033   0.1997424007
 7  3   0.0670684358  -0.2495639708
 8  1   0.2036336905   0.4879621579   0.1447139235   0.0687423647   0.1571148983
 8  2   0.0255353582   0.0839091963  -0.0466089842   0.2129089427   0.5345822871
 8  3   0.1308341174  -0.7649035143
 9  1  -0.0988667844   0.2383192640   0.6356419888   0.1945721948  -0.4781377801
 9  2  -0.4124601394   0.4960999936   0.3325241662  -0.3115694419  -0.0199723529
 9  3   0.0172241569  -0.0214451493
10  1   0.5296789363  -0.1352069557   0.0614584998  -0.4389850569   0.3420501309
10  2  -0.2889019169  -0.2750733621   0.6385123881  -0.0292415783   0.2033141342
10  3  -0.2326725836   0.1056629503
11  1   0.2613293700   0.3489655917  -0.2259693609  -0.0447383427   0.3430501068
11  2   0.5890140008   0.3904889968   0.3609817734  -0.3296137347  -0.2852001314
11  3   0.3416054969  -0.1054577363
12  1   0.0000000000   0.0000000000   0.0000000000   0.0000000000  -0.1593793738
12  2   0.5537350323   0.3172416409  -0.0377520388  -0.1216374554   0.4643774692
12  3  -0.6413227367   0.2287826186
$end
