$energy      SCF               SCFKIN            SCFPOT            MP2
     1 -2792.265193662      2792.22280     -5584.48800     -.8112337261764
     2 -2792.265572364      2792.27023     -5584.53580     -.8111965923922
     3 -2792.265612043      2792.28525     -5584.55086     -.8111874635742
     4 -2792.265629339      2792.28822     -5584.55385     -.8111844219084
     5 -2792.265647484      2792.29046     -5584.55610     -.8111814559152
     6 -2792.265663302      2792.29075     -5584.55642     -.8111808085528
     7 -2792.265689041      2792.29832     -5584.56400     -.8111776668848
     8 -2792.265689322      2792.29864     -5584.56433     -.8111775979723
     9 -2792.265689343      2792.29870     -5584.56439     -.8111774494337
$end
