$energy      SCF               SCFKIN            SCFPOT            MP2
     1 -567.0332744804      566.953795     -1133.98707     -.6817909591972
     2 -567.0336605104      567.001939     -1134.03560     -.6817564575271
     3 -567.0336986198      567.017011     -1134.05071     -.6817503297550
     4 -567.0337172875      567.020548     -1134.05427     -.6817480483381
     5 -567.0337407726      567.023467     -1134.05721     -.6817460283086
     6 -567.0337630829      567.023394     -1134.05716     -.6817438007351
     7 -567.0337927003      567.031448     -1134.06524     -.6817389818008
     8 -567.0337928227      567.031737     -1134.06553     -.6817388734017
     9 -567.0337928417      567.031790     -1134.06558     -.6817387907537
$end
