           1           2   1.02446239455888     
           2           3   1.98273027563483     
           4           5   1.93112902816962     
           1           6  0.981105071131986     
           5           6   1.00998274274205     
           1           7  0.961187431137955     
           1           8  0.974032168038189     
           2           9  0.966025383571666     
           3          10  0.975211211243229     
           3          11  0.976725642563082     
           5          12  0.929906199617091     
           6          13  0.968881909096430     
           6          14  0.937600350286089     
