$dipgrad          cartesian dipole gradients
  -.32291511188019D+00  0.46798075072998D-01  0.80277195837260D-01
  0.46893349511039D-01  -.35686075341994D+00  -.11439691162066D+00
  0.80245709097873D-01  -.11440299439543D+00  -.48625166257466D+00
  0.19615876696899D-01  0.18269866394361D-01  0.31343086599808D-01
  0.19260125364525D-02  0.16146923054151D+00  0.40829123383956D-01
  0.33566059079782D-02  0.40838334350119D-01  0.20764590555363D+00
  0.15161241256000D+00  -.44928378514678D-01  -.48579138668470D-01
  -.28700581865741D-01  0.28978382824298D-01  -.15294075217828D-01
  -.39214368935539D-01  0.11101287570885D-01  0.20799892728720D+00
  0.15168682262351D+00  -.20139562952766D-01  -.63041143768598D-01
  -.20118780181681D-01  0.16641314005417D+00  0.88861863454528D-01
  -.44387946070301D-01  0.62463372474420D-01  0.70606829733916D-01
$end
