$hessian (projected)
 1  1   0.5989611331   0.0600768825   0.1029621170  -0.4154935249   0.0304295636
 1  2   0.0521700267  -0.0917345470  -0.1162827746  -0.0361562388  -0.0917330612
 1  3   0.0257763285  -0.1189759049
 2  1   0.0600768825   0.5556266195  -0.1466720919  -0.0016238211  -0.0611790233
 2  2   0.0204938923  -0.0843898440  -0.3853797151  -0.0410143041   0.0259367826
 2  3  -0.1090678811   0.1671925037
 3  1   0.1029621170  -0.1466720919   0.3895070102  -0.0027950147   0.0204927458
 3  2  -0.0379975513  -0.0179264584   0.0109387795  -0.0376733787  -0.0822406439
 3  3   0.1152405666  -0.3138360802
 4  1  -0.4154935249  -0.0016238211  -0.0027950147   0.4432838895  -0.0029411329
 4  2  -0.0050336791  -0.0138998862   0.0039082555   0.0029660355  -0.0138904784
 4  3   0.0006566984   0.0048626583
 5  1   0.0304295636  -0.0611790233   0.0204927458  -0.0029411329   0.0587831144
 5  2  -0.0180552408  -0.0504590345   0.0025595809   0.0014485450   0.0229706037
 5  3  -0.0001636720  -0.0038860499
 6  1   0.0521700267   0.0204938923  -0.0379975513  -0.0050336791  -0.0180552408
 6  2   0.0383564244  -0.0021566335  -0.0023421818  -0.0015449152  -0.0449797142
 6  3  -0.0000964697   0.0011860421
 7  1  -0.0917345470  -0.0843898440  -0.0179264584  -0.0138998862  -0.0504590345
 7  2  -0.0021566335   0.0998312142   0.1186374928   0.0181098591   0.0058032191
 7  3   0.0162113856   0.0019732328
 8  1  -0.1162827746  -0.3853797151   0.0109387795   0.0039082555   0.0025595809
 8  2  -0.0023421818   0.1186374928   0.4025134516  -0.0028066322  -0.0062629738
 8  3  -0.0196933173  -0.0057899655
 9  1  -0.0361562388  -0.0410143041  -0.0376733787   0.0029660355   0.0014485450
 9  2  -0.0015449152   0.0181098591  -0.0028066322   0.0382180531   0.0150803442
 9  3   0.0423723914   0.0010002407
10  1  -0.0917330612   0.0259367826  -0.0822406439  -0.0138904784   0.0229706037
10  2  -0.0449797142   0.0058032191  -0.0062629738   0.0150803442   0.0998203205
10  3  -0.0426444125   0.1121400139
11  1   0.0257763285  -0.1090678811   0.1152405666   0.0006566984  -0.0001636720
11  2  -0.0000964697   0.0162113856  -0.0196933173   0.0423723914  -0.0426444125
11  3   0.1289248705  -0.1575164883
12  1  -0.1189759049   0.1671925037  -0.3138360802   0.0048626583  -0.0038860499
12  2   0.0011860421   0.0019732328  -0.0057899655   0.0010002407   0.1121400139
12  3  -0.1575164883   0.3116497974
$end
