$vibrational normal modes
 1  1  -0.0142553133   0.0201304754  -0.0425491929  -0.0174029237   0.0215763213
 1  2   0.5041006993  -0.0384026408   0.0145153129  -0.0610094250   0.0128604588
 1  3  -0.0604905098   0.0436508369
 2  1  -0.0113073519  -0.0551376533   0.0452434346   0.0131537511   0.4711536034
 2  2   0.0012757142   0.0547195429  -0.0533130261  -0.0241642886  -0.0180349144
 2  3   0.0292688714   0.0632461213
 3  1  -0.0495909030   0.1691960128   0.1222415036  -0.1948540861   0.0184086717
 3  2  -0.0043763553   0.0938310582   0.0370341736  -0.0108763194  -0.0313226923
 3  3  -0.0417915099  -0.0188838637
 4  1  -0.0239449847  -0.0143492776  -0.0165487521  -0.0219408489  -0.0007366461
 4  2   0.4982346653  -0.0201637084   0.0118390659  -0.0497625615  -0.5775216476
 4  3   0.6594145653  -0.4744083459
 5  1  -0.1184508318  -0.1115264778   0.6541883694   0.4400288302   0.1048228468
 5  2   0.0657945990  -0.2887538036   0.6725759678   0.0109398857  -0.0076997484
 5  3  -0.0025100855   0.0254407225
 6  1  -0.2039609441  -0.5697945687   0.3487852271  -0.5456829149  -0.2672351659
 6  2  -0.1733720624  -0.4951113581  -0.3151137819  -0.3306177577  -0.0133264566
 6  3  -0.0300348259   0.0079727154
 7  1  -0.0928489911  -0.0722368446   0.5512090749   0.3661058146  -0.3282295045
 7  2   0.5632869949   0.2769138741  -0.5374955745   0.3463115144   0.1988154354
 7  3  -0.0441257304  -0.2525347533
 8  1  -0.0171542145  -0.0263366453  -0.1495749657  -0.1076498221   0.5706621390
 8  2  -0.0247854366  -0.0786567482   0.1502487623  -0.1577627909   0.5390203310
 8  3  -0.0726753305  -0.7703123936
 9  1   0.6843583325   0.1969758052   0.1701692388  -0.2816011277   0.3474327310
 9  2   0.1558228823  -0.4960256173  -0.0805961919   0.4482851194  -0.0157898012
 9  3  -0.0136672798  -0.0244326612
10  1  -0.1284456128  -0.5736349814  -0.1192725359  -0.4914885741  -0.0724357340
10  2   0.3281308762   0.2768909828   0.3239524574   0.5512349230   0.1999979292
10  3   0.2252842212   0.1203732839
11  1  -0.5946901256   0.1424226703  -0.2488464825   0.0565439748   0.3680496390
11  2  -0.1156716174  -0.3929694411  -0.0819896235   0.4826086340  -0.2807083268
11  3  -0.3315333367  -0.1339932233
12  1  -0.3059239991   0.4863793248   0.0000000000   0.0000000000   0.0000000000
12  2   0.0000000000  -0.3127346503  -0.1189150244   0.0334694208   0.4643748019
12  3   0.6244348076   0.2788691581
$end
