$energy      SCF               SCFKIN            SCFPOT            MP2
     1 -2792.270714764      2792.18054     -5584.45126     -.8072684674548
     2 -2792.271100850      2792.22883     -5584.49993     -.8072354356664
     3 -2792.271137692      2792.24390     -5584.51503     -.8072303922022
     4 -2792.271155723      2792.24744     -5584.51860     -.8072287321938
     5 -2792.271178993      2792.25040     -5584.52158     -.8072271365454
     6 -2792.271201893      2792.25028     -5584.52148     -.8072242321045
     7 -2792.271231807      2792.25834     -5584.52958     -.8072189935888
     8 -2792.271231938      2792.25862     -5584.52986     -.8072189532072
     9 -2792.271231950      2792.25866     -5584.52990     -.8072188494143
$end
