$energy      SCF               SCFKIN            SCFPOT            MP2
     1 -2792.270714638      2792.18051     -5584.45122     -.8073070747209
     2 -2792.271100685      2792.22879     -5584.49989     -.8072739573472
     3 -2792.271137550      2792.24385     -5584.51499     -.8072688673051
     4 -2792.271155609      2792.24739     -5584.51855     -.8072671927775
     5 -2792.271178908      2792.25035     -5584.52153     -.8072655898468
     6 -2792.271201786      2792.25025     -5584.52145     -.8072627138504
     7 -2792.271231667      2792.25831     -5584.52954     -.8072575204369
     8 -2792.271231787      2792.25856     -5584.52980     -.8072574639768
     9 -2792.271231807      2792.25862     -5584.52985     -.8072574018570
$end
