$coord
    0.00000000000000      0.00000000000000      0.00000000000000  c f
    0.00046507550019     -0.00000000000931     -5.62826899709763  cl
    0.00000000000000      0.00000000000000      3.00000000000000  f f
   -0.98111326117952      1.69913044242861     -0.53185802236157  h
   -0.98111326117763     -1.69913044243805     -0.53185802236463  h
    1.96162963472167     -0.00000000000635     -0.53196907954191  h
$redundant
     number_of_atoms             6
     degrees_of_freedom         12
     internal_coordinates       13
     frozen_coordinates          1
# definitions of redundant internals
   1 k  1.0000000000000 stre   1    4           val=   2.03286
   2 k  1.0000000000000 stre   1    5           val=   2.03286
   3 k  1.0000000000000 stre   1    6           val=   2.03248
   4 k  1.0000000000000 stre   1    2           val=   5.62827
   5 k  1.0000000000000 stre   1    3           val=   3.00000
   6 k  0.3136083885496 bend   5    4    1      val=  25.18864
        0.3136083843480 bend   6    4    1
        0.3136083843480 bend   6    5    1
        0.3427704146236 bend   2    4    1
        0.3427704146236 bend   2    5    1
        0.3427704133963 bend   2    6    1
       -0.3427704142626 bend   3    4    1
       -0.3427704142626 bend   3    5    1
       -0.3427704141183 bend   3    6    1
   7 k -0.7284700412020 bend   5    4    1      val=   0.00176
        0.3642350226301 bend   6    4    1
        0.3642350226301 bend   6    5    1
       -0.0690307664327 bend   2    4    1
       -0.0690307664327 bend   2    5    1
        0.1380615364628 bend   2    6    1
       -0.1709803184182 bend   3    4    1
       -0.1709803184182 bend   3    5    1
        0.3419606348669 bend   3    6    1
   8 k  0.6308735618631 bend   6    4    1      val=   0.00000
       -0.6308735618631 bend   6    5    1
        0.1195647963924 bend   2    4    1
       -0.1195647963924 bend   2    5    1
        0.2961465995176 bend   3    4    1
       -0.2961465995176 bend   3    5    1
   9 k -0.1886161461788 bend   6    4    1      val=  -0.00000
        0.1886161461788 bend   6    5    1
       -0.3896354724433 bend   2    4    1
        0.3896354724433 bend   2    5    1
        0.5591137165323 bend   3    4    1
       -0.5591137165323 bend   3    5    1
  10 k  0.2177951631580 bend   5    4    1      val=   0.00331
       -0.1088975818400 bend   6    4    1
       -0.1088975818400 bend   6    5    1
        0.2249561441736 bend   2    4    1
        0.2249561441736 bend   2    5    1
       -0.4499122900527 bend   2    6    1
       -0.3228044544409 bend   3    4    1
       -0.3228044544409 bend   3    5    1
        0.6456089112509 bend   3    6    1
  11 k -0.2577256260888 bend   6    4    1      val=  -0.00000
        0.2577256260888 bend   6    5    1
        0.5778308213288 bend   2    4    1
       -0.5778308213288 bend   2    5    1
        0.3157357179346 bend   3    4    1
       -0.3157357179346 bend   3    5    1
  12 k  0.2975959179354 bend   5    4    1      val=  -0.00309
       -0.1487979595330 bend   6    4    1
       -0.1487979595330 bend   6    5    1
       -0.3336107797757 bend   2    4    1
       -0.3336107797757 bend   2    5    1
        0.6672215611118 bend   2    6    1
       -0.1822901013563 bend   3    4    1
       -0.1822901013563 bend   3    5    1
        0.3645802046509 bend   3    6    1
  13 f  1.0000000000000 stre   1    3           val=   3.00000
        12 non zero eigenvalues  of BmBt
           1           4.870637030    1    0
         1
           2           3.190487269    2    0
         2
           3           3.190487263    3    0
         3
           4           1.000000000    4    0
         4
           5           0.790247547    6    0
         6
           6           0.766835210    7    0
         7
           7           0.766835210    8    0
         8
           8           0.590291260    9    0
         9
           9           0.590291259   10    0
        10
          10           0.197716160   11    0
        11
          11           0.197716159   12    0
        12
          12        1000.000000000    0    1
         0.000000000         0.000000000         0.000000000         0.000000000
         0.000000000         0.000000000         0.000000000         0.000000000
         0.000000000         0.000000000         0.000000000         0.000000000
         1.000000000
$end
