$energy      SCF               SCFKIN            SCFPOT
     1 -600.4045767557      600.1643897916     -1200.568966547
     2 -600.4477674656      600.0283542737     -1200.476121739
     3 -600.5091832876      599.8432110394     -1200.352394327
     4 -600.5450382946      599.7279509197     -1200.272989214
     5 -600.5630128627      599.6307798923     -1200.193792755
     6 -600.5686882604      599.5583757751     -1200.127064035
     7 -600.5701345025      599.5260853693     -1200.096219872
     8 -600.5715007512      599.4977591077     -1200.069259859
     9 -600.5738328221      599.4665978520     -1200.040430674
    10 -600.5766694135      599.4457997301     -1200.022469144
    11 -600.5799809763      599.4319126683     -1200.011893645
    12 -600.5824199622      599.4136566734     -1199.996076636
    13 -600.5839822079      599.3934058247     -1199.977388033
    14 -600.5850909920      599.3638968843     -1199.948987876
    15 -600.5858019084      599.3367843723     -1199.922586281
    16 -600.5861429969      599.3114955288     -1199.897638526
    17 -600.5861812818      599.2904522032     -1199.876633485
    18 -600.5861906270      599.2928071138     -1199.878997741
    19 -600.5861908461      599.2918455738     -1199.878036420
    20 -600.5861908309      599.2919443739     -1199.878135205
$end
