$coord
  -12.62149132892967      4.32339919012113     -0.04441177990767  c
  -12.56118255785707      1.82785362937914     -0.13614731307078  c
  -10.27117200427901      5.83928736411205      0.01411303919059  c
   -7.85039115017332      4.43831719277347     -0.03438216636270  c
   -7.79006521970855      1.94278427146401     -0.12621910336361  c
  -10.14038769200356      0.42690129896908     -0.18505626329043  c
  -10.08618249426354     -1.81588289603613     -0.26791331805443  o
  -10.32538080539017      8.08209572315022      0.09639345391567  o
  -14.36297997687904      5.38286131943029     -0.00747899106282  h
  -14.24927267589101      0.68548373259115     -0.18021832627695  h
   -6.16219672743010      5.58052265465618      0.00987288188066  h
   -6.04871613069642      0.88309707192502     -0.16299154301837  h
$redundant
     number_of_atoms            12
     degrees_of_freedom         30
     internal_coordinates       30
     frozen_coordinates          0
# definitions of redundant internals
   1 k  1.0000000000000 stre   6    7           val=   2.24497
   2 k  0.7071067811866 bend   2    7    6      val=   0.00025
       -0.7071067811865 bend   5    7    6
   3 k  1.0000000000000 outp   7    5    2    6 val=  -0.00026
   4 k  1.0000000000000 stre   3    8           val=   2.24497
   5 k  0.7071068208983 bend   4    8    3      val=   0.00049
       -0.7071067414748 bend   1    8    3
   6 k  1.0000000000000 outp   8    1    4    3 val=  -0.00022
   7 k  1.0000000000000 stre   1    9           val=   2.03878
   8 k  0.7071072822150 bend   2    9    1      val=   3.44220
       -0.7071062801578 bend   3    9    1
   9 k  1.0000000000000 outp   9    3    2    1 val=  -0.00003
  10 k  1.0000000000000 stre   2   10           val=   2.03877
  11 k -0.7071067776405 bend   1   10    2      val=  -3.45198
        0.7071067847326 bend   6   10    2
  12 k  1.0000000000000 outp  10    6    1    2 val=  -0.00608
  13 k  1.0000000000000 stre   4   11           val=   2.03877
  14 k  0.7071067811884 bend   5   11    4      val=   3.44656
       -0.7071067811847 bend   3   11    4
  15 k  1.0000000000000 outp  11    3    5    4 val=   0.00058
  16 k  1.0000000000000 stre   5   12           val=   2.03877
  17 k  0.7071067811872 bend   4   12    5      val=   3.44965
       -0.7071067811859 bend   6   12    5
  18 k  1.0000000000000 outp  12    6    4    5 val=  -0.00087
  19 k  1.0000000000000 stre   1    2           val=   2.49796
  20 k  1.0000000000000 stre   2    6           val=   2.79738
  21 k  1.0000000000000 stre   6    5           val=   2.79739
  22 k  1.0000000000000 stre   5    4           val=   2.49795
  23 k  1.0000000000000 stre   4    3           val=   2.79736
  24 k  1.0000000000000 stre   3    1           val=   2.79738
  25 k -0.2886751345948 bend   1    6    2      val=   1.09247
       -0.2886751345948 bend   2    5    6
        0.5773502691896 bend   6    4    5
       -0.2886751345948 bend   5    3    4
       -0.2886751345948 bend   4    1    3
        0.5773502691896 bend   3    2    1
  26 k  0.5000000000000 bend   1    6    2      val=   2.18576
       -0.5000000000000 bend   2    5    6
        0.5000000000000 bend   5    3    4
       -0.5000000000000 bend   4    1    3
  27 k -0.4082482904639 bend   1    6    2      val=   0.00017
        0.4082482904639 bend   2    5    6
       -0.4082482904639 bend   6    4    5
        0.4082482904639 bend   5    3    4
       -0.4082482904639 bend   4    1    3
        0.4082482904639 bend   3    2    1
  28 k -0.2886751345948 tors   2    6    5    4 val=   0.00727
       -0.2886751345948 tors   6    5    4    3
        0.5773502691896 tors   5    4    3    1
       -0.2886751345948 tors   4    3    1    2
       -0.2886751345948 tors   3    1    2    6
        0.5773502691896 tors   1    2    6    5
  29 k  0.5000000000000 tors   2    6    5    4 val=  -0.00217
       -0.5000000000000 tors   6    5    4    3
        0.5000000000000 tors   4    3    1    2
       -0.5000000000000 tors   3    1    2    6
  30 k -0.4082482904639 tors   2    6    5    4 val=   0.00236
        0.4082482904639 tors   6    5    4    3
       -0.4082482904639 tors   5    4    3    1
        0.4082482904639 tors   4    3    1    2
       -0.4082482904639 tors   3    1    2    6
        0.4082482904639 tors   1    2    6    5
        30 non zero eigenvalues  of BmBt
           1          10.319958352    1    0
         1
           2           5.090270884    2    0
         2
           3           4.424185047    3    0
         3
           4           4.310337822    4    0
         4
           5           4.250755318    5    0
         5
           6           3.561367579    6    0
         6
           7           3.531982786    7    0
         7
           8           3.334991181    8    0
         8
           9           3.062237990    9    0
         9
          10           2.616990616   10    0
        10
          11           1.945822061   11    0
        11
          12           1.874880437   12    0
        12
          13           1.825546766   13    0
        13
          14           1.594733917   14    0
        14
          15           1.507411299   15    0
        15
          16           0.991764056   16    0
        16
          17           0.900737110   17    0
        17
          18           0.518398537   18    0
        18
          19           0.461215882   19    0
        19
          20           0.400830582   20    0
        20
          21           0.382102936   21    0
        21
          22           0.365641756   22    0
        22
          23           0.318340140   23    0
        23
          24           0.275580411   24    0
        24
          25           0.262920797   25    0
        25
          26           0.251401061   26    0
        26
          27           0.242647218   27    0
        27
          28           0.142172302   28    0
        28
          29           0.110820314   29    0
        29
          30           0.093474853   30    0
        30
$end
