$dipgrad          cartesian dipole gradients
  -.14499879367104D+00  -.29421388925769D+00  -.10829515526601D-01
  -.14479270180800D+00  -.10963435510122D+00  0.11169736225811D-02
  -.53666467496570D-02  0.94977469819170D-03  -.14436466671810D+00
  -.16610950478734D+00  0.29146646046472D+00  0.10687102187996D-01
  0.14212118028884D+00  -.88600326019225D-01  0.22059229798107D-02
  0.51907691296402D-02  0.24319117169621D-02  -.14428830030904D+00
  0.92906507482189D+00  -.14922898655585D-01  0.35937805536997D-04
  -.14901776240261D-01  0.15446765958425D+01  0.40803687129436D-01
  0.85589291710134D-05  0.40921750835221D-01  0.43471518869336D+00
  -.16610201510235D+00  0.29147098162314D+00  0.10717959753810D-01
  0.14206979906238D+00  -.88624613880295D-01  0.22495078201696D-02
  0.52279789977809D-02  0.24561224518029D-02  -.14429176848131D+00
  -.14501059366264D+00  -.29418328259690D+00  -.10826109855190D-01
  -.14484966551891D+00  -.10958564363173D+00  0.10828780611237D-02
  -.52696871133585D-02  0.89205392410354D-03  -.14434580440491D+00
  0.92896549290676D+00  -.14926525771290D-01  0.51829901702436D-04
  -.14920042898740D-01  0.15446388200962D+01  0.41061739185564D-01
  0.81993678115439D-04  0.40866749550612D-01  0.43471539742712D+00
  -.61348747032567D+00  0.20440120285135D-01  0.51916536107622D-03
  0.20422262375416D-01  -.14575566712482D+01  -.38221610494778D-01
  0.61880543983667D-03  -.38249270000161D-01  -.42361126222200D+00
  -.61334781002528D+00  0.20408560923212D-01  0.52347972564622D-03
  0.20424772691029D-01  -.14575741836305D+01  -.38018975290567D-01
  0.42318383815209D-03  -.37946276520199D-01  -.42356783123008D+00
  -.36090753713097D-02  0.20067813876913D-01  0.57234597183819D-03
  0.33340231640542D-01  0.56917400072723D-01  -.29793034379323D-02
  0.10574019771338D-02  -.29843059060444D-02  0.13876947286226D+00
  -.88313398182206D-03  -.22825044049910D-01  -.99363024311393D-03
  -.36139045898044D-01  0.54210286343956D-01  -.31584442511869D-02
  -.14928262365681D-02  -.31836247693922D-02  0.13875151306857D+00
  -.88375202223484D-03  -.22835205060484D-01  -.10161138486883D-02
  -.36129833449640D-01  0.54210215022706D-01  -.31668173689900D-02
  -.15211579903228D-02  -.31502125637475D-02  0.13875731070764D+00
  -.35984187729086D-02  0.20052908218550D-01  0.55754876599958D-03
  0.33354819754940D-01  0.56922476138298D-01  -.29755579552268D-02
  0.10416261001124D-02  -.30046734173657D-02  0.13876075061182D+00
$end
