$energy      SCF               SCFKIN            SCFPOT
     1 -379.0041199245      377.3662990903     -756.3704190148
     2 -379.0254107806      377.6309656831     -756.6563764636
     3 -379.0375272822      378.0044271587     -757.0419544409
     4 -379.0381093623      377.9191984420     -756.9573078043
     5 -379.0382047730      377.9127903228     -756.9509950958
     6 -379.0382716086      377.9168390122     -756.9551106208
     7 -379.0382874410      377.9075643585     -756.9458517995
     8 -379.0382988108      377.9054646775     -756.9437634883
     9 -379.0383013304      377.9077721005     -756.9460734309
    10 -379.0383013884      377.9105575414     -756.9488589298
    11 -379.0383017932      377.9089783237     -756.9472801169
    12 -379.0383017929      377.9086062817     -756.9469080746
    13 -379.0383018310      377.9087979902     -756.9470998211
$end
