$grad          cartesian gradients
  cycle =      1    SCF energy =     -379.0041199245   |dE/dxyz| =  0.313747
  -12.83962215717193      4.43327428459561     -0.04363377621761      c
  -12.57828164716657      1.79939721586866     -0.13698624677412      c
  -10.25380513030940      5.79703724346949      0.01315249382740      c
   -7.79995796296034      4.45005935909749     -0.03382609763080      c
   -7.73861745295499      1.91618229037053     -0.12717856818731      c
  -10.12443447981752      0.45241933149666     -0.18375696835861      c
  -10.06864976461857     -1.85170483499830     -0.26854897957057      o
  -10.30958984550835      8.10114251270320      0.09822796395805      o
  -14.44370589382966      5.31075401981954     -0.00971319228058      h
  -14.33294904566534      0.73602942828049     -0.17825786533595      h
   -6.04527166720090      5.51342714668565      0.00731324010230      h
   -5.93453371629790      0.93870255514661     -0.16123143295307      h
  -.18579087263971D+00  0.15097468952897D+00  0.49977851279648D-02
  0.33486314933196D-01  -.85300084516253D-01  -.28153846789667D-02
  0.45589760076532D-01  -.72835863956351D-01  -.23196490691086D-02
  0.71205413274639D-02  0.35180944208839D-01  0.12597306284473D-02
  0.26472051558569D-02  -.30178300467805D-01  -.11473333841375D-02
  -.29160697004761D-02  0.58874986071644D-01  0.21961868272127D-02
  0.28737410536664D-02  -.55757218706394D-01  -.20604541811726D-02
  -.95598669827713D-02  0.51729381818352D-01  0.18109879431754D-02
  0.97754948359265D-01  -.61119802453185D-01  -.21989241586132D-02
  -.10976861654227D-01  0.88690517944877D-02  0.26318099395144D-03
  0.10497898788058D-01  -.43389347559242D-02  -.15017927075638D-03
  0.92732612827345D-02  0.39011514352150D-02  0.16405322242802D-03
  cycle =      2    SCF energy =     -379.0254107806   |dE/dxyz| =  0.181368
  -12.76046545032938      4.38500448066149     -0.04523309490846      c
  -12.56044198419975      1.81472920249234     -0.13638166517487      c
  -10.25568394440358      5.80213469370252      0.01334819005611      c
   -7.81963728602945      4.44373540742716     -0.03412603026001      c
   -7.75492110606886      1.92415138927830     -0.12694912817782      c
  -10.12845805517030      0.45083548128317     -0.18382589703075      c
  -10.08167002043102     -1.81976011654012     -0.26731421315615      o
  -10.31596521353263      8.07471177496009      0.09775591272273      o
  -14.44096772292848      5.30873763476151     -0.01045309729967      h
  -14.31240992563365      0.75567675698863     -0.17717063775915      h
   -6.07790403089271      5.51602153946762      0.00726780981088      h
   -5.96089402388166      0.94074230805292     -0.16135757824372      h
  -.10694990308663D+00  0.86772480834231D-01  0.26721782891661D-02
  0.26455143432609D-01  -.55511232679577D-01  -.17933683761378D-02
  0.34295663788148D-01  -.43120928661168D-01  -.12831600713837D-02
  0.20997505003055D-02  0.26154327650504D-01  0.94443425236078D-03
  0.93533486976580D-03  -.22592592068451D-01  -.84749621351699D-03
  -.28754078743200D-02  0.33231092063026D-01  0.12287067102364D-02
  0.10681461586213D-02  -.24940115544626D-01  -.92215738625127D-03
  -.67635273428029D-02  0.24560689078455D-01  0.83221073359188D-03
  0.46644765681167D-01  -.32543759369803D-01  -.10953905246535D-02
  -.85853661185211D-02  0.82722722783835D-02  0.26323473321547D-03
  0.71840200222589D-02  -.44172217797987D-02  -.16188576037073D-03
  0.64913799691327D-02  0.41349882053163D-02  0.16269361397651D-03
  cycle =      3    SCF energy =     -379.0375272822   |dE/dxyz| =  0.021291
  -12.60760553180638      4.31582835817736     -0.04558224128918      c
  -12.53987566323340      1.83629079055224     -0.13539167689181      c
  -10.27464680554917      5.84144420852552      0.01464659331593      c
   -7.86756339165043      4.43746378167927     -0.03547664361979      c
   -7.79556635705524      1.93841850283415     -0.12686450607738      c
  -10.13959842661071      0.41665664156135     -0.18492173941940      c
  -10.09740862131304     -1.82226399096916     -0.26673563249641      o
  -10.33812043364829      8.08099036626331      0.09895734631200      o
  -14.35474942882069      5.31232502933943     -0.01115578970385      h
  -14.27545909276506      0.76606981144559     -0.17806741458520      h
   -6.15513302416647      5.53978282121155      0.00730184867105      h
   -6.02369198688260      0.93371423191502     -0.16114957363684      h
  -.72213639577146D-02  -.30172135577055D-02  -.20633859700306D-03
  0.65292208312754D-02  0.77928991757289D-02  0.41379085829513D-03
  0.14070696649572D-02  0.59510371543559D-04  0.56716204821828D-04
  -.50558051167088D-02  0.48965389967294D-02  0.12321852612547D-03
  -.49285806478030D-03  -.48308190444192D-02  -.20240450452602D-03
  -.11970580726926D-02  -.16467755742985D-02  -.86317562692988D-04
  -.64825752548235D-03  0.41939898123869D-02  0.15953486873749D-03
  -.79744121050757D-03  -.37613232143947D-02  -.14220393244456D-03
  0.84880218690880D-02  -.80246969685221D-02  -.26274932915469D-03
  -.27120308100941D-02  0.40824444179398D-02  0.10024149169755D-03
  0.71509626549041D-03  -.25426290990680D-02  -.81276954884253D-04
  0.98540612673897D-03  0.27980746823127D-02  0.12778893129027D-03
  cycle =      4    SCF energy =     -379.0381093623   |dE/dxyz| =  0.008411
  -12.61332021100412      4.32258283116030     -0.04589080471813      c
  -12.55336853349493      1.82393189370850     -0.13569703033660      c
  -10.27176419631376      5.84842260010130      0.01424860592770      c
   -7.85988971917672      4.43793948959910     -0.03351432051671      c
   -7.79645831827397      1.94148843430571     -0.12647864489680      c
  -10.13926783088215      0.41523549695232     -0.18583494615168      c
  -10.08554921022135     -1.82603352771603     -0.26956102523677      o
  -10.32527264304720      8.09050823805209      0.09667212217563      o
  -14.36770002909664      5.34800483582640     -0.01207254216154      h
  -14.27013372567634      0.72491712020585     -0.17410746037049      h
   -6.15272263046705      5.55081041860930      0.01195430597413      h
   -6.03397171584723      0.91891272173077     -0.16415768910962      h
  -.87967105110967D-03  0.36970052060468D-02  0.13640213532648D-03
  0.19419230248550D-02  -.39686747041719D-02  -.23894242456547D-03
  0.20661533160952D-03  0.80479547454304D-03  0.78566765764442D-04
  -.20305113328563D-02  0.14367065437083D-02  0.10382640576543D-06
  -.75353387233613D-03  -.18600649040632D-02  0.12876608218284D-04
  0.18828589329126D-03  -.78777462696672D-03  -.33629218001726D-04
  -.27347335825079D-03  0.11894700640879D-02  0.28555031613947D-04
  0.10925873483181D-03  -.39599107209387D-03  -.30548935491898D-04
  0.14612350100459D-02  -.27139020287758D-02  -.16269023711140D-03
  -.14709348746693D-02  0.22124543299176D-02  0.20405481311885D-03
  0.73879316384548D-03  -.14880947767978D-02  0.15072090303041D-04
  0.76201334399606D-03  0.18740704927233D-02  -.98204553144934D-05
  cycle =      5    SCF energy =     -379.0382047730   |dE/dxyz| =  0.004008
  -12.61704994397758      4.32142247821856     -0.03743801243200      c
  -12.55827166176245      1.82678493574695     -0.14361781376487      c
  -10.27167672887903      5.84295740789608      0.01687742302160      c
   -7.85312828709861      4.43863563344135     -0.04272383210681      c
   -7.79297212099581      1.94219273960610     -0.12140283171703      c
  -10.13999516133076      0.42167469383463     -0.18158714413961      c
  -10.08504625498241     -1.82077975652012     -0.25640204042663      o
  -10.32572032800199      8.08474904293588      0.10477919955716      o
  -14.37008684733803      5.36236662757346      0.01875595106409      h
  -14.26188971413516      0.70984967245094     -0.21842301609679      h
   -6.15377129148209      5.56502713872151     -0.02488585220751      h
   -6.03981042351755      0.90183993863027     -0.13837146017247      h
  0.12091270942122D-02  0.35981776777289D-05  -.55649155490749D-03
  0.44587071957956D-03  -.82426813553804D-03  0.84993532986997D-03
  -.54571559138384D-03  0.57182930755981D-03  -.18828051989179D-03
  -.39389225363681D-03  0.73817845948960D-03  0.68377362946311D-03
  -.60270574799048D-03  -.10008502802806D-02  -.63059121342054D-03
  0.14163212641198D-03  -.62473375153804D-04  -.27383287288988D-04
  -.35847847315657D-04  0.43411659284798D-03  0.70688073090294D-04
  0.15719819141766D-03  -.64151023218584D-03  0.48287394537072D-04
  -.80864072458070D-03  -.79281477075815D-03  0.70409310960848D-03
  -.75088402124829D-03  0.13384866709581D-02  -.89907747685509D-03
  0.59157214523485D-03  -.79861995461994D-03  -.76683967630709D-03
  0.59228591897659D-03  0.10343275380111D-02  0.71188619198617D-03
  cycle =      6    SCF energy =     -379.0382716086   |dE/dxyz| =  0.004877
  -12.61894032799372      4.32077928459387     -0.04511952240421      c
  -12.56008559025596      1.82923705706600     -0.13608023385758      c
  -10.27183271660019      5.83898115717493      0.01459387734723      c
   -7.84967900980920      4.43856103197569     -0.03501881686723      c
   -7.79064852438074      1.94266570206758     -0.12810290404262      c
  -10.14045802101526      0.42613422257946     -0.18342030067895      c
  -10.08583110218156     -1.81651585878730     -0.26188487416470      o
  -10.32717664199219      8.08069815582907      0.09906540505401      o
  -14.36981274580633      5.37093534518082     -0.01084030896841      h
  -14.25683743058191      0.70045728850857     -0.18122141081936      h
   -6.15517493174206      5.57156828852886      0.01267532244833      h
   -6.04294172114236      0.89321887781806     -0.16908566246738      h
  0.18511876933191D-02  -.28137172081864D-02  -.54345602821246D-04
  -.11789541422294D-04  0.22039652343756D-02  0.14999144177331D-03
  -.84792722779937D-03  0.28987234381067D-03  -.10558290634269D-03
  0.30698407092551D-03  0.67594141824182D-03  -.13638427914533D-03
  -.46242621508383D-03  -.77000292380926D-03  0.83873928921770D-04
  -.31306304729934D-04  0.28135536418372D-03  0.60331933997748D-04
  0.75767686910148D-04  0.26354471758350D-03  0.28700935207706D-04
  0.88056911890349D-04  -.10447599843815D-02  -.56885932702005D-05
  -.14939689317346D-02  -.10597807207330D-04  -.39270449979074D-04
  -.40009730599616D-03  0.81991610584838D-03  -.84077632846406D-05
  0.45545839393149D-03  -.48022680048063D-03  0.15252614813192D-03
  0.47006077423531D-03  0.58470953693526D-03  -.12574479331509D-03
  cycle =      7    SCF energy =     -379.0382874410   |dE/dxyz| =  0.002585
  -12.62034057305674      4.32300638413742     -0.04617072193211      c
  -12.56091725058523      1.82772694834770     -0.13562592854007      c
  -10.27118965551487      5.83957638949232      0.01570354385130      c
   -7.84989057028264      4.43854286192828     -0.03490734312225      c
   -7.79069887300806      1.94260204156650     -0.12510585780842      c
  -10.14040165600137      0.42666286982865     -0.18942450989760      c
  -10.08514823369124     -1.81579337717095     -0.28039489736930      o
  -10.32556580357122      8.08207489185239      0.10170313103284      o
  -14.36736136344512      5.37965618212624     -0.01627321940299      h
  -14.25190502382664      0.68949703467408     -0.16558423243892      h
   -6.15899613703319      5.57689463796317      0.00255989016089      h
   -6.04700362348516      0.88627368778981     -0.15091928395425      h
  0.14326800557576D-02  -.62105321648412D-03  0.22254357684153D-03
  -.70383744592784D-04  0.62112740546877D-04  -.48590556559248D-03
  -.37165950733858D-03  -.95956537132708D-04  0.52126071851418D-03
  0.24249927088234D-03  0.39241419881782D-03  0.26955745061853D-03
  -.30800895499240D-03  -.45594362102007D-03  -.36342446324746D-03
  -.13036425723548D-04  0.24195116640330D-03  -.29650938987789D-03
  0.89994052637063D-04  0.96047186172177D-05  -.38762377808536D-04
  0.43233751916633D-04  -.15377608676115D-03  -.67368345392279D-04
  -.12636063386843D-02  0.38152283165729D-03  -.34387152977288D-03
  -.10784679893827D-03  0.24193308549041D-03  0.51464142024457D-03
  0.14784512088413D-03  -.20887515079325D-03  -.34588437146041D-03
  0.17828952025499D-03  0.20606586397157D-03  0.41372287701031D-03
  cycle =      8    SCF energy =     -379.0382988108   |dE/dxyz| =  0.001817
  -12.62063268133500      4.32368111374245     -0.04461627866572      c
  -12.56086166725884      1.82722810212499     -0.13628536128535      c
  -10.27098566766822      5.84009390200005      0.01341944280233      c
   -7.85041333452732      4.43846024316539     -0.03374075297693      c
   -7.79084112793923      1.94260875428696     -0.12597187799444      c
  -10.14035683237901      0.42633085828179     -0.18631451088522      c
  -10.08513782260916     -1.81639134698959     -0.27130992443966      o
  -10.32505847032741      8.08306632354618      0.09386896662981      o
  -14.36609052286751      5.38121489863495     -0.00756595282869      h
  -14.25067496492619      0.68738979491005     -0.17610209272835      h
   -6.16040030516823      5.57763090965697      0.01222882525145      h
   -6.04796536649536      0.88540699917542     -0.16204991230011      h
  0.10474335281902D-02  0.29073992669659D-03  0.46998080872938D-04
  0.24737179601150D-04  -.73509748562908D-03  -.19965529340693D-03
  -.13495129452790D-03  -.18247525686564D-03  0.10109190949359D-03
  0.88290095286048D-04  0.34651137286710D-03  -.34539438323694D-04
  -.23912757779501D-03  -.39917670277112D-03  -.14781801998397D-04
  -.13648430647543D-04  0.15970846614022D-03  0.20608630218889D-04
  0.71090931772132D-04  -.19695054502944D-04  -.86745091476791D-05
  0.18590532724981D-04  0.13008396291875D-03  -.44436453814909D-04
  -.93945423728030D-03  0.32168668662115D-03  -.21937690198433D-04
  -.59628441237844D-04  0.11526675890403D-03  0.12273990687788D-03
  0.49510554654991D-04  -.16735348246681D-03  0.29164667384753D-04
  0.87157165634122D-04  0.13980080616265D-03  0.34219919903685D-05
  cycle =      9    SCF energy =     -379.0383013304   |dE/dxyz| =  0.000715
  -12.62121611163821      4.32365587821318     -0.04496892989023      c
  -12.56097550332383      1.82767902143758     -0.13600616631029      c
  -10.27096846846055      5.83947726839437      0.01504816771789      c
   -7.85049894797634      4.43839570814260     -0.03446605913814      c
   -7.79034344839446      1.94272753345283     -0.12619678224739      c
  -10.14042496493442      0.42679465114169     -0.18402149107530      c
  -10.08590286722300     -1.81608244205496     -0.26547377236894      o
  -10.32519443774988      8.08229456196630      0.09996703406728      o
  -14.36401740586740      5.38254003718561     -0.01056057382598      h
  -14.24938243827738      0.68578903821019     -0.18078314494664      h
   -6.16180912546556      5.57975303109871      0.00826712725336      h
   -6.04868504419044      0.88369626534752     -0.16524483865649      h
  0.33327425036456D-03  0.20044473531652D-03  0.73755391276562D-04
  0.63313768680406D-04  -.30957807321391D-03  0.14313703387078D-04
  0.75513074978550D-04  -.16122595309681D-03  -.87560656919502D-04
  -.52510747407622D-04  0.15784330095095D-03  0.37620090251364D-04
  -.52422663189028D-04  -.15294336780981D-03  0.67192492489184D-04
  -.51877533149558D-04  0.10249073017593D-03  -.58273349283228D-04
  0.27532683506141D-04  -.25400097871109D-04  0.28789495989560D-04
  -.15944576486215D-04  0.10935227868902D-03  0.55140829577978D-04
  -.31817263898104D-03  0.98403530035332D-04  -.54407100689526D-04
  -.95347750615482D-05  0.43533295449871D-05  -.43820529022067D-05
  -.30985259966976D-05  -.59531467242274D-04  -.22403998075571D-04
  0.39276913210151D-05  0.35791053700954D-04  -.49784845029367D-04
  cycle =     10    SCF energy =     -379.0383013884   |dE/dxyz| =  0.000515
  -12.62145838740595      4.32321145351378     -0.04368104930581      c
  -12.56104066330602      1.82815177385265     -0.13514537495288      c
  -10.27112256609223      5.83911688125557      0.01255074062526      c
   -7.85047341759566      4.43830646080536     -0.03409118429907      c
   -7.78995273769004      1.94280525255217     -0.12586936032593      c
  -10.14045261161801      0.42712683370281     -0.18593924156899      c
  -10.08650377683138     -1.81554181651713     -0.27194886846064      o
  -10.32552598074000      8.08198921871463      0.09163391313550      o
  -14.36282051586601      5.38200691150161     -0.00480258811643      h
  -14.24933287321533      0.68601905828468     -0.17878196878880      h
   -6.16219935648765      5.58031587144628      0.01280978595756      h
   -6.04853587665320      0.88321265342321     -0.16117423332063      h
  -.12830531559360D-03  -.19166038108408D-03  -.47769863658689D-04
  0.48385531376062D-04  0.32631964790565D-03  0.51848853574604D-04
  0.96872482050932D-04  -.34381582853654D-04  0.13103856320237D-04
  -.10439676222382D-03  0.25609307685047D-04  -.72724387201452D-04
  0.57226625065021D-04  0.23649823540195D-04  -.38388280461934D-04
  -.53072315383346D-04  0.24639568073193D-04  0.10891283879248D-03
  -.97915251408495D-05  0.11989358071007D-04  -.66605874402052D-04
  -.21201279863776D-04  -.64888750964553D-04  -.53623947009911D-04
  0.11692320511253D-03  -.12516294687251D-03  0.46145855633915D-04
  -.15284434781354D-04  0.11098495140791D-04  -.26229465112681D-04
  0.15035235984895D-04  -.15074489937525D-04  0.69642610127187D-04
  -.23914489613586D-05  0.78619486948428D-05  0.15687803462586D-04
  cycle =     11    SCF energy =     -379.0383017932   |dE/dxyz| =  0.000101
  -12.62148812761339      4.32341284905069     -0.04469588024898      c
  -12.56118100471749      1.82794002841390     -0.13647151017722      c
  -10.27114044351275      5.83923640279281      0.01426286307988      c
   -7.85038644326532      4.43833647258574     -0.03457879828231      c
   -7.79003620878172      1.94280407110159     -0.12629208435248      c
  -10.14041445865039      0.42695905630802     -0.18483231058516      c
  -10.08623665032400     -1.81585985381417     -0.26706231559434      o
  -10.32538846649673      8.08201004961122      0.09728885862829      o
  -14.36301828608248      5.38276647953004     -0.00765954728023      h
  -14.24922743025211      0.68549722013360     -0.18056120909929      h
   -6.16218236382262      5.58054682967453      0.00944211698652      h
   -6.04871887998246      0.88307094714764     -0.16327961249554      h
  0.10490159538135D-04  -.66783927009026D-05  -.14759653216642D-04
  -.75466828174039D-05  0.57170297536629D-04  -.96295665028973D-05
  0.33379835846614D-04  -.21441455104132D-04  -.14946329708193D-04
  -.32093802427892D-04  0.14712974390790D-04  -.36606673556039D-05
  0.21326007054588D-04  0.88639466550022D-05  0.54741028243134D-05
  -.21032413611566D-04  0.12419725312490D-04  -.29178334640563D-05
  0.19579355054733D-05  -.10799811874684D-04  0.18696596913215D-04
  -.72622265871562D-05  -.10390890292866D-04  0.24615882626238D-04
  -.67517056260569D-05  -.22216202747380D-04  0.50914496515938D-05
  0.58682209684857D-05  -.12518308480064D-04  -.18235124912142D-06
  0.47688869251328D-05  -.32514515302950D-05  -.31308139763582D-05
  -.31042185604582D-05  -.58704302316123D-05  -.46508165055801D-05
  cycle =     12    SCF energy =     -379.0383017929   |dE/dxyz| =  0.000105
  -12.62150518758545      4.32344924353806     -0.04435386314421      c
  -12.56120113997757      1.82783708772025     -0.13602903520044      c
  -10.27114313666197      5.83929946697624      0.01399839920103      c
   -7.85038294234753      4.43831782357631     -0.03417199264012      c
   -7.79006804385530      1.94277975303006     -0.12595719412107      c
  -10.14039702313166      0.42693318281955     -0.18517700673762      c
  -10.08616264878571     -1.81583935969717     -0.26864112372399      o
  -10.32534277015356      8.08213967533825      0.09586482487212      o
  -14.36301920470471      5.38297885299782     -0.00729358188526      h
  -14.24916952853571      0.68527452727618     -0.17989580218319      h
   -6.16223075984135      5.58058242452056      0.00993545686966      h
   -6.04879637792095      0.88296787443950     -0.16271851072776      h
  0.31228052363247D-04  0.54678045513006D-04  -.34028704518590D-05
  -.12372893912052D-04  -.32414030276734D-04  0.58814357513540D-05
  0.23904446215847D-04  -.25994514865702D-04  0.14865709653071D-04
  -.15175991569902D-04  0.70567655860998D-05  0.13705863396018D-04
  0.10902344898026D-04  0.44787946003322D-05  0.55518360150587D-05
  -.11286617716710D-04  0.48377580418868D-05  0.13754338059502D-04
  0.39885927242550D-05  -.85970256472612D-05  -.28373045886532D-04
  -.44456858348287D-05  0.21432721002523D-04  -.22932213158390D-04
  -.27854547748937D-04  0.41033690230258D-05  0.19222869702451D-05
  0.11840596837828D-04  -.19843626902272D-04  0.30801378571870D-05
  -.28250744199543D-05  -.12325071147012D-06  -.50139283866851D-05
  -.79032134226997D-05  -.96150059570865D-05  0.96045020490151D-06
$end
