$hessian (projected)
 1  1   0.7276785841  -0.0765637531  -0.0021213133  -0.1519917036   0.0129829808
 1  2   0.0003632079  -0.2632961673  -0.0547816114  -0.0022231237  -0.0309526271
 1  3  -0.0146373270  -0.0005922074  -0.0013191237  -0.0035006567  -0.0001372766
 1  4   0.0098288060   0.0312220176   0.0011597892  -0.0071564380   0.0100038701
 1  5   0.0003608609   0.0152470944  -0.0173944461  -0.0006504212  -0.3055221210
 1  6   0.1413619788   0.0048993128   0.0099023954  -0.0319758774  -0.0011778907
 1  7  -0.0034159767   0.0030690654   0.0001068036   0.0009972775   0.0002137589
 1  8   0.0000122584
 2  1  -0.0765637531   1.0255654799   0.0326847429   0.0116906508  -0.6619080712
 2  2  -0.0223407288  -0.0465535364  -0.1306250960  -0.0016859932   0.0122033433
 2  3   0.0195067748   0.0002735239  -0.0035006479  -0.0028286304  -0.0003550026
 2  4   0.0044997006  -0.0233910537  -0.0007859559   0.0035195178   0.0040415347
 2  5   0.0000938358  -0.0555180738  -0.0657510113  -0.0033899558   0.1406251339
 2  6  -0.1511596239  -0.0036411637   0.0048433251  -0.0111012743  -0.0008108797
 2  7   0.0048245570  -0.0023247400  -0.0001326495  -0.0000702172  -0.0000242885
 2  8   0.0000902267
 3  1  -0.0021213133   0.0326847429   0.1356892226   0.0003162220  -0.0223398761
 3  2  -0.0550804256  -0.0019244519  -0.0016907009  -0.0863637336   0.0003969280
 3  3   0.0002400438   0.0125100176  -0.0001395373  -0.0003557754   0.0066890666
 3  4   0.0001792758  -0.0007527892  -0.0019221577   0.0001191031   0.0001015888
 3  5   0.0015967193  -0.0020482365  -0.0033456492   0.0245995533   0.0048725888
 3  6  -0.0036408328  -0.0477904736   0.0001763344  -0.0008564834   0.0111001909
 3  7   0.0001711469  -0.0001353750   0.0014548794   0.0000019401   0.0000911065
 3  8  -0.0024828591
 4  1  -0.1519917036   0.0116906508   0.0003162220   0.7209503294   0.0617615350
 4  2   0.0029494502   0.0114760417  -0.0295369991  -0.0010705670  -0.0016610702
 4  3   0.0035587500   0.0001234328  -0.0309508993   0.0122026739   0.0003966726
 4  4  -0.2678776967   0.0481770009   0.0015759314   0.0115402813   0.0211315771
 4  5   0.0007632608  -0.0064800473  -0.0105116481  -0.0003959210   0.0085390945
 4  6   0.0329356473   0.0012073390  -0.2915135761  -0.1481423517  -0.0057443350
 4  7   0.0010016889  -0.0001645904  -0.0000017331  -0.0030324427  -0.0031022458
 4  8  -0.0001197526
 5  1   0.0129829808  -0.6619080712  -0.0223398761   0.0617615350   1.0322802638
 5  2   0.0331331857  -0.0028141355  -0.0250331538  -0.0008514175   0.0035584867
 5  3  -0.0024878812  -0.0003348392  -0.0146373231   0.0195076772   0.0002404095
 5  4   0.0399412928  -0.1260594515  -0.0014229718   0.0592584256  -0.0620528513
 5  5  -0.0031377500  -0.0040294172   0.0033642631   0.0000604575  -0.0038897489
 5  6  -0.0097518384  -0.0007751585  -0.1473932702  -0.1651235428  -0.0045029295
 5  7   0.0001193724  -0.0000286647   0.0000909615  -0.0048581984  -0.0027067491
 5  8  -0.0001600714
 6  1   0.0003632079  -0.0223407288  -0.0550804256   0.0029494502   0.0331331857
 6  2   0.1357103823  -0.0000901648  -0.0008868298  -0.0019278532   0.0001200363
 6  3  -0.0003342362   0.0066902143  -0.0005895283   0.0002725799   0.0125158288
 6  4   0.0012608846  -0.0014195126  -0.0863560669   0.0021777073  -0.0031788539
 6  5   0.0246124025  -0.0001569169   0.0000532274   0.0015925631  -0.0001460414
 6  6  -0.0007304456   0.0111055425  -0.0057123048  -0.0045008919  -0.0478334205
 6  7   0.0000087900   0.0000899381  -0.0024825098  -0.0001851202  -0.0001574322
 6  8   0.0014533425
 7  1  -0.2632961673  -0.0465535364  -0.0019244519   0.0114760417  -0.0028141355
 7  2  -0.0000901648   0.6552364692  -0.0138277092   0.0000232828  -0.2678853270
 7  3   0.0399488433   0.0012433958   0.0098295534   0.0045002397   0.0001813535
 7  4   0.0370529664   0.0010029296   0.0001008538  -0.0139828886  -0.0004327948
 7  5  -0.0000358673  -0.1274813787   0.0196450102   0.0006548478  -0.0200036179
 7  6  -0.0189235421  -0.0007244696  -0.0007419714   0.0050063718   0.0001661199
 7  7  -0.0197829704   0.0173439565   0.0006071260  -0.0004207095  -0.0048956330
 7  8  -0.0002020259
 8  1  -0.0547816114  -0.1306250960  -0.0016907009  -0.0295369991  -0.0250331538
 8  2  -0.0008868298  -0.0138277092   1.2253093402   0.0367832994   0.0481828930
 8  3  -0.1260637048  -0.0013978231   0.0312197069  -0.0233918196  -0.0007528367
 8  4   0.0010034362  -0.0046017219   0.0004056760  -0.0004332441   0.0039670171
 8  5   0.0000536171   0.0196443077  -0.9396566537  -0.0317370814   0.0220234340
 8  6   0.0129752490   0.0003349284   0.0017461631  -0.0026536464  -0.0006830640
 8  7  -0.0236047781   0.0127483323   0.0002709072  -0.0016355990  -0.0029741424
 8  8  -0.0007000923
 9  1  -0.0022231237  -0.0016859932  -0.0863637336  -0.0010705670  -0.0008514175
 9  2  -0.0019278532   0.0000232828   0.0367832994   0.2240071885   0.0015414190
 9  3  -0.0014114531  -0.0863510249   0.0011652140  -0.0007849039  -0.0019237549
 9  4   0.0001003570   0.0003994431  -0.0155220522  -0.0000358527   0.0000529141
 9  5   0.0025434130   0.0006551002  -0.0317306420  -0.0754614347   0.0007813291
 9  6   0.0002883600   0.0045536836   0.0000443769  -0.0006800801   0.0159463679
 9  7  -0.0009001275   0.0003245047   0.0045540004  -0.0000814080  -0.0007040314
 9  8   0.0159452002
10  1  -0.0309526271   0.0122033433   0.0003969280  -0.0016610702   0.0035584867
10  2   0.0001200363  -0.2678853270   0.0481828930   0.0015414190   0.7209796509
10  3   0.0617430251   0.0030252732  -0.1519906474   0.0116955866   0.0003081897
10  4   0.0114752210  -0.0295379961  -0.0010692607  -0.0064789450  -0.0105115100
10  5  -0.0003995386   0.0115401974   0.0211331402   0.0007613044  -0.0030319210
10  6  -0.0031027020  -0.0001192965   0.0010019569  -0.0001645612  -0.0000022639
10  7  -0.2915397648  -0.1481278722  -0.0057720290   0.0085432762   0.0329281667
10  8   0.0012092381
11  1  -0.0146373270   0.0195067748   0.0002400438   0.0035587500  -0.0024878812
11  2  -0.0003342362   0.0399488433  -0.1260637048  -0.0014114531   0.0617430251
11  3   1.0322717201   0.0331331086   0.0129875613  -0.6619219608  -0.0223605779
11  4  -0.0028144039  -0.0250325112  -0.0008568675  -0.0040279748   0.0033644532
11  5   0.0000603044   0.0592578178  -0.0620541301  -0.0031147631  -0.0048579805
11  6  -0.0027069188  -0.0001585569   0.0001192139  -0.0000288515   0.0000904516
11  7  -0.1473852655  -0.1650986560  -0.0045143970  -0.0038922598  -0.0097483336
11  8  -0.0007730569
12  1  -0.0005922074   0.0002735239   0.0125100176   0.0001234328  -0.0003348392
12  2   0.0066902143   0.0012433958  -0.0013978231  -0.0863510249   0.0030252732
12  3   0.0331331086   0.1357134426   0.0003540252  -0.0223659200  -0.0550838637
12  4  -0.0000879363  -0.0008870105  -0.0019256389  -0.0001578373   0.0000519279
12  5   0.0015933083   0.0021578387  -0.0031635930   0.0246121740  -0.0001841882
12  6  -0.0001570195   0.0014544235   0.0000080747   0.0000903547  -0.0024829049
12  7  -0.0057434060  -0.0045159755  -0.0478349384  -0.0001464652  -0.0007267342
12  8   0.0111047906
13  1  -0.0013191237  -0.0035006479  -0.0001395373  -0.0309508993  -0.0146373231
13  2  -0.0005895283   0.0098295534   0.0312197069   0.0011652140  -0.1519906474
13  3   0.0129875613   0.0003540252   0.7276447674  -0.0765929402  -0.0020614336
13  4  -0.2632901011  -0.0547790665  -0.0022462626   0.0152473681  -0.0173924410
13  5  -0.0006521146  -0.0071580503   0.0100039286   0.0003559384   0.0009970405
13  6   0.0002137415   0.0000120244  -0.0034163409   0.0030686938   0.0001075473
13  7   0.0099001351  -0.0319811691  -0.0011787107  -0.3054937018   0.1413899556
13  8   0.0048728378
14  1  -0.0035006567  -0.0028286304  -0.0003557754   0.0122026739   0.0195076772
14  2   0.0002725799   0.0045002397  -0.0233918196  -0.0007849039   0.0116955866
14  3  -0.6619219608  -0.0223659200  -0.0765929402   1.0256102571   0.0327341925
14  4  -0.0465473289  -0.1306228118  -0.0016929668  -0.0555183240  -0.0657480649
14  5  -0.0034102674   0.0035209156   0.0040415162   0.0000940384  -0.0000704706
14  6  -0.0000240147   0.0000909996   0.0048247083  -0.0023245330  -0.0001345997
14  7   0.0048415200  -0.0111044871  -0.0008152117   0.1406440764  -0.1511931282
14  8  -0.0036321655
15  1  -0.0001372766  -0.0003550026   0.0066890666   0.0003966726   0.0002404095
15  2   0.0125158288   0.0001813535  -0.0007528367  -0.0019237549   0.0003081897
15  3  -0.0223605779  -0.0550838637  -0.0020614336   0.0327341925   0.1356924629
15  4  -0.0019340076  -0.0017124416  -0.0863706462  -0.0020671138  -0.0033604770
15  5   0.0245999285   0.0001181991   0.0001030778   0.0015958941   0.0000013393
15  6   0.0000904419  -0.0024820058   0.0001723262  -0.0001359646   0.0014542277
15  7   0.0001764548  -0.0008597046   0.0111007616   0.0048452965  -0.0036311167
15  8  -0.0477878997
16  1   0.0098288060   0.0044997006   0.0001792758  -0.2678776967   0.0399412928
16  2   0.0012608846   0.0370529664   0.0010034362   0.0001003570   0.0114752210
16  3  -0.0028144039  -0.0000879363  -0.2632901011  -0.0465473289  -0.0019340076
16  4   0.6552364773  -0.0138256771   0.0000062866  -0.1274817241   0.0196453434
16  5   0.0006631283  -0.0139814272  -0.0004328923  -0.0000357826  -0.0004201671
16  6  -0.0048957918  -0.0001972173  -0.0197888213   0.0173440606   0.0006114637
16  7  -0.0007415678   0.0050064668   0.0001621973  -0.0200119654  -0.0189242065
16  8  -0.0007286495
17  1   0.0312220176  -0.0233910537  -0.0007527892   0.0481770009  -0.1260594515
17  2  -0.0014195126   0.0010029296  -0.0046017219   0.0003994431  -0.0295379961
17  3  -0.0250325112  -0.0008870105  -0.0547790665  -0.1306228118  -0.0017124416
17  4  -0.0138256771   1.2252997486   0.0370779337   0.0196445353  -0.9396505821
17  5  -0.0319890052  -0.0004330139   0.0039673142   0.0000491487  -0.0016353497
17  6  -0.0029751225  -0.0006994156  -0.0236071679   0.0127469060   0.0002763668
17  7   0.0017461157  -0.0026542316  -0.0006831448   0.0220256719   0.0129735176
17  8   0.0003404273
18  1   0.0011597892  -0.0007859559  -0.0019221577   0.0015759314  -0.0014229718
18  2  -0.0863560669   0.0001008538   0.0004056760  -0.0155220522  -0.0010692607
18  3  -0.0008568675  -0.0019256389  -0.0022462626  -0.0016929668  -0.0863706462
18  4   0.0000062866   0.0370779337   0.2240294311   0.0006639244  -0.0320027371
18  5  -0.0754802725  -0.0000359220   0.0000511862   0.0025438449  -0.0000795445
18  6  -0.0007015819   0.0159453336  -0.0008989695   0.0003217885   0.0045557462
18  7   0.0000426432  -0.0006794197   0.0159465488   0.0007805304   0.0002859164
18  8   0.0045559298
19  1  -0.0071564380   0.0035195178   0.0001191031   0.0115402813   0.0592584256
19  2   0.0021777073  -0.0139828886  -0.0004332441  -0.0000358527  -0.0064789450
19  3  -0.0040279748  -0.0001578373   0.0152473681  -0.0555183240  -0.0020671138
19  4  -0.1274817241   0.0196445353   0.0006639244   0.1106188816  -0.0230011033
19  5  -0.0007541057   0.0053167572   0.0002091766   0.0000143388   0.0006998823
19  6   0.0023203201   0.0000880630   0.0054821618  -0.0029916630  -0.0001020533
19  7   0.0007976389  -0.0021560702  -0.0000733042   0.0053970244   0.0031764039
19  8   0.0001271303
20  1   0.0100038701   0.0040415347   0.0001015888   0.0211315771  -0.0620528513
20  2  -0.0031788539  -0.0004327948   0.0039670171   0.0000529141  -0.0105115100
20  3   0.0033644532   0.0000519279  -0.0173924410  -0.0657480649  -0.0033604770
20  4   0.0196453434  -0.9396505821  -0.0320027371  -0.0230011033   1.0615187287
20  5   0.0381584401   0.0002088782  -0.0033422539  -0.0001118823  -0.0001463359
20  6  -0.0026008353   0.0000138726   0.0014170940   0.0015579589   0.0001324951
20  7   0.0003102632  -0.0026976386   0.0000105739  -0.0012328410   0.0016425336
20  8   0.0001321379
21  1   0.0003608609   0.0000938358   0.0015967193   0.0007632608  -0.0031377500
21  2   0.0246124025  -0.0000358673   0.0000536171   0.0025434130  -0.0003995386
21  3   0.0000603044   0.0015933083  -0.0006521146  -0.0034102674   0.0245999285
21  4   0.0006631283  -0.0319890052  -0.0754802725  -0.0007541057   0.0381584401
21  5   0.0306408065   0.0000143883  -0.0001174610  -0.0002100783  -0.0000012192
21  6   0.0000152173  -0.0029584511   0.0000605608   0.0001282994  -0.0019901215
21  7   0.0000163875   0.0000062300  -0.0029582406  -0.0000357412   0.0001385395
21  8  -0.0019894140
22  1   0.0152470944  -0.0555180738  -0.0020482365  -0.0064800473  -0.0040294172
22  2  -0.0001569169  -0.1274813787   0.0196443077   0.0006551002   0.0115401974
22  3   0.0592578178   0.0021578387  -0.0071580503   0.0035209156   0.0001181991
22  4  -0.0139814272  -0.0004330139  -0.0000359220   0.0053167572   0.0002088782
22  5   0.0000143883   0.1106186433  -0.0230000848  -0.0007445733   0.0053967555
22  6   0.0031766436   0.0001249004   0.0007984579  -0.0021553962  -0.0000759956
22  7   0.0054820814  -0.0029918546  -0.0000999162   0.0007009164   0.0023192775
22  8   0.0000911338
23  1  -0.0173944461  -0.0657510113  -0.0033456492  -0.0105116481   0.0033642631
23  2   0.0000532274   0.0196450102  -0.9396566537  -0.0317306420   0.0211331402
23  3  -0.0620541301  -0.0031635930   0.0100039286   0.0040415162   0.0001030778
23  4  -0.0004328923   0.0039673142   0.0000511862   0.0002091766  -0.0033422539
23  5  -0.0001174610  -0.0230000848   1.0615289897   0.0378626360  -0.0012334984
23  6   0.0016421941   0.0001323685   0.0003104984  -0.0026974113   0.0000095960
23  7   0.0014174147   0.0015576673   0.0001326936  -0.0001465991  -0.0026004842
23  8   0.0000125597
24  1  -0.0006504212  -0.0033899558   0.0245995533  -0.0003959210   0.0000604575
24  2   0.0015925631   0.0006548478  -0.0317370814  -0.0754614347   0.0007613044
24  3  -0.0031147631   0.0246121740   0.0003559384   0.0000940384   0.0015958941
24  4  -0.0000357826   0.0000491487   0.0025438449   0.0000143388  -0.0001118823
24  5  -0.0002100783  -0.0007445733   0.0378626360   0.0306194084  -0.0000368465
24  6   0.0001370475  -0.0019881133   0.0000158321   0.0000070930  -0.0029574099
24  7   0.0000619112   0.0001267169  -0.0019890858  -0.0000006281   0.0000165445
24  8  -0.0029573158
25  1  -0.3055221210   0.1406251339   0.0048725888   0.0085390945  -0.0038897489
25  2  -0.0001460414  -0.0200036179   0.0220234340   0.0007813291  -0.0030319210
25  3  -0.0048579805  -0.0001841882   0.0009970405  -0.0000704706   0.0000013393
25  4  -0.0004201671  -0.0016353497  -0.0000795445   0.0006998823  -0.0001463359
25  5  -0.0000012192   0.0053967555  -0.0012334984  -0.0000368465   0.3135628974
25  6  -0.1520235676  -0.0052613409   0.0007988914   0.0002870577   0.0000221398
25  7  -0.0010804552   0.0007900750   0.0000268528   0.0000637207   0.0001312510
25  8   0.0000049309
26  1   0.1413619788  -0.1511596239  -0.0036408328   0.0329356473  -0.0097518384
26  2  -0.0007304456  -0.0189235421   0.0129752490   0.0002883600  -0.0031027020
26  3  -0.0027069188  -0.0001570195   0.0002137415  -0.0000240147   0.0000904419
26  4  -0.0048957918  -0.0029751225  -0.0007015819   0.0023203201  -0.0026008353
26  5   0.0000152173   0.0031766436   0.0016421941   0.0001370475  -0.1520235676
26  6   0.1524199042   0.0043095048  -0.0003209140   0.0014529179   0.0003880921
26  7  -0.0008731448   0.0006398869  -0.0000033590   0.0001313310   0.0000882015
26  8   0.0000045752
27  1   0.0048993128  -0.0036411637  -0.0477904736   0.0012073390  -0.0007751585
27  2   0.0111055425  -0.0007244696   0.0003349284   0.0045536836  -0.0001192965
27  3  -0.0001585569   0.0014544235   0.0000120244   0.0000909996  -0.0024820058
27  4  -0.0001972173  -0.0006994156   0.0159453336   0.0000880630   0.0000138726
27  5  -0.0029584511   0.0001249004   0.0001323685  -0.0019881133  -0.0052613409
27  6   0.0043095048   0.0305856869   0.0000000232   0.0003894518  -0.0090946182
27  7  -0.0000342604  -0.0000013933   0.0007002822   0.0000049218   0.0000045621
27  8  -0.0000312902
28  1   0.0099023954   0.0048433251   0.0001763344  -0.2915135761  -0.1473932702
28  2  -0.0057123048  -0.0007419714   0.0017461631   0.0000443769   0.0010019569
28  3   0.0001192139   0.0000080747  -0.0034163409   0.0048247083   0.0001723262
28  4  -0.0197888213  -0.0236071679  -0.0008989695   0.0054821618   0.0014170940
28  5   0.0000605608   0.0007984579   0.0003104984   0.0000158321   0.0007988914
28  6  -0.0003209140   0.0000000232   0.2984811777   0.1590653965   0.0061729804
28  7   0.0000764648  -0.0001319090  -0.0000047954  -0.0010807962  -0.0008731381
28  8  -0.0000344390
29  1  -0.0319758774  -0.0111012743  -0.0008564834  -0.1481423517  -0.1651235428
29  2  -0.0045008919   0.0050063718  -0.0026536464  -0.0006800801  -0.0001645612
29  3  -0.0000288515   0.0000903547   0.0030686938  -0.0023245330  -0.0001359646
29  4   0.0173440606   0.0127469060   0.0003217885  -0.0029916630   0.0015579589
29  5   0.0001282994  -0.0021553962  -0.0026974113   0.0000070930   0.0002870577
29  6   0.0014529179   0.0003894518   0.1590653965   0.1674563040   0.0052337759
29  7  -0.0001318418   0.0000754593   0.0000037906   0.0007901108   0.0006397133
29  8  -0.0000011340
30  1  -0.0011778907  -0.0008108797   0.0111001909  -0.0057443350  -0.0045029295
30  2  -0.0478334205   0.0001661199  -0.0006830640   0.0159463679  -0.0000022639
30  3   0.0000904516  -0.0024829049   0.0001075473  -0.0001345997   0.0014542277
30  4   0.0006114637   0.0002763668   0.0045557462  -0.0001020533   0.0001324951
30  5  -0.0019901215  -0.0000759956   0.0000095960  -0.0029574099   0.0000221398
30  6   0.0003880921  -0.0090946182   0.0061729804   0.0052337759   0.0306333634
30  7  -0.0000047597   0.0000038056  -0.0000313872   0.0000270473  -0.0000031100
30  8   0.0006999661
31  1  -0.0034159767   0.0048245570   0.0001711469   0.0010016889   0.0001193724
31  2   0.0000087900  -0.0197829704  -0.0236047781  -0.0009001275  -0.2915397648
31  3  -0.1473852655  -0.0057434060   0.0099001351   0.0048415200   0.0001764548
31  4  -0.0007415678   0.0017461157   0.0000426432   0.0007976389   0.0003102632
31  5   0.0000163875   0.0054820814   0.0014174147   0.0000619112  -0.0010804552
31  6  -0.0008731448  -0.0000342604   0.0000764648  -0.0001318418  -0.0000047597
31  7   0.2985039724   0.1590563127   0.0062041060   0.0007987533  -0.0003205256
31  8   0.0000011139
32  1   0.0030690654  -0.0023247400  -0.0001353750  -0.0001645904  -0.0000286647
32  2   0.0000899381   0.0173439565   0.0127483323   0.0003245047  -0.1481278722
32  3  -0.1650986560  -0.0045159755  -0.0319811691  -0.0111044871  -0.0008597046
32  4   0.0050064668  -0.0026542316  -0.0006794197  -0.0021560702  -0.0026976386
32  5   0.0000062300  -0.0029918546   0.0015576673   0.0001267169   0.0007900750
32  6   0.0006398869  -0.0000013933  -0.0001319090   0.0000754593   0.0000038056
32  7   0.1590563127   0.1674340443   0.0052512659   0.0002875892   0.0014530279
32  8   0.0003894070
33  1   0.0001068036  -0.0001326495   0.0014548794  -0.0000017331   0.0000909615
33  2  -0.0024825098   0.0006071260   0.0002709072   0.0045540004  -0.0057720290
33  3  -0.0045143970  -0.0478349384  -0.0011787107  -0.0008152117   0.0111007616
33  4   0.0001621973  -0.0006831448   0.0159465488  -0.0000733042   0.0000105739
33  5  -0.0029582406  -0.0000999162   0.0001326936  -0.0019890858   0.0000268528
33  6  -0.0000033590   0.0007002822  -0.0000047954   0.0000037906  -0.0000313872
33  7   0.0062041060   0.0052512659   0.0306343028   0.0000234029   0.0003885692
33  8  -0.0090946135
34  1   0.0009972775  -0.0000702172   0.0000019401  -0.0030324427  -0.0048581984
34  2  -0.0001851202  -0.0004207095  -0.0016355990  -0.0000814080   0.0085432762
34  3  -0.0038922598  -0.0001464652  -0.3054937018   0.1406440764   0.0048452965
34  4  -0.0200119654   0.0220256719   0.0007805304   0.0053970244  -0.0012328410
34  5  -0.0000357412   0.0007009164  -0.0001465991  -0.0000006281   0.0000637207
34  6   0.0001313310   0.0000049218  -0.0010807962   0.0007901108   0.0000270473
34  7   0.0007987533   0.0002875892   0.0000234029   0.3135386470  -0.1520430647
34  8  -0.0052337764
35  1   0.0002137589  -0.0000242885   0.0000911065  -0.0031022458  -0.0027067491
35  2  -0.0001574322  -0.0048956330  -0.0029741424  -0.0007040314   0.0329281667
35  3  -0.0097483336  -0.0007267342   0.1413899556  -0.1511931282  -0.0036311167
35  4  -0.0189242065   0.0129735176   0.0002859164   0.0031764039   0.0016425336
35  5   0.0001385395   0.0023192775  -0.0026004842   0.0000165445   0.0001312510
35  6   0.0000882015   0.0000045621  -0.0008731381   0.0006397133  -0.0000031100
35  7  -0.0003205256   0.0014530279   0.0003885692  -0.1520430647   0.1524501320
35  8   0.0042971863
36  1   0.0000122584   0.0000902267  -0.0024828591  -0.0001197526  -0.0001600714
36  2   0.0014533425  -0.0002020259  -0.0007000923   0.0159452002   0.0012092381
36  3  -0.0007730569   0.0111047906   0.0048728378  -0.0036321655  -0.0477878997
36  4  -0.0007286495   0.0003404273   0.0045559298   0.0001271303   0.0001321379
36  5  -0.0019894140   0.0000911338   0.0000125597  -0.0029573158   0.0000049309
36  6   0.0000045752  -0.0000312902  -0.0000344390  -0.0000011340   0.0006999661
36  7   0.0000011139   0.0003894070  -0.0090946135  -0.0052337764   0.0042971863
36  8   0.0305841630
$end
