$vibrational normal modes
 1  1   0.2107536184  -0.0046869384   0.1947886617  -0.0789665827  -0.0770404335
 1  2  -0.0207246677  -0.0002932142  -0.0002908651  -0.0002694322   0.2393773592
 1  3   0.1839607682  -0.2046467826  -0.0000406360  -0.0729066344  -0.0000983655
 1  4   0.0299413565   0.3430157227   0.0000039843  -0.0001298048   0.2200463218
 1  5   0.0000745033  -0.0000888237   0.0492280387   0.0048833065   0.0238769671
 1  6  -0.0968699906   0.0909296640   0.1675811292   0.0543562262  -0.0334833243
 1  7  -0.0130883964   0.0263206393  -0.0386609982   0.0367349044  -0.0371457800
 1  8  -0.0371717499
 2  1   0.0818936638  -0.0104145563   0.1127713467   0.3058949633  -0.0686906147
 2  2  -0.0074023401  -0.0089628220  -0.0088181210  -0.0086072208  -0.0240016183
 2  3   0.0332545187   0.0318237002  -0.0005533661   0.2970054889  -0.0026757793
 2  4   0.1630272315  -0.0349906658   0.0063845756  -0.0035748975  -0.0635134346
 2  5   0.0026638543  -0.0028670191  -0.0297800191   0.0290732606  -0.0342446341
 2  6   0.0089654642   0.0644357243   0.0735097276   0.3942729099  -0.3651216763
 2  7  -0.0508714869   0.1537579328   0.0213648314  -0.0205805602   0.0285249698
 2  8   0.0279516537
 3  1  -0.1444926988   0.1168458809   0.1045414928  -0.0157864625   0.0232262888
 3  2  -0.3446194707   0.2432060559   0.2402422073   0.2345719119  -0.0005594069
 3  3   0.0014664775   0.0009796426   0.0150642547   0.0108081049   0.0713383663
 3  4   0.0061295800  -0.0009489567  -0.1716188406   0.0972699532  -0.0021003128
 3  5  -0.0723289562   0.0779368986  -0.0010326088   0.0010742616  -0.0012285539
 3  6   0.0002107314   0.0024744123   0.0029008192   0.0145665766  -0.0134710919
 3  7  -0.0018819019   0.0056837286   0.0007408079  -0.0007141475   0.0010058039
 3  8   0.0009847300
 4  1   0.1201664516  -0.0059169164   0.0991775116  -0.1726915705  -0.1932002164
 4  2  -0.0158161666  -0.0002885400   0.0002830711   0.0002268449   0.2379217192
 4  3   0.1853792695   0.2028669327  -0.0000328631   0.0584840443  -0.0000736402
 4  4  -0.0378216241   0.3409144287  -0.0002920639  -0.0001212400  -0.2167229683
 4  5  -0.0000762419   0.0000852223   0.0477326182   0.0062837429  -0.0221894728
 4  6  -0.0963452370  -0.0939344179  -0.1709394683   0.0733407927  -0.0510882503
 4  7   0.0155154758   0.0337322768   0.0375584427  -0.0356719852  -0.0357453007
 4  8  -0.0357970855
 5  1   0.0744102469  -0.0081252533   0.1162273890   0.3030326407  -0.0715500154
 5  2  -0.0058411385  -0.0089613380   0.0088585226   0.0086475500   0.0354997470
 5  3  -0.0243509451   0.0416495806  -0.0005415378   0.3001704823  -0.0026801243
 5  4   0.1613920404   0.0514935179  -0.0062818539  -0.0035833102  -0.0740448751
 5  5  -0.0026577494   0.0028651265   0.0321079186  -0.0287994156  -0.0353439291
 5  6  -0.0136253291   0.0599806740   0.0653599172  -0.3911900465   0.3630826265
 5  7  -0.0500916611  -0.1523395770   0.0231908626  -0.0223134922  -0.0302995202
 5  8  -0.0297267773
 6  1  -0.0004699106   0.0537597672  -0.0523323109   0.0004626127   0.0246467952
 6  2  -0.3838629779   0.2431876825  -0.2402534644  -0.2345776965   0.0014896951
 6  3  -0.0005963058   0.0017129986   0.0150749569   0.0111549567   0.0713226639
 6  4   0.0059616780   0.0023604876   0.1716341257   0.0972680343  -0.0029534999
 6  5   0.0723321901  -0.0779355304   0.0012293487  -0.0010511021  -0.0013295560
 6  6  -0.0006160909   0.0021044973   0.0022116522  -0.0143137807   0.0133036353
 6  7  -0.0018360164  -0.0055763352   0.0008980346  -0.0008636078  -0.0011575006
 6  8  -0.0011363095
 7  1   0.2658030004  -0.0036849515   0.2528182442  -0.0220316474  -0.0064697445
 7  2  -0.0239468673  -0.0000008786  -0.0002064901   0.0000210558   0.1076733534
 7  3  -0.0093532256  -0.2125824924   0.0002391143  -0.0542011914  -0.0000007336
 7  4   0.0035884782   0.0028587765  -0.0005716588   0.0002029080  -0.0006921125
 7  5  -0.0000059806   0.0000045734  -0.0756635396  -0.0000533999  -0.1683760293
 7  6   0.3068150077  -0.0001160769  -0.1815078657  -0.0525573887   0.0028224281
 7  7  -0.0133666624   0.0123720897  -0.0000017153  -0.0019956010   0.0024971078
 7  8  -0.0000928960
 8  1   0.0006871280  -0.0050634126   0.0175335485   0.2180947893  -0.1777164876
 8  2  -0.0112418054  -0.0000654635  -0.0061616672   0.0000084406   0.0025976628
 8  3   0.3865050847  -0.0051312060   0.0070157974  -0.0013093482   0.0000510801
 8  4  -0.1487624308  -0.1186334459  -0.0171018280   0.0061101088   0.0285027427
 8  5  -0.0001320720   0.0000002094  -0.0018214934   0.0018634068  -0.0040563930
 8  6   0.0073922818   0.0050929878  -0.0043734476  -0.0012371022  -0.1175456104
 8  7   0.5528102364  -0.5116737177   0.0020382400   0.0000000773   0.0000779258
 8  8   0.0033057984
 9  1  -0.2518590966  -0.0619966119   0.2409247030  -0.0280895094   0.0131002824
 9  2  -0.1157695850   0.0010720983   0.1679354631  -0.0000038506   0.0002352303
 9  3   0.0140587542  -0.0004526002  -0.1926229223  -0.0001010788  -0.0000058591
 9  4  -0.0055247909  -0.0041719266   0.4658338274  -0.1663252389   0.0011036318
 9  5   0.0035548642   0.0000008319  -0.0001569535   0.0000773613  -0.0003562632
 9  6   0.0006482798   0.0001840055  -0.0003830395  -0.0001098433  -0.0043044805
 9  7   0.0202697397  -0.0187680424   0.0000748296  -0.0000024725   0.0000058575
 9  8   0.0001212375
10  1   0.2149734430  -0.0041021401   0.1990915440  -0.0746447007  -0.0716688339
10  2  -0.0214493058  -0.0002963269  -0.0003033913   0.0003004089   0.2379296103
10  3  -0.1853885878  -0.2028619361   0.0000063933  -0.0584862819   0.0000888552
10  4  -0.0377770969  -0.3409188507   0.0004108388  -0.0001080640  -0.2167228720
10  5   0.0001020699   0.0000932744   0.0477230739  -0.0062809251   0.0221996962
10  6  -0.0963407100  -0.0939524796   0.1709225095   0.0733071474   0.0511404304
10  7   0.0155393876  -0.0337289515   0.0358545713   0.0374307479  -0.0353377799
10  8   0.0361582173
11  1  -0.0892534311   0.0029587634  -0.0736764469   0.1269514696  -0.2900830255
11  2  -0.0132600742  -0.0089590863  -0.0088278538   0.0086172524   0.0355009330
11  3   0.0243464639  -0.0416436338  -0.0005605414  -0.3001729990   0.0025595506
11  4   0.1613997480  -0.0514550592   0.0064021884  -0.0035747577  -0.0740375791
11  5   0.0026713408   0.0028651726   0.0321133770   0.0288023853   0.0353501664
11  6  -0.0136156310   0.0599852028  -0.0653392779  -0.3909236781  -0.3633703383
11  7  -0.0501979545   0.1523283648   0.0221238529   0.0233984680  -0.0299626476
11  8   0.0300344894
12  1  -0.1908876850  -0.3145731582   0.1939492466  -0.0214001866   0.0046347130
12  2   0.0672089876   0.2432043138   0.2402278458  -0.2345839264   0.0015791660
12  3   0.0007166310  -0.0018351557   0.0150600169  -0.0110852372  -0.0713342791
12  4   0.0058349596  -0.0023794382  -0.1716457210   0.0972625248  -0.0030125674
12  5  -0.0724138086  -0.0778580979   0.0012375905   0.0010503148   0.0013264835
12  6  -0.0006208235   0.0020869644  -0.0021893712  -0.0142999947  -0.0133154644
12  7  -0.0018226816   0.0055625618   0.0008610927   0.0009099622  -0.0011490712
12  8   0.0011526784
13  1   0.1243858865  -0.0053413798   0.1034826319  -0.1683693176  -0.1878284238
13  2  -0.0165320803  -0.0002948108   0.0002872174  -0.0003382907   0.2393570821
13  3  -0.1839681534   0.2046537302  -0.0000035025   0.0729092723   0.0000716584
13  4   0.0299835767  -0.3430129195  -0.0001221875  -0.0001124228   0.2200439948
13  5  -0.0000974044  -0.0000999392   0.0492360591  -0.0048953096  -0.0238650207
13  6  -0.0968774352   0.0909465158  -0.1675613162   0.0543262393   0.0335228179
13  7  -0.0130722347  -0.0263279713  -0.0368595145  -0.0384928528  -0.0367670534
13  8   0.0375881374
14  1  -0.0967433383   0.0052504557  -0.0702146563   0.1240878405  -0.2929432896
14  2  -0.0116970879  -0.0089576914   0.0088660345  -0.0086601317  -0.0239999491
14  3  -0.0332535768  -0.0318290216  -0.0005494787  -0.2970052897   0.0025668021
14  4   0.1630304522   0.0350272208  -0.0062799713  -0.0035851317  -0.0635158717
14  5  -0.0026633387  -0.0028647469  -0.0297783276  -0.0290614110   0.0342416276
14  6   0.0089750212   0.0644440261  -0.0735070672   0.3939909910   0.3654067338
14  7  -0.0507654511  -0.1537973856   0.0203586609   0.0215537643   0.0282410351
14  8  -0.0282723017
15  1  -0.0468657717  -0.3776605413   0.0370765381  -0.0051512115   0.0060551444
15  2   0.0279671792   0.2431886869  -0.2402314061   0.2345854055  -0.0005120959
15  3  -0.0013963205  -0.0008601429   0.0150725732  -0.0108780898  -0.0713419054
15  4   0.0059511094   0.0009501979   0.1716084796   0.0972689304  -0.0020456099
15  5   0.0724187419   0.0778533083  -0.0010333647  -0.0010769908   0.0012351652
15  6   0.0002135332   0.0024921362  -0.0029191986   0.0145833100   0.0135021030
15  7  -0.0018954927  -0.0057063353   0.0007021918   0.0007441597   0.0009926173
15  8  -0.0009926820
16  1   0.0693340901  -0.0063717981   0.0454586290  -0.2253043762  -0.2584000835
16  2  -0.0132830479  -0.0000012298   0.0002022762  -0.0000378530   0.1076616436
16  3   0.0093511729   0.2125872227   0.0002276492   0.0542049932   0.0000039939
16  4   0.0035907482  -0.0028602938   0.0005599889   0.0001987826  -0.0006907176
16  5   0.0000024364   0.0000046280  -0.0756735136   0.0000612904   0.1683444557
16  6   0.3068492186  -0.0001379882   0.1814994021  -0.0525414790  -0.0028587740
16  7  -0.0133576815  -0.0123777232  -0.0000960260   0.0019904992   0.0024981871
16  8   0.0000663545
17  1  -0.0155547778  -0.0000934878   0.0250430287   0.2118860911  -0.1839174777
17  2  -0.0078520589  -0.0000156154   0.0061856380  -0.0000089793   0.0025871490
17  3  -0.3864962991   0.0051319719   0.0071711992   0.0013093035   0.0000541724
17  4  -0.1487796903   0.1185981306   0.0171225269   0.0061448825   0.0285079162
17  5   0.0001295440   0.0000006769  -0.0018227051  -0.0018666714   0.0040555433
17  6   0.0073932209   0.0050910650   0.0043745944  -0.0013096672   0.1175314412
17  7   0.5524925407   0.5119817027   0.0020338757   0.0000959321   0.0000423667
17  8  -0.0033074918
18  1   0.0605003511  -0.1988176420  -0.0993063970   0.0071518047   0.0161811595
18  2  -0.2008828842   0.0010652221  -0.1679584999   0.0000068275   0.0002171470
18  3  -0.0143598010   0.0004401325  -0.1926138300   0.0001249271   0.0000200175
18  4  -0.0054064549   0.0041663659  -0.4657989633  -0.1663450178   0.0009706457
18  5  -0.0035647586   0.0000028860  -0.0001561534  -0.0000553616   0.0003525560
18  6   0.0006416094   0.0001904800   0.0003772670  -0.0001104846   0.0043540158
18  7   0.0204281444   0.0189247852   0.0000752490   0.0000059376   0.0000044781
18  8  -0.0001223427
19  1  -0.0120813939  -0.0075147683  -0.0404614353  -0.3095368482  -0.3627962238
19  2  -0.0088362363   0.0004867159  -0.0002106497   0.0000898586  -0.4734213697
19  3   0.0100026768  -0.1801835987  -0.0000693198   0.2056294145   0.0000104712
19  4   0.0044035154  -0.0036763777  -0.0001241184  -0.0000460631  -0.0013801434
19  5  -0.0000040235  -0.0000026471   0.0102700080   0.0005106604  -0.0279619939
19  6  -0.0455546289   0.0010253280  -0.0125895321  -0.0192576744   0.0036640402
19  7   0.0086462694   0.0075668648   0.0000220550  -0.0001339465  -0.0002390163
19  8  -0.0000315746
20  1  -0.0223043253   0.0019734881   0.0281749696   0.2093107997  -0.1864877606
20  2  -0.0064416383   0.0150894937  -0.0068299705  -0.0000061637  -0.0114121422
20  3  -0.4140065589  -0.0043295380  -0.0022316210   0.0049579316   0.0000677437
20  4  -0.1820988083   0.1519714618  -0.0041034155  -0.0014509403   0.0571571663
20  5  -0.0001404900   0.0000013685   0.0002484377  -0.0212442025  -0.0006741291
20  6  -0.0011006156  -0.0423757525  -0.0003086563  -0.0004045466  -0.1518856349
20  7  -0.3577575868  -0.3130657787  -0.0007829368  -0.0000216963   0.0000015537
20  8   0.0013571726
21  1   0.1899357492  -0.2555145147  -0.2402911528   0.0217550872   0.0174577712
21  2  -0.2361511999  -0.4072693627   0.1838854986  -0.0000050541  -0.0009832573
21  3  -0.0152654165  -0.0003744567   0.0616822382   0.0004247377  -0.0000003620
21  4  -0.0067498620   0.0056647057   0.1067697104   0.0386825735   0.0021295210
21  5   0.0036273891  -0.0000019964   0.0000210850  -0.0007878196  -0.0000582211
21  6  -0.0000952972  -0.0015662951  -0.0000266175  -0.0000377389  -0.0056152218
21  7  -0.0132239216  -0.0115724349  -0.0000289569  -0.0000009422  -0.0000002223
21  8   0.0000501710
22  1   0.3472145512  -0.0025945125   0.3387491766   0.0622011436   0.0979252793
22  2  -0.0283441235   0.0004957744   0.0002332259  -0.0000113551  -0.4734316344
22  3  -0.0099882974   0.1801689818  -0.0000797537  -0.2056309388   0.0000045062
22  4   0.0044022912   0.0036783626   0.0001322321  -0.0000477391  -0.0013794827
22  5   0.0000051119   0.0000004427   0.0102688186  -0.0005115634   0.0279682181
22  6  -0.0455486007   0.0010236566   0.0125910449  -0.0192537744  -0.0036779098
22  7   0.0086507114  -0.0075611595   0.0000157391   0.0001350676  -0.0002383405
22  8   0.0000340993
23  1   0.0074034100  -0.0071170895   0.0144382363   0.2206664471  -0.1751464199
23  2  -0.0126419569   0.0149228544   0.0067511153   0.0000076116  -0.0113996435
23  3   0.4140061510   0.0043289436  -0.0023242265  -0.0049559302   0.0000619284
23  4  -0.1820861100  -0.1520170281   0.0039069571  -0.0014079094   0.0571610015
23  5   0.0001287949   0.0000005659   0.0002518786   0.0212372986   0.0006733901
23  6  -0.0011013559  -0.0423792738   0.0003020038  -0.0005097690   0.1518945263
23  7  -0.3579486243   0.3128653509  -0.0007838200  -0.0000152716  -0.0000130258
23  8  -0.0013566074
24  1  -0.3812958641  -0.0052988537   0.3819109257  -0.0426929462   0.0118236687
24  2  -0.0805011487  -0.4072849504  -0.1838653956   0.0000051973  -0.0009998122
24  3   0.0152369576   0.0003816715   0.0616892957  -0.0004361395   0.0000028693
24  4  -0.0066639287  -0.0056184698  -0.1067871989   0.0386763264   0.0020852153
24  5  -0.0036261191   0.0000013599   0.0000214280   0.0007773207   0.0000590467
24  6  -0.0000966936  -0.0015541411   0.0000271275  -0.0000423053   0.0055698593
24  7  -0.0131282551   0.0114733934  -0.0000287516  -0.0000004074  -0.0000007779
24  8  -0.0000497653
25  1   0.2491948464  -0.0043478790   0.2354141924  -0.0391785070  -0.0277336204
25  2  -0.0226356584  -0.0003909457  -0.0004880644  -0.0004954405   0.2718242706
25  3   0.0179220903  -0.3524013215  -0.0005472006  -0.0323870343   0.0005100310
25  4   0.1789373774   0.3088742265   0.0002027027   0.0005473656   0.3913731728
25  5  -0.0005945574   0.0005934492  -0.1974928106   0.2459256291   0.2837943840
25  6  -0.3079986964  -0.2056647070  -0.1199498953  -0.2934758847   0.3033866951
25  7   0.0851272723  -0.1521817176   0.4378695652  -0.4174970714   0.4276104824
25  8   0.4232247943
26  1   0.1467145948  -0.0162328576   0.1782575717   0.3714760439   0.0121462496
26  2  -0.0059868319  -0.0120790261  -0.0147548888  -0.0161818685   0.0178120557
26  3  -0.2322865486  -0.2097768515  -0.0175440700   0.3639998749   0.0180549788
26  4   0.4031821120  -0.1307072566   0.0121009195   0.0174930806   0.2057336202
26  5  -0.0181831791   0.0181888709  -0.4521439052   0.4337971081   0.3910231122
26  6  -0.3119921314  -0.4405626685  -0.4305771811  -0.0620121947   0.0682466958
26  7   0.1510742021  -0.1486767114  -0.2611361606   0.2493870360  -0.2595904613
26  8  -0.2565199689
27  1  -0.1913442735   0.2997385963   0.1416013865  -0.0209360607   0.0292821240
27  2  -0.4753338348   0.3279974286   0.4012288193   0.4411823995   0.0009484943
27  3  -0.0081472754  -0.0080144038   0.4784851540   0.0133017921  -0.4945300274
27  4   0.0145160348  -0.0046146524  -0.3256358451  -0.4750253781   0.0080828103
27  5   0.4941087118  -0.4938318003  -0.0169045699   0.0162584793   0.0147219425
27  6  -0.0118130287  -0.0164378969  -0.0159681475  -0.0026126054   0.0028600571
27  7   0.0056576076  -0.0056274872  -0.0090945820   0.0086863454  -0.0090486868
27  8  -0.0089408194
28  1   0.0786816381  -0.0066689947   0.0554459787  -0.2155975752  -0.2463819992
28  2  -0.0133907721  -0.0003850458   0.0004775618   0.0004424698   0.2723329840
28  3   0.0066729212   0.3621413404  -0.0005429170   0.0147557198   0.0006426166
28  4  -0.1982722639   0.3021048742  -0.0004477936   0.0005585492  -0.4007826507
28  5   0.0005771708  -0.0005674205  -0.2191865337   0.2666500061  -0.3024143401
28  6  -0.3228256409   0.2267492533   0.1406240828  -0.2962009633   0.3064060794
28  7  -0.0922494173  -0.1592795462  -0.4244617202   0.4046716615   0.4148051419
28  8   0.4105512009
29  1   0.1326179930  -0.0119216536   0.1847597017   0.3660808083   0.0067552276
29  2  -0.0030472393  -0.0120898263   0.0147777035   0.0162954039  -0.0046538196
29  3   0.2328285650  -0.1925111888  -0.0176615559   0.3651475081   0.0180873536
29  4   0.3940700564   0.1455517623  -0.0120037629   0.0174801897   0.1864601900
29  5   0.0182215284  -0.0182209019   0.4421084679  -0.4214200127   0.3769099928
29  6   0.2968516475  -0.4300748603  -0.4241804227   0.0477417787  -0.0535150720
29  7   0.1466979280   0.1412293978  -0.2818051979   0.2690787341   0.2801086684
29  8   0.2768148204
30  1   0.0797489592   0.1809742101  -0.1536797065   0.0096494615   0.0319552212
30  2  -0.5491859496   0.3279790673  -0.4011461093  -0.4411422395  -0.0001478752
30  3   0.0090682947  -0.0067468695   0.4785292819   0.0135845572  -0.4945690371
30  4   0.0137574256   0.0057418627   0.3255301879  -0.4749822822   0.0063794474
30  5  -0.4941093600   0.4938284160   0.0160568304  -0.0152146840   0.0135282927
30  6   0.0105794269  -0.0155817663  -0.0154610385   0.0014221247  -0.0016227823
30  7   0.0053067627   0.0050392043  -0.0108778419   0.0103857078   0.0108040818
30  8   0.0106777282
31  1   0.2564538709  -0.0033328495   0.2428135047  -0.0317446780  -0.0184939673
31  2  -0.0238907025  -0.0004104531  -0.0004999471   0.0005885841   0.2723581190
31  3  -0.0067124720  -0.3621295649  -0.0006251612  -0.0147692444  -0.0005836152
31  4  -0.1982161577  -0.3021701255   0.0005950279   0.0006090533  -0.4008210100
31  5  -0.0006292245  -0.0006325855  -0.2191800988  -0.2665662933   0.3024354427
31  6  -0.3227392572   0.2267442743  -0.1405675677  -0.2959218511  -0.3065754742
31  7  -0.0923430546   0.1592116832  -0.4051311468  -0.4245473530   0.4101376177
31  8  -0.4147511107
32  1  -0.1474542734   0.0067512133  -0.1422244671   0.0639005914  -0.3683929866
32  2  -0.0160573736  -0.0120756310  -0.0147729618   0.0161958235  -0.0046961605
32  3  -0.2328638090   0.1925492644  -0.0175826924  -0.3651428887  -0.0183678777
32  4   0.3940538122  -0.1454310303   0.0121074221   0.0175359634   0.1865631020
32  5  -0.0182135379  -0.0181878799   0.4421534253   0.4213602798  -0.3769761270
32  6   0.2967844847  -0.4301660418   0.4241675654   0.0477307819   0.0535697230
32  7   0.1467945101  -0.1411672989  -0.2689111039  -0.2822317632   0.2769212814
32  8  -0.2796109633
33  1  -0.2710979006  -0.4418008860   0.2952880329  -0.0305860669  -0.0026740088
33  2   0.2325379907   0.3280034430   0.4011794911  -0.4411970097   0.0002310388
33  3  -0.0081398762   0.0065387910   0.4785133114  -0.0134574609   0.4945369672
33  4   0.0147794744  -0.0060056057  -0.3254876012  -0.4749951842   0.0063578923
33  5   0.4946482781   0.4932764057   0.0160394290   0.0151917954  -0.0134994112
33  6   0.0104989874  -0.0155471085   0.0154355402   0.0013625357   0.0015704275
33  7   0.0052920152  -0.0049708159  -0.0104272506  -0.0109431618   0.0107283339
33  8  -0.0108335285
34  1   0.0859378931  -0.0056652090   0.0628455753  -0.2081656745  -0.2371450588
34  2  -0.0146351297  -0.0004070050   0.0004879203  -0.0006226504   0.2717968996
34  3  -0.0178872802   0.3524228633  -0.0006391491   0.0323746797  -0.0007086743
34  4   0.1790001230  -0.3088031115  -0.0003464758   0.0006061793   0.3913350237
34  5   0.0006366894   0.0006542347  -0.1975746264  -0.2459795785  -0.2838022238
34  6  -0.3080878975  -0.2056998667   0.1199362119  -0.2932989519  -0.3036564449
34  7   0.0850435695   0.1522738942   0.4174014330   0.4374060578   0.4232960955
34  8  -0.4280137462
35  1  -0.1615499597   0.0110646581  -0.1357055925   0.0585130440  -0.3737735715
35  2  -0.0131152844  -0.0120851608   0.0147797671  -0.0162955362   0.0177822973
35  3   0.2322657492   0.2097316331  -0.0176777108  -0.3640081123  -0.0183515647
35  4   0.4031213258   0.1308367406  -0.0120132765   0.0174533196   0.2056145986
35  5   0.0182228462   0.0181961248  -0.4521990658  -0.4337654781  -0.3909736209
35  6  -0.3120529125  -0.4405327525   0.4304043240  -0.0618863702  -0.0682420087
35  7   0.1509695617   0.1487297111  -0.2489654138  -0.2613169224  -0.2570299194
35  8   0.2594814672
36  1   0.0000000000  -0.5605457545   0.0000000000   0.0000000000   0.0000000000
36  2   0.1586655503   0.3279848593  -0.4011302163   0.4411704079   0.0012539072
36  3   0.0089880895   0.0082881967   0.4785493049  -0.0135289272   0.4945341658
36  4   0.0155949211   0.0044217878   0.3257170397  -0.4749694437   0.0080586039
36  5  -0.4946472049  -0.4932664522  -0.0169134351  -0.0162891927  -0.0147619230
36  6  -0.0119048061  -0.0164937954   0.0160078435  -0.0026644525  -0.0029065151
36  7   0.0056754669   0.0056969086  -0.0086298015  -0.0090587598  -0.0089190359
36  8   0.0090030536
$end
