$dipgrad          cartesian dipole gradients
  -.27765834389918D+00  0.33842934002534D-01  0.80975836475875D-01
  0.51958656159730D-01  -.34388235248323D+00  -.11259277812809D+00
  0.87971008861317D-01  -.11601106006579D+00  -.46888168254070D+00
  0.22816908553938D-01  0.20805280229949D-01  0.35987332374367D-01
  -.34031791417869D-01  0.16337029932278D+00  0.38869233817971D-01
  -.33657201801763D-01  0.48447278015765D-01  0.19574118368467D+00
  0.11710227063580D+00  -.39688003806684D-01  -.49053785958281D-01
  -.12759355099194D-01  0.29104530704693D-01  -.19959855301006D-01
  -.28842281980434D-01  0.22026565458212D-01  0.19883844899190D+00
  0.13773916470977D+00  -.14960210425886D-01  -.67909382891962D-01
  -.51675096425992D-02  0.15140752245584D+00  0.93683399611121D-01
  -.25471525079043D-01  0.45537216591800D-01  0.74302049864221D-01
$end
