$hessian (projected)
 1  1   0.5794437076   0.0605087356   0.1037408236  -0.4075332635   0.0278835656
 1  2   0.0477886063  -0.0859587052  -0.1159147777  -0.0339483635  -0.0859517389
 1  3   0.0275224766  -0.1175810664
 2  1   0.0605087356   0.5357930301  -0.1477762093  -0.0020209875  -0.0546342639
 2  2   0.0197016181  -0.0861545633  -0.3766330830  -0.0371557863   0.0276668152
 2  3  -0.1045256831   0.1652303776
 3  1   0.1037408236  -0.1477762093   0.3684242168  -0.0034967912   0.0197042259
 3  2  -0.0323421141  -0.0169455813   0.0113369209  -0.0320519739  -0.0832984511
 3  3   0.1167350625  -0.3040301288
 4  1  -0.4075332635  -0.0020209875  -0.0034967912   0.4346182522  -0.0028196619
 4  2  -0.0048087657  -0.0135422364   0.0043091526   0.0030499741  -0.0135427523
 4  3   0.0005314968   0.0052555829
 5  1   0.0278835656  -0.0546342639   0.0197042259  -0.0028196619   0.0537967321
 5  2  -0.0169707556  -0.0464496665   0.0013499358   0.0009255483   0.0213857628
 5  3  -0.0005124039  -0.0036590186
 6  1   0.0477886063   0.0197016181  -0.0323421141  -0.0048087657  -0.0169707556
 6  2   0.0345964674  -0.0017089209  -0.0026030986  -0.0020589206  -0.0412709196
 6  3  -0.0001277639  -0.0001954327
 7  1  -0.0859587052  -0.0861545633  -0.0169455813  -0.0135422364  -0.0464496665
 7  2  -0.0017089209   0.0945095711   0.1175814982   0.0170247084   0.0049913705
 7  3   0.0150227315   0.0016297939
 8  1  -0.1159147777  -0.3766330830   0.0113369209   0.0043091526   0.0013499358
 8  2  -0.0026030986   0.1175814982   0.3941828802  -0.0026421626  -0.0059758731
 8  3  -0.0188997329  -0.0060916598
 9  1  -0.0339483635  -0.0371557863  -0.0320519739   0.0030499741   0.0009255483
 9  2  -0.0020589206   0.0170247084  -0.0026421626   0.0344739565   0.0138736811
 9  3   0.0388724005  -0.0003630619
10  1  -0.0859517389   0.0276668152  -0.0832984511  -0.0135427523   0.0213857628
10  2  -0.0412709196   0.0049913705  -0.0059758731   0.0138736811   0.0945031206
10  3  -0.0430767049   0.1106956896
11  1   0.0275224766  -0.1045256831   0.1167350625   0.0005314968  -0.0005124039
11  2  -0.0001277639   0.0150227315  -0.0188997329   0.0388724005  -0.0430767049
11  3   0.1239378200  -0.1554796992
12  1  -0.1175810664   0.1652303776  -0.3040301288   0.0052555829  -0.0036590186
12  2  -0.0001954327   0.0016297939  -0.0060916598  -0.0003630619   0.1106956896
12  3  -0.1554796992   0.3045886233
$end
