$vibrational normal modes
 1  1  -0.0277327516  -0.0017019495   0.5196968907   0.0076908978  -0.0280640670
 1  2  -0.0089887134   0.0384431810  -0.0047968965  -0.0626287096   0.0128180011
 1  3   0.0641865499   0.0378163983
 2  1  -0.0453869061  -0.0229680529   0.0040539460   0.3731859473   0.0995731848
 2  2  -0.0545451462  -0.0547641395  -0.0582398483  -0.0067691573  -0.0179615826
 2  3  -0.0232464088   0.0655989092
 3  1   0.0715934674  -0.1511780976   0.0119527632  -0.0649897487   0.0029415374
 3  2  -0.2670250988  -0.0939090948   0.0320042591  -0.0217056360  -0.0311078270
 3  3   0.0398319566  -0.0226547812
 4  1  -0.0099174917  -0.0301895223   0.5065350418   0.0161371717  -0.0307136509
 4  2   0.0265549542   0.0189371614  -0.0037879020  -0.0499248171  -0.5778453952
 4  3  -0.7001261651  -0.4114318630
 5  1   0.5816956174  -0.0157634437  -0.0789147792   0.6689899952  -0.1465492817
 5  2   0.1758487276   0.2888005716   0.6438885204  -0.1947410287  -0.0082329352
 5  3   0.0042618481   0.0257689380
 6  1   0.1043019768  -0.7931488246  -0.2342652200  -0.0486079922   0.0873257130
 6  2   0.3941888445   0.4951796813  -0.4009693300  -0.2187233500  -0.0142615121
 6  3   0.0306292870   0.0045339551
 7  1   0.5763042336  -0.0163503496   0.4393161885   0.2830065352  -0.2268832601
 7  2   0.2439399571  -0.2765892818  -0.4059636660   0.4938944783   0.1993840086
 7  3   0.0212344392  -0.2556644628
 8  1  -0.2469931977  -0.0312388759   0.0184087967   0.2907746503   0.1336208554
 8  2  -0.1346664688   0.0798870877   0.0958831505  -0.1956266956   0.5390077061
 8  3   0.0003421080  -0.7735179912
 9  1   0.2002752368   0.1536651655   0.2867264209  -0.2281702093   0.7167195715
 9  2  -0.3137074637   0.4959771290   0.0600364946   0.4516200485  -0.0167211558
 9  3   0.0118924952  -0.0252478763
10  1  -0.2776388245  -0.5539871445   0.3381935173  -0.0997224360   0.1181623149
10  2   0.4452776021  -0.2765523731   0.4764089985   0.4263157114   0.2003430938
10  3  -0.2130413167   0.1416015731
11  1  -0.3638303886  -0.1208795379  -0.1488148571   0.4238276390  -0.4890064206
11  2  -0.2673063313   0.3923120463   0.0695263069   0.4844315904  -0.2811815304
11  3   0.3184269622  -0.1638100627
12  1   0.0000000000   0.0000000000   0.0000000000   0.0000000000  -0.3509074422
12  2  -0.5411560681   0.3137992079  -0.1037967254   0.0687237191   0.4632554536
12  3  -0.5960246305   0.3355236111
$end
