$energy      SCF               SCFKIN            SCFPOT
     1 -600.5146606948      599.9865522197     -1200.501212914
     2 -600.5519169082      599.8522494788     -1200.404166387
     3 -600.6047338213      599.6706253372     -1200.275359158
     4 -600.6354687823      599.5550778312     -1200.190546613
     5 -600.6513304143      599.4634054625     -1200.114735877
     6 -600.6560898545      599.3988553903     -1200.054945245
     7 -600.6565209598      599.3754625163     -1200.031983476
     8 -600.6565971264      599.3693337273     -1200.025930854
     9 -600.6567303898      599.3559654697     -1200.012695860
    10 -600.6567912615      599.3481681921     -1200.004959454
    11 -600.6568125985      599.3361260286     -1199.992938627
    12 -600.6570055364      599.3365916216     -1199.993597158
    13 -600.6575868410      599.3373598401     -1199.994946681
    14 -600.6581713610      599.3284426414     -1199.986614002
    15 -600.6585023094      599.3053333663     -1199.963835676
    16 -600.6586152645      599.2753024525     -1199.933917717
    17 -600.6586228172      599.2734271629     -1199.932049980
    18 -600.6586261071      599.2719664563     -1199.930592563
    19 -600.6586273879      599.2721130005     -1199.930740388
    20 -600.6586272974      599.2724652709     -1199.931092568
    21 -600.6586266587      599.2725379726     -1199.931164631
$end
