$energy      SCF               SCFKIN            SCFPOT            MP2
     1 -2792.270713936      2792.18062     -5584.45134     -.8072413449790
     2 -2792.271100064      2792.22892     -5584.50002     -.8072084246942
     3 -2792.271136882      2792.24400     -5584.51513     -.8072034336815
     4 -2792.271154898      2792.24754     -5584.51869     -.8072017910144
     5 -2792.271178136      2792.25049     -5584.52167     -.8072002199533
     6 -2792.271201050      2792.25039     -5584.52159     -.8071972741500
     7 -2792.271231005      2792.25845     -5584.52968     -.8071920177017
     8 -2792.271231134      2792.25873     -5584.52996     -.8071919757758
     9 -2792.271231145      2792.25876     -5584.52999     -.8071918735636
$end
