$energy      SCF               SCFKIN            SCFPOT            MP2
     1 -567.0336057915      566.950641     -1133.98425     -.6810792942117
     2 -567.0339919038      566.998931     -1134.03292     -.6810465945898
     3 -567.0340288631      567.014001     -1134.04803     -.6810415859791
     4 -567.0340468895      567.017541     -1134.05159     -.6810399424069
     5 -567.0340699782      567.020488     -1134.05456     -.6810383057817
     6 -567.0340930316      567.020399     -1134.05449     -.6810354448971
     7 -567.0341228411      567.028463     -1134.06259     -.6810303361615
     8 -567.0341229605      567.028715     -1134.06284     -.6810301883979
     9 -567.0341229802      567.028774     -1134.06290     -.6810301314524
$end
