$energy      SCF               SCFKIN            SCFPOT            MP2
     1 -2792.270714029      2792.18061     -5584.45132     -.8072458252036
     2 -2792.271100144      2792.22890     -5584.50000     -.8072128850758
     3 -2792.271136970      2792.24397     -5584.51511     -.8072078829719
     4 -2792.271154991      2792.24751     -5584.51867     -.8072062361348
     5 -2792.271178231      2792.25046     -5584.52164     -.8072046609204
     6 -2792.271201142      2792.25036     -5584.52156     -.8072017201375
     7 -2792.271231093      2792.25843     -5584.52966     -.8071964643914
     8 -2792.271231222      2792.25870     -5584.52993     -.8071964218007
     9 -2792.271231234      2792.25874     -5584.52997     -.8071963204911
$end
