$coord
    0.00000000000000      0.00000000000000      0.00000000000000  c f
    0.00351721651087      0.00000323322318     -3.39227339759029  cl
    0.00000000000000      0.00000000000000      7.25000000000000  f f
   -0.96430021477802      1.67064115306639      0.66541569078721  h
   -0.96430069296363     -1.67064425573012      0.66541530110368  h
    1.92842942071562     -0.00000114600528      0.66760746208365  h
$redundant
     number_of_atoms             6
     degrees_of_freedom         12
     internal_coordinates       13
     frozen_coordinates          1
# definitions of redundant internals
   1 k  1.0000000000000 stre   1    4           val=   2.04051
   2 k  1.0000000000000 stre   1    5           val=   2.04052
   3 k  1.0000000000000 stre   1    6           val=   2.04072
   4 k  1.0000000000000 stre   1    2           val=   3.39228
   5 k  1.0000000000000 stre   1    3           val=   7.25000
   6 k  0.3136083883795 bend   5    4    1      val=  47.56345
        0.3136083844330 bend   6    4    1
        0.3136083844330 bend   6    5    1
        0.3427704146183 bend   2    4    1
        0.3427704146183 bend   2    5    1
        0.3427704134069 bend   2    6    1
       -0.3427704144298 bend   3    4    1
       -0.3427704144298 bend   3    5    1
       -0.3427704137838 bend   3    6    1
   7 k -0.7849440241106 bend   5    4    1      val=  -0.02230
        0.3924720139977 bend   6    4    1
        0.3924720139977 bend   6    5    1
       -0.0980205221163 bend   2    4    1
       -0.0980205221163 bend   2    5    1
        0.1960410477358 bend   2    6    1
       -0.0549942089426 bend   3    4    1
       -0.0549942089426 bend   3    5    1
        0.1099884154198 bend   3    6    1
   8 k  0.6797814664003 bend   6    4    1      val=   0.00002
       -0.6797814664003 bend   6    5    1
        0.1697765267149 bend   2    4    1
       -0.1697765267149 bend   2    5    1
        0.0952527632946 bend   3    4    1
       -0.0952527632946 bend   3    5    1
   9 k -0.0486675037475 bend   6    4    1      val=  -0.00001
        0.0486675037475 bend   6    5    1
        0.4832109367575 bend   2    4    1
       -0.4832109367575 bend   2    5    1
       -0.5139442233131 bend   3    4    1
        0.5139442233131 bend   3    5    1
  10 k -0.0561963930046 bend   5    4    1      val=  -0.01059
        0.0280981967704 bend   6    4    1
        0.0280981967704 bend   6    5    1
        0.2789819638914 bend   2    4    1
        0.2789819638914 bend   2    5    1
       -0.5579639291895 bend   2    6    1
       -0.2967258351990 bend   3    4    1
       -0.2967258351990 bend   3    5    1
        0.5934516719251 bend   3    6    1
  11 k -0.1884904029855 bend   6    4    1      val=  -0.00003
        0.1884904029855 bend   6    5    1
        0.4875275598102 bend   2    4    1
       -0.4875275598102 bend   2    5    1
        0.4762228957199 bend   3    4    1
       -0.4762228957199 bend   3    5    1
  12 k  0.2176499688232 bend   5    4    1      val=  -0.01472
       -0.1088249847950 bend   6    4    1
       -0.1088249847950 bend   6    5    1
       -0.2814741674990 bend   2    4    1
       -0.2814741674990 bend   2    5    1
        0.5629483364593 bend   2    6    1
       -0.2749474163169 bend   3    4    1
       -0.2749474163169 bend   3    5    1
        0.5498948349462 bend   3    6    1
  13 f  1.0000000000000 stre   1    3           val=   7.25000
        12 non zero eigenvalues  of BmBt
           1           4.870637030    1    0
         1
           2           3.021903328    2    0
         2
           3           3.021903324    3    0
         3
           4           1.000000000    4    0
         4
           5           0.790247547    6    0
         6
           6           0.766042806    7    0
         7
           7           0.766042805    8    0
         8
           8           0.483108720    9    0
         9
           9           0.483108719   10    0
        10
          10           0.115223636   11    0
        11
          11           0.115223636   12    0
        12
          12        1000.000000000    0    1
         0.000000000         0.000000000         0.000000000         0.000000000
         0.000000000         0.000000000         0.000000000         0.000000000
         0.000000000         0.000000000         0.000000000         0.000000000
         1.000000000
$end
