$energy      SCF               SCFKIN            SCFPOT
     1 -600.3857933827      599.7484755726     -1200.134268955
     2 -600.4155684534      599.6255656518     -1200.041134105
     3 -600.4548087166      599.4653780841     -1199.920186801
     4 -600.4757966363      599.3708887496     -1199.846685386
     5 -600.4859653477      599.3071272398     -1199.793092588
     6 -600.4896832641      599.2664760085     -1199.756159273
     7 -600.4911005147      599.2411195134     -1199.732220028
     8 -600.4934844645      599.2347062575     -1199.728190722
     9 -600.4973753899      599.2236395669     -1199.721014957
    10 -600.5045618885      599.1982428467     -1199.702804735
    11 -600.5110130884      599.2630782984     -1199.774091387
    12 -600.5164641908      599.3319188457     -1199.848383036
    13 -600.5214139426      599.3881355044     -1199.909549447
    14 -600.5257014856      599.4257941054     -1199.951495591
    15 -600.5294393818      599.4418408724     -1199.971280254
    16 -600.5322888519      599.4471001067     -1199.979388959
    17 -600.5335747183      599.4643533903     -1199.997928109
    18 -600.5331232820      599.4790702055     -1200.012193488
    19 -600.5337658879      599.4439860328     -1199.977751921
    20 -600.5339147792      599.4530104094     -1199.986925189
    21 -600.5339434529      599.4451231012     -1199.979066554
    22 -600.5339437618      599.4468070121     -1199.980750774
    23 -600.5339442225      599.4463848831     -1199.980329106
    24 -600.5339442481      599.4470393571     -1199.980983605
$end
