$energy      SCF               SCFKIN            SCFPOT            MP2
     1 -2792.270096454      2792.18667     -5584.45677     -.8084219184925
     2 -2792.270482075      2792.23475     -5584.50524     -.8083866655052
     3 -2792.270520475      2792.24986     -5584.52038     -.8083803444233
     4 -2792.270539450      2792.25341     -5584.52395     -.8083780746756
     5 -2792.270562823      2792.25631     -5584.52688     -.8083761525295
     6 -2792.270584637      2792.25630     -5584.52689     -.8083743498373
     7 -2792.270613869      2792.26433     -5584.53495     -.8083703519401
     8 -2792.270613995      2792.26463     -5584.53524     -.8083703589959
     9 -2792.270614016      2792.26468     -5584.53530     -.8083702474846
$end
