$coord
   -5.32890717189964      2.80088411177723     -0.00011013025569  c
   -5.54720881483279      0.17003202694851      0.00005211464849  c
   -3.33589447699626     -1.16666986504974     -0.00005101493973  c
   -0.93416551717950     -0.21322093829906     -0.00009821591800  c
   -0.71586504011352      2.41762671754689      0.00004058438165  c
   -2.92717442946812      3.75432924085453     -0.00010118967231  c
   -6.98035735514293      3.99897376379235     -0.00022921129633  h
   -7.37363055271024     -0.73987420694869      0.00036324765914  h
    0.71727850883331     -1.41131295070560     -0.00026185070060  h
    1.11055514240867      3.32752547125265      0.00039566609340  h
$redundant
     number_of_atoms            10
     degrees_of_freedom         24
     internal_coordinates       24
     frozen_coordinates          0
# definitions of redundant internals
   1 k  1.0000000000000 stre   1    7           val=   2.04027
   2 k -0.7071067811865 bend   6    7    1      val=  -0.58557
        0.7071067811865 bend   2    7    1
   3 k  1.0000000000000 outp   7    2    6    1 val=   0.00016
   4 k  1.0000000000000 stre   2    8           val=   2.04053
   5 k -0.7071067811865 bend   3    8    2      val=  -0.57012
        0.7071067811865 bend   1    8    2
   6 k  1.0000000000000 outp   8    1    3    2 val=  -0.00323
   7 k  1.0000000000000 stre   4    9           val=   2.04027
   8 k -0.7071067811865 bend   3    9    4      val=  -0.58535
        0.7071067811865 bend   5    9    4
   9 k  1.0000000000000 outp   9    5    3    4 val=  -0.00076
  10 k  1.0000000000000 stre   5   10           val=   2.04052
  11 k  0.7071067811865 bend   6   10    5      val=   0.57026
       -0.7071067811865 bend   4   10    5
  12 k  1.0000000000000 outp  10    4    6    5 val=  -0.00413
  13 k  1.0000000000000 stre   1    6           val=   2.58406
  14 k  1.0000000000000 stre   6    5           val=   2.58392
  15 k  1.0000000000000 stre   5    4           val=   2.63989
  16 k  1.0000000000000 stre   4    3           val=   2.58406
  17 k  1.0000000000000 stre   3    2           val=   2.58393
  18 k  1.0000000000000 stre   2    1           val=   2.63989
  19 k -0.2886751345948 bend   1    5    6      val=  -2.70327
       -0.2886751345948 bend   6    4    5
        0.5773502691896 bend   5    3    4
       -0.2886751345948 bend   4    2    3
       -0.2886751345948 bend   3    1    2
        0.5773502691896 bend   2    6    1
  20 k  0.5000000000000 bend   1    5    6      val=   5.39329
       -0.5000000000000 bend   6    4    5
        0.5000000000000 bend   4    2    3
       -0.5000000000000 bend   3    1    2
  21 k -0.4082482904639 bend   1    5    6      val=  -0.00001
        0.4082482904639 bend   6    4    5
       -0.4082482904639 bend   5    3    4
        0.4082482904639 bend   4    2    3
       -0.4082482904639 bend   3    1    2
        0.4082482904639 bend   2    6    1
  22 k -0.2886751345948 tors   6    5    4    3 val=   0.00463
       -0.2886751345948 tors   5    4    3    2
        0.5773502691896 tors   4    3    2    1
       -0.2886751345948 tors   3    2    1    6
       -0.2886751345948 tors   2    1    6    5
        0.5773502691896 tors   1    6    5    4
  23 k  0.5000000000000 tors   6    5    4    3 val=  -0.00399
       -0.5000000000000 tors   5    4    3    2
        0.5000000000000 tors   3    2    1    6
       -0.5000000000000 tors   2    1    6    5
  24 k -0.4082482904639 tors   6    5    4    3 val=   0.00076
        0.4082482904639 tors   5    4    3    2
       -0.4082482904639 tors   4    3    2    1
        0.4082482904639 tors   3    2    1    6
       -0.4082482904639 tors   2    1    6    5
        0.4082482904639 tors   1    6    5    4
        24 non zero eigenvalues  of BmBt
           1           9.685540488    1    0
         1
           2           5.057159097    2    0
         2
           3           4.122203883    3    0
         3
           4           3.931386172    4    0
         4
           5           3.543761032    5    0
         5
           6           3.361651159    6    0
         6
           7           3.291160882    7    0
         7
           8           2.731648828    8    0
         8
           9           2.609883755    9    0
         9
          10           2.370576220   10    0
        10
          11           1.904725001   11    0
        11
          12           1.223420070   12    0
        12
          13           1.151804359   13    0
        13
          14           0.990624910   14    0
        14
          15           0.781606436   15    0
        15
          16           0.713836346   16    0
        16
          17           0.359879155   17    0
        17
          18           0.348701678   18    0
        18
          19           0.327617503   19    0
        19
          20           0.322037883   20    0
        20
          21           0.299590921   21    0
        21
          22           0.277878702   22    0
        22
          23           0.277794943   23    0
        23
          24           0.108242394   24    0
        24
$end
