$energy      SCF               SCFKIN            SCFPOT            MP2
     1 -2792.270713941      2792.18063     -5584.45134     -.8072401609038
     2 -2792.271100072      2792.22893     -5584.50003     -.8072072554683
     3 -2792.271136888      2792.24400     -5584.51514     -.8072022674260
     4 -2792.271154904      2792.24754     -5584.51870     -.8072006258617
     5 -2792.271177969      2792.25049     -5584.52167     -.8071989871532
     6 -2792.271201041      2792.25040     -5584.52160     -.8071960973425
     7 -2792.271231014      2792.25846     -5584.52969     -.8071908506959
     8 -2792.271231134      2792.25871     -5584.52995     -.8071907789472
     9 -2792.271231153      2792.25877     -5584.53000     -.8071907329709
$end
