$energy      SCF               SCFKIN            SCFPOT            MP2
     1 -567.0336020584      566.950617     -1133.98422     -.6811961578494
     2 -567.0339880725      566.998880     -1134.03287     -.6811631836052
     3 -567.0340251190      567.013935     -1134.04796     -.6811580242082
     4 -567.0340432275      567.017488     -1134.05153     -.6811563064870
     5 -567.0340664586      567.020451     -1134.05452     -.6811547333330
     6 -567.0340894417      567.020347     -1134.05444     -.6811518657300
     7 -567.0341191153      567.028410     -1134.06253     -.6811468283770
     8 -567.0341192321      567.028661     -1134.06278     -.6811466815207
     9 -567.0341192516      567.028718     -1134.06284     -.6811466263071
$end
