$coord
    0.00000000000000      0.00000000000000      0.00000000000000  c f
    0.00076577870668      0.00052419082863     -3.44748274257205  cl
    0.00000000000000      0.00000000000000      4.75000000000000  f f
   -0.97006489812074      1.67874220287712      0.61085477326980  h
   -0.96992372615734     -1.67941522226782      0.60959295452699  h
    1.93847484530660     -0.00046169577305      0.61167136483710  h
$redundant
     number_of_atoms             6
     degrees_of_freedom         12
     internal_coordinates       13
     frozen_coordinates          1
# definitions of redundant internals
   1 k  1.0000000000000 stre   1    4           val=   2.03282
   2 k  1.0000000000000 stre   1    5           val=   2.03293
   3 k  1.0000000000000 stre   1    6           val=   2.03269
   4 k  1.0000000000000 stre   1    2           val=   3.44748
   5 k  1.0000000000000 stre   1    3           val=   4.75000
   6 k  0.3136083884228 bend   5    4    1      val=  46.95631
        0.3136083844114 bend   6    4    1
        0.3136083844114 bend   6    5    1
        0.3427704146191 bend   2    4    1
        0.3427704146191 bend   2    5    1
        0.3427704134053 bend   2    6    1
       -0.3427704143815 bend   3    4    1
       -0.3427704143815 bend   3    5    1
       -0.3427704138804 bend   3    6    1
   7 k -0.7746416216536 bend   5    4    1      val=   0.00412
        0.3873208127991 bend   6    4    1
        0.3873208127991 bend   6    5    1
       -0.0889070977403 bend   2    4    1
       -0.0889070977403 bend   2    5    1
        0.1778141990055 bend   2    6    1
       -0.0935135474836 bend   3    4    1
       -0.0935135474836 bend   3    5    1
        0.1870270926794 bend   3    6    1
   8 k  0.6708593240416 bend   6    4    1      val=   0.00441
       -0.6708593240416 bend   6    5    1
        0.1539916124724 bend   2    4    1
       -0.1539916124724 bend   2    5    1
        0.1619702152698 bend   3    4    1
       -0.1619702152698 bend   3    5    1
   9 k -0.0280002033432 bend   6    4    1      val=  -0.01551
        0.0280002033432 bend   6    5    1
       -0.4505119861078 bend   2    4    1
        0.4505119861078 bend   2    5    1
        0.5442930635108 bend   3    4    1
       -0.5442930635108 bend   3    5    1
  10 k  0.0323318489237 bend   5    4    1      val=  -0.01762
       -0.0161659243587 bend   6    4    1
       -0.0161659243587 bend   6    5    1
        0.2601032158860 bend   2    4    1
        0.2601032158860 bend   2    5    1
       -0.5202064332524 bend   2    6    1
       -0.3142477462068 bend   3    4    1
       -0.3142477462068 bend   3    5    1
        0.6284954942612 bend   3    6    1
  11 k -0.2217290146984 bend   6    4    1      val=  -0.00332
        0.2217290146984 bend   6    5    1
        0.5228054453249 bend   2    4    1
       -0.5228054453249 bend   2    5    1
        0.4213201993490 bend   3    4    1
       -0.4213201993490 bend   3    5    1
  12 k  0.2560306114945 bend   5    4    1      val=  -0.00397
       -0.1280153062125 bend   6    4    1
       -0.1280153062125 bend   6    5    1
       -0.3018418641583 bend   2    4    1
       -0.3018418641583 bend   2    5    1
        0.6036837298057 bend   2    6    1
       -0.2432493299173 bend   3    4    1
       -0.2432493299173 bend   3    5    1
        0.4864986620421 bend   3    6    1
  13 f  1.0000000000000 stre   1    3           val=   4.75000
        12 non zero eigenvalues  of BmBt
           1           4.870637030    1    0
         1
           2           3.070347664    2    0
         2
           3           3.070347660    3    0
         3
           4           1.000000000    4    0
         4
           5           0.790247547    6    0
         6
           6           0.764618394    7    0
         7
           7           0.764618393    8    0
         8
           8           0.512423428    9    0
         9
           9           0.512423426   10    0
        10
          10           0.145537087   11    0
        11
          11           0.145537086   12    0
        12
          12        1000.000000000    0    1
         0.000000000         0.000000000         0.000000000         0.000000000
         0.000000000         0.000000000         0.000000000         0.000000000
         0.000000000         0.000000000         0.000000000         0.000000000
         1.000000000
$end
