$energy      SCF               SCFKIN            SCFPOT
     1 -600.5235895172      599.7773375001     -1200.300927017
     2 -600.5539577002      599.6524496003     -1200.206407301
     3 -600.5947429970      599.4872049917     -1200.081947989
     4 -600.6168820031      599.3882569937     -1200.005138997
     5 -600.6275568807      599.3205327264     -1199.948089607
     6 -600.6312881339      599.2773711972     -1199.908659331
     7 -600.6320113084      599.2544097758     -1199.886421084
     8 -600.6334125757      599.2415521037     -1199.874964679
     9 -600.6362279980      599.2448606718     -1199.881088670
    10 -600.6407507297      599.2515052010     -1199.892255931
    11 -600.6458744793      599.3018876489     -1199.947762128
    12 -600.6500071434      599.3491084595     -1199.999115603
    13 -600.6535264212      599.4052992497     -1200.058825671
    14 -600.6568174042      599.4434030960     -1200.100220500
    15 -600.6597358667      599.4703214924     -1200.130057359
    16 -600.6618837130      599.4824303378     -1200.144314051
    17 -600.6630494495      599.4934452654     -1200.156494715
    18 -600.6632463481      599.5214202158     -1200.184666564
    19 -600.6635303260      599.4986602395     -1200.162190566
    20 -600.6635546146      599.4982517231     -1200.161806338
    21 -600.6635555675      599.4968308618     -1200.160386429
    22 -600.6635556669      599.4976511912     -1200.161206858
$end
