$energy      SCF               SCFKIN            SCFPOT
     1 -600.3833503834      599.7532826626     -1200.136633046
     2 -600.4126174839      599.6303994656     -1200.043016949
     3 -600.4509932561      599.4716025665     -1199.922595823
     4 -600.4714038266      599.3790589479     -1199.850462774
     5 -600.4812411890      599.3180913971     -1199.799332586
     6 -600.4848319303      599.2783026932     -1199.763134623
     7 -600.4862909066      599.2531060473     -1199.739396954
     8 -600.4886784892      599.2459246053     -1199.734603094
     9 -600.4929225983      599.2367889700     -1199.729711568
    10 -600.5001971249      599.2137400881     -1199.713937213
    11 -600.5066026655      599.2755508858     -1199.782153551
    12 -600.5123084746      599.3545994698     -1199.866907944
    13 -600.5173523548      599.4059035958     -1199.923255951
    14 -600.5217509354      599.4393908344     -1199.961141770
    15 -600.5255505929      599.4521938571     -1199.977744450
    16 -600.5283760663      599.4588302089     -1199.987206275
    17 -600.5295762880      599.4748448233     -1200.004421111
    18 -600.5290765077      599.4977833076     -1200.026859815
    19 -600.5297505726      599.4573671254     -1199.987117698
    20 -600.5299087615      599.4663597373     -1199.996268499
    21 -600.5299499143      599.4569639287     -1199.986913843
    22 -600.5299498656      599.4596801561     -1199.989630022
    23 -600.5299501551      599.4587845940     -1199.988734749
$end
