           1           2   1.87142920041956     
           1           3  0.977651630032655     
           1           4  0.972749317846686     
           1           5  0.136521168194210     
           2           5   1.07950993186048     
           2           6  0.955685617600378     
           5           7  0.974518919162609     
           7           8   1.00972676403872     
           7           9  0.952499381889147     
           7          10  0.954552814874952     
           8          11   1.98244528155597     
           8          12  0.965350202002476     
          11          13  0.973739818301158     
          11          14  0.976315469503288     
