$coord
    0.00000000000000      0.00000000000000      0.00000000000000  c f
    0.00500136904145     -0.00000000197165     -4.39572908549168  cl
    0.00000000000000      0.00000000000000      3.75000000000000  f f
   -1.00754485924647      1.74514822860286      0.00325329086537  h
   -1.00754485909332     -1.74514822871143      0.00325329210684  h
    2.01514513095628     -0.00000000018610      0.00555752195198  h
$redundant
     number_of_atoms             6
     degrees_of_freedom         12
     internal_coordinates       13
     frozen_coordinates          1
# definitions of redundant internals
   1 k  1.0000000000000 stre   1    4           val=   2.01512
   2 k  1.0000000000000 stre   1    5           val=   2.01512
   3 k  1.0000000000000 stre   1    6           val=   2.01515
   4 k  1.0000000000000 stre   1    2           val=   4.39573
   5 k  1.0000000000000 stre   1    3           val=   3.75000
   6 k  0.3136083884700 bend   5    4    1      val=  37.74338
        0.3136083843878 bend   6    4    1
        0.3136083843878 bend   6    5    1
        0.3427704146205 bend   2    4    1
        0.3427704146205 bend   2    5    1
        0.3427704134024 bend   2    6    1
       -0.3427704143349 bend   3    4    1
       -0.3427704143349 bend   3    5    1
       -0.3427704139737 bend   3    6    1
   7 k -0.7589736730975 bend   5    4    1      val=  -0.00978
        0.3794868385453 bend   6    4    1
        0.3794868385453 bend   6    5    1
       -0.0804707236785 bend   2    4    1
       -0.0804707236785 bend   2    5    1
        0.1609414509058 bend   2    6    1
       -0.1272040473790 bend   3    4    1
       -0.1272040473790 bend   3    5    1
        0.2544080926174 bend   3    6    1
   8 k -0.6572904823741 bend   6    4    1      val=  -0.00000
        0.6572904823741 bend   6    5    1
       -0.1393793837885 bend   2    4    1
        0.1393793837885 bend   2    5    1
       -0.2203238733211 bend   3    4    1
        0.2203238733211 bend   3    5    1
   9 k  0.0977934192899 bend   6    4    1      val=  -0.00000
       -0.0977934192899 bend   6    5    1
        0.4221272975412 bend   2    4    1
       -0.4221272975412 bend   2    5    1
       -0.5587888615695 bend   3    4    1
        0.5587888615695 bend   3    5    1
  10 k  0.1129221122928 bend   5    4    1      val=  -0.01059
       -0.0564610561982 bend   6    4    1
       -0.0564610561982 bend   6    5    1
        0.2437153082424 bend   2    4    1
        0.2437153082424 bend   2    5    1
       -0.4874306180483 bend   2    6    1
       -0.3226168991644 bend   3    4    1
       -0.3226168991644 bend   3    5    1
        0.6452338004274 bend   3    6    1
  11 k -0.2416726482746 bend   6    4    1      val=   0.00000
        0.2416726482746 bend   6    5    1
        0.5498926550203 bend   2    4    1
       -0.5498926550203 bend   2    5    1
        0.3731117781988 bend   3    4    1
       -0.3731117781988 bend   3    5    1
  12 k  0.2790595358447 bend   5    4    1      val=  -0.01796
       -0.1395297684406 bend   6    4    1
       -0.1395297684406 bend   6    5    1
       -0.3174806719461 bend   2    4    1
       -0.3174806719461 bend   2    5    1
        0.6349613454129 bend   2    6    1
       -0.2154161850933 bend   3    4    1
       -0.2154161850933 bend   3    5    1
        0.4308323722799 bend   3    6    1
  13 f  1.0000000000000 stre   1    3           val=   3.75000
        12 non zero eigenvalues  of BmBt
           1           4.870637030    1    0
         1
           2           3.118816246    2    0
         2
           3           3.118816241    3    0
         3
           4           1.000000000    4    0
         4
           5           0.790247547    6    0
         6
           6           0.764634479    7    0
         7
           7           0.764634478    8    0
         8
           8           0.543464658    9    0
         9
           9           0.543464657   10    0
        10
          10           0.170167497   11    0
        11
          11           0.170167497   12    0
        12
          12        1000.000000000    0    1
         0.000000000         0.000000000         0.000000000         0.000000000
         0.000000000         0.000000000         0.000000000         0.000000000
         0.000000000         0.000000000         0.000000000         0.000000000
         1.000000000
$end
