$energy      SCF               SCFKIN            SCFPOT
     1 -600.4111173253      599.8976887712     -1200.308806097
     2 -600.4489972539      599.7670733936     -1200.216070648
     3 -600.5019564832      599.5909843028     -1200.092940786
     4 -600.5324056577      599.4791420978     -1200.011547755
     5 -600.5475962126      599.3883043772     -1199.935900590
     6 -600.5519913743      599.3283051760     -1199.880296550
     7 -600.5523863308      599.3066580360     -1199.859044367
     8 -600.5524004367      599.3035368302     -1199.855937267
     9 -600.5524068970      599.3029700008     -1199.855376898
    10 -600.5524350233      599.3030084405     -1199.855443464
    11 -600.5524466753      599.3025031450     -1199.854949820
    12 -600.5524938689      599.3071217555     -1199.859615624
    13 -600.5525629427      599.3135611781     -1199.866124121
    14 -600.5526638518      599.3582705105     -1199.910934362
    15 -600.5526835181      599.3495028197     -1199.902186338
    16 -600.5526880645      599.3449642799     -1199.897652344
    17 -600.5526888446      599.3452178596     -1199.897906704
    18 -600.5526896419      599.3454526972     -1199.898142339
    19 -600.5526896804      599.3459258653     -1199.898615546
    20 -600.5526897111      599.3460161178     -1199.898705829
    21 -600.5526897389      599.3456555320     -1199.898345271
$end
