$energy      SCF               SCFKIN            SCFPOT            MP2
     1 -2792.270709568      2792.18055     -5584.45126     -.8074021746611
     2 -2792.271095546      2792.22882     -5584.49991     -.8073688620320
     3 -2792.271132481      2792.24387     -5584.51500     -.8073636582626
     4 -2792.271150773      2792.24742     -5584.51857     -.8073619212932
     5 -2792.271173980      2792.25038     -5584.52155     -.8073603049420
     6 -2792.271196698      2792.25035     -5584.52154     -.8073575065623
     7 -2792.271226615      2792.25834     -5584.52957     -.8073523851995
     8 -2792.271226735      2792.25861     -5584.52983     -.8073523670892
     9 -2792.271226752      2792.25866     -5584.52988     -.8073522782079
$end
