$dipgrad          cartesian dipole gradients
  -.49131576341161D+00  0.43907397510886D-01  0.16036463984359D-01
  0.43923504645027D-01  -.46768877421926D+00  0.25747919694489D-01
  0.16042351508153D-01  0.25747916442977D-01  -.52878241257906D+00
  0.19980048551794D+00  -.42690907279469D-01  -.15592307892195D-01
  -.31680893624121D-01  0.27431225361250D+00  0.19034127105837D-02
  -.11571148522426D-01  0.19033514020312D-02  0.26979522267074D+00
  0.29151527789381D+00  -.12164902314570D-02  -.44415609216431D-03
  -.12242611020841D-01  0.19337652060675D+00  -.27651332405073D-01
  -.44712029856757D-02  -.27651267845042D-01  0.25898718990839D+00
$end
