$hessian (projected)
 1  1   0.5868526453  -0.0754067531  -0.0275370918  -0.4963081282  -0.0619506982
 1  2  -0.0226290772  -0.0905445171   0.1373574513   0.0501661690
 2  1  -0.0754067531   0.4678653765   0.1708768295   0.0025626964  -0.0548470786
 2  2  -0.0200316437   0.0728440568  -0.4130182979  -0.1508451858
 3  1  -0.0275370918   0.1708768295   0.0624087448   0.0009329859  -0.0200320313
 3  2  -0.0073162423   0.0266041059  -0.1508447983  -0.0550925025
 4  1  -0.4963081282   0.0025626964   0.0009329859   0.5132759763   0.0040852175
 4  2   0.0014951167  -0.0169678482  -0.0066479139  -0.0024281026
 5  1  -0.0619506982  -0.0548470786  -0.0200320313   0.0040852175   0.0528071641
 5  2   0.0192866509   0.0578654807   0.0020399145   0.0007453804
 6  1  -0.0226290772  -0.0200316437  -0.0073162423   0.0014951167   0.0192866509
 6  2   0.0070440235   0.0211339606   0.0007449929   0.0002722188
 7  1  -0.0905445171   0.0728440568   0.0266041059  -0.0169678482   0.0578654807
 7  2   0.0211339606   0.1075123653  -0.1307095375  -0.0477380664
 8  1   0.1373574513  -0.4130182979  -0.1508447983  -0.0066479139   0.0020399145
 8  2   0.0007449929  -0.1307095375   0.4109783833   0.1500998054
 9  1   0.0501661690  -0.1508451858  -0.0550925025  -0.0024281026   0.0007453804
 9  2   0.0002722188  -0.0477380664   0.1500998054   0.0548202837
$end
