$vibrational normal modes
 1  1  -0.0016236442  -0.0053421725  -0.0067931359   0.0513624188   0.5507966165
 1  2  -0.0035200211   0.0407528750   0.0291052557  -0.0572237233
 2  1  -0.0208177886   0.5954550726  -0.0257396407  -0.0079278240  -0.0016668103
 2  2   0.0214653604   0.0541302289   0.0382058375   0.0382479801
 3  1  -0.0515309056  -0.0123342191   0.7228471784  -0.0118753724   0.0068490572
 3  2   0.0078397179   0.0197700907   0.0139539958   0.0139688688
 4  1   0.0287695987   0.0097336500   0.0148658366   0.0471497204   0.5408389630
 4  2  -0.0007467132   0.0265435900  -0.7089095649   0.7017489614
 5  1  -0.7099515323   0.1658291492  -0.3179472801  -0.2617203594   0.3792904590
 5  2  -0.0375386124  -0.6620514544   0.0122304026   0.0292600028
 6  1  -0.1713878765   0.1685111267   0.0930961851   0.9607785360  -0.3785953468
 6  2  -0.0137101365  -0.2417992108   0.0044626207   0.0106907716
 7  1   0.6575358512   0.3216491083   0.4628737857  -0.0398768831   0.3347826370
 7  2   0.0566196321  -0.6734096154   0.2469249546   0.2065570775
 8  1   0.1741335161   0.6969966897   0.3905800477  -0.0418547880  -0.0692207520
 8  2  -0.3031787567  -0.1971518789  -0.6186675744  -0.6363661000
 9  1   0.0000000000   0.0000000000   0.0000000000   0.0000000000   0.0000000000
 9  2   0.9501287137  -0.0720093246  -0.2259529028  -0.2324171328
$end
