$hessian (projected)
 1  1   1.1855397893   0.0604903992   0.0000000000  -1.1855397893  -0.0604903992
 1  2   0.0000000000
 2  1   0.0604903992   0.0030864324   0.0000000000  -0.0604903992  -0.0030864324
 2  2   0.0000000000
 3  1   0.0000000000   0.0000000000   0.0000000000   0.0000000000   0.0000000000
 3  2   0.0000000000
 4  1  -1.1855397893  -0.0604903992   0.0000000000   1.1855397893   0.0604903992
 4  2   0.0000000000
 5  1  -0.0604903992  -0.0030864324   0.0000000000   0.0604903992   0.0030864324
 5  2   0.0000000000
 6  1   0.0000000000   0.0000000000   0.0000000000   0.0000000000   0.0000000000
 6  2   0.0000000000
$end
