$vibrational normal modes
 1  1   0.7073559360  -0.0124481375   0.0000000000   0.0218404150   0.0000000000
 1  2   0.5995910403
 2  1  -0.0116495439   0.9991797695   0.0000000000   0.0011143746   0.0000000000
 2  2   0.0305932384
 3  1   0.0000000000   0.0000000000   1.0000000000   0.0000000000   0.0000000000
 3  2   0.0000000000
 4  1   0.7067615354   0.0385335197   0.0000000000  -0.0290924295   0.0000000000
 4  2  -0.7986826316
 5  1   0.0000000000   0.0000000000   0.0000000000   0.9993374730   0.0000000000
 5  2  -0.0407515898
 6  1   0.0000000000   0.0000000000   0.0000000000   0.0000000000   1.0000000000
 6  2   0.0000000000
$end
