$energy      SCF               SCFKIN            SCFPOT            MP2
     1 -2792.270714595      2792.18056     -5584.45127     -.8072603566575
     2 -2792.271100688      2792.22885     -5584.49995     -.8072273500775
     3 -2792.271137527      2792.24392     -5584.51505     -.8072223187905
     4 -2792.271155555      2792.24746     -5584.51861     -.8072206625520
     5 -2792.271178813      2792.25041     -5584.52159     -.8072190714806
     6 -2792.271201713      2792.25031     -5584.52151     -.8072161535083
     7 -2792.271231647      2792.25837     -5584.52960     -.8072109079408
     8 -2792.271231776      2792.25865     -5584.52988     -.8072108672732
     9 -2792.271231788      2792.25868     -5584.52992     -.8072107647145
$end
