$energy      SCF               SCFKIN            SCFPOT
     1 -600.5250271772      599.7355844411     -1200.260611618
     2 -600.5524364417      599.6139845269     -1200.166420969
     3 -600.5877869144      599.4539738304     -1200.041760745
     4 -600.6062933498      599.3640632788     -1199.970356629
     5 -600.6153475750      599.3108304186     -1199.926177994
     6 -600.6190765144      599.2786216820     -1199.897698196
     7 -600.6208961991      599.2535752880     -1199.874471487
     8 -600.6243496883      599.2382557683     -1199.862605457
     9 -600.6314258897      599.2237357506     -1199.855161640
    10 -600.6389717075      599.2818194693     -1199.920791177
    11 -600.6448167565      599.3394051119     -1199.984221868
    12 -600.6500068227      599.3891783377     -1200.039185160
    13 -600.6548420682      599.4264398148     -1200.081281883
    14 -600.6587313948      599.4558257573     -1200.114557152
    15 -600.6618144933      599.4738766689     -1200.135691162
    16 -600.6637231773      599.4852304659     -1200.148953643
    17 -600.6641478291      599.4875239691     -1200.151671798
    18 -600.6636615169      599.4791528817     -1200.142814399
    19 -600.6639957964      599.4756976336     -1200.139693430
    20 -600.6642137483      599.4740538941     -1200.138267642
    21 -600.6642700417      599.4707598636     -1200.135029905
    22 -600.6642690071      599.4707544088     -1200.135023416
    23 -600.6642514394      599.4708410029     -1200.135092442
    24 -600.6642703898      599.4707742159     -1200.135044606
    25 -600.6642515159      599.4706964616     -1200.134947977
    26 -600.6642702516      599.4706134151     -1200.134883667
    27 -600.6642702671      599.4706196420     -1200.134889909
    28 -600.6642702338      599.4706440927     -1200.134914327
$end
