$coord
   -5.25785487568001      2.87225625487406     -0.00000167015150  c
   -5.48876508884378      0.08799604424710      0.00000167238510  c
   -3.34274325945948     -1.25075949208783     -0.00000435871668  c
   -1.00522581109943     -0.28460742378429     -0.00000437770863  c
   -0.77430221540054      2.49965094741482      0.00000436363418  c
   -2.92032122889926      3.83852658627501      0.00000473804164  c
   -7.03393691098474      3.88070965657163     -0.00000796384794  h
   -7.40662019231951     -0.61421322334378      0.00000778281107  h
    0.77082015328662     -1.29309636627307     -0.00000115546194  h
    1.14357972229917      3.20183038727536      0.00000096901465  h
$user-defined bonds
$redundant
     number_of_atoms            10
     degrees_of_freedom         24
     internal_coordinates       30
     frozen_coordinates          0
# definitions of redundant internals
   1 k  0.7071067811865 tors   5    6    1    2 val=  90.00025
        0.7071067811865 tors   5    6    1    7
   2 k  0.5000000000000 tors   3    2    1    6 val=  89.99965
        0.5000000000000 tors   3    2    1    7
        0.5000000000000 tors   8    2    1    6
        0.5000000000000 tors   8    2    1    7
   3 k  0.7071067811865 tors   4    3    2    1 val=  90.00023
        0.7071067811865 tors   4    3    2    8
   4 k  0.7071067811865 tors   5    4    3    2 val=  89.99988
        0.7071067811865 tors   9    4    3    2
   5 k  0.5000000000000 tors   6    5    4    3 val=  90.00010
        0.5000000000000 tors   6    5    4    9
        0.5000000000000 tors  10    5    4    3
        0.5000000000000 tors  10    5    4    9
   6 k  0.7071067811865 tors   1    6    5    4 val=  89.99986
        0.7071067811865 tors   1    6    5   10
   7 k  1.0000000000000 stre   1    6           val=   2.52938
   8 k  1.0000000000000 stre   1    2           val=   2.79382
   9 k  1.0000000000000 stre   1    7           val=   2.04241
  10 k -0.1459704159275 bend   2    6    1      val=   6.32989
        0.7687002920718 bend   7    6    1
       -0.6227298761443 bend   7    2    1
  11 k  0.8033425821781 bend   2    6    1      val=  -1.06897
       -0.2752572026949 bend   7    6    1
       -0.5280853794832 bend   7    2    1
  12 k  1.0000000000000 outp   7    2    6    1 val=   0.00003
  13 k  1.0000000000000 stre   2    3           val=   2.52936
  14 k  1.0000000000000 stre   2    8           val=   2.04237
  15 k -0.1458574036379 bend   1    3    2      val=   6.31665
        0.7686615624436 bend   8    3    2
       -0.6228041588057 bend   8    1    2
  16 k -0.8033631087315 bend   1    3    2      val=   1.05931
        0.2753653374853 bend   8    3    2
        0.5279977712462 bend   8    1    2
  17 k  1.0000000000000 outp   8    1    3    2 val=   0.00003
  18 k  1.0000000000000 stre   3    4           val=   2.52932
  19 k  1.0000000000000 bend   2    4    3      val= 125.58631
  20 k  1.0000000000000 stre   4    5           val=   2.79382
  21 k  1.0000000000000 stre   4    9           val=   2.04240
  22 k -0.1459135093666 bend   5    3    4      val=   6.33021
        0.7686807918117 bend   9    3    4
       -0.6227672824451 bend   9    5    4
  23 k  0.8033529202356 bend   5    3    4      val=  -1.07093
       -0.2753116542510 bend   9    3    4
       -0.5280412659846 bend   9    5    4
  24 k  1.0000000000000 outp   9    5    3    4 val=   0.00025
  25 k  1.0000000000000 stre   5    6           val=   2.52942
  26 k  1.0000000000000 stre   5   10           val=   2.04238
  27 k -0.1459148325033 bend   4    6    5      val=   6.31603
        0.7686812452540 bend  10    6    5
       -0.6227664127507 bend  10    4    5
  28 k -0.8033526799123 bend   4    6    5      val=   1.05738
        0.2753103882193 bend  10    6    5
        0.5280422916929 bend  10    4    5
  29 k  1.0000000000000 outp  10    4    6    5 val=   0.00025
  30 k  1.0000000000000 bend   5    1    6      val= 125.58164
        24 non zero eigenvalues  of BmBt
           1           7.362362858    0    0
         0.383999681        -0.158005899         0.383852194        -0.383755471
         0.158006302        -0.384096574         0.000000002        -0.000000010
         0.000000005        -0.000000005         0.000000004         0.300206465
         0.000000004         0.000000003        -0.000000006        -0.000000001
         0.300185421         0.000000002        -0.000000005        -0.000000011
         0.000000005        -0.000000006         0.000000003        -0.300116494
         0.000000004         0.000000004        -0.000000006        -0.000000002
        -0.300277079        -0.000000005
           2           7.234929774    0    0
         0.000000001         0.000000000         0.000000001        -0.000000001
         0.000000000        -0.000000001         0.340578711         0.000261713
        -0.231998779        -0.087794552        -0.269296374         0.000000001
        -0.340620442         0.231755350         0.088077010        -0.269189867
         0.000000001         0.340527610         0.000103978         0.000244694
        -0.231972273        -0.087815926        -0.269281817        -0.000000001
        -0.340671964         0.231782681         0.088055713        -0.269205566
        -0.000000001         0.000103760
           3           6.771951632    0    0
         0.000000008        -0.000000004         0.000000009        -0.000000009
         0.000000004        -0.000000008        -0.148235695         0.454955450
        -0.153218338         0.255704990        -0.096405728         0.000000007
        -0.147992150        -0.153462529         0.255561749         0.096688930
         0.000000007        -0.148277274         0.229706377         0.454956005
        -0.153168684         0.255697131        -0.096374422        -0.000000007
        -0.147951572        -0.153512128         0.255570277         0.096720127
        -0.000000007         0.229741913
           4           5.495528115    0    0
         0.000000000         0.000000000         0.000000000         0.000000000
         0.000000000         0.000000000        -0.284459119         0.475471625
        -0.090052083         0.218029273        -0.019752681         0.000000000
        -0.284493565        -0.090141544         0.217987814         0.019828679
         0.000000000         0.284462979         0.000006378        -0.475471015
         0.090038322        -0.218017677         0.019753331         0.000000000
         0.284489697         0.090154405        -0.217998790        -0.019827580
         0.000000000        -0.000006036
           5           5.069155366    0    0
         0.000000000         0.000000000        -0.000000001         0.000000001
         0.000000000         0.000000000        -0.222440506        -0.000113754
         0.325080785         0.131244269         0.275262635         0.000000000
         0.222126150        -0.324757194        -0.131360160         0.275157765
         0.000000000         0.222420205         0.063845926         0.000185101
        -0.325110324        -0.131220408        -0.275265928         0.000000000
        -0.222145199         0.324727019         0.131383592        -0.275154128
         0.000000000        -0.063812730
           6           4.379672924    0    0
         0.000000001         0.000000000         0.000000000         0.000000000
         0.000000000         0.000000000        -0.323771321        -0.170987105
         0.330697391        -0.089128420         0.114148844         0.000000001
        -0.323983531         0.331077611        -0.088949418        -0.114505353
         0.000000001         0.323795086        -0.000044542         0.170987071
        -0.330733396         0.089104865        -0.114193302         0.000000000
         0.323959241        -0.331041322         0.088973453         0.114461028
         0.000000000         0.000044741
           7           2.834728149    0    0
         0.000000000         0.000000000        -0.000000001         0.000000001
         0.000000000         0.000000000        -0.287992304        -0.001184187
         0.398854987         0.086098764         0.021853373        -0.000000001
        -0.288111908         0.398832410         0.086192077        -0.021871735
        -0.000000001        -0.288064805        -0.009941414        -0.001184416
         0.398804474         0.086185337         0.021807832         0.000000001
        -0.288039291         0.398883609         0.086105050        -0.021917531
         0.000000000        -0.010032935
           8           2.447917696    0    0
         0.000000015         0.000000000        -0.000000015         0.000000015
         0.000000000        -0.000000015         0.236289360        -0.000023597
         0.163374074        -0.322674064         0.115028506         0.000000008
        -0.236274225        -0.163559414         0.322532764         0.115049356
        -0.000000008        -0.236235948         0.316672242         0.000050146
        -0.163509941         0.322637653        -0.115049595         0.000000008
         0.236328320         0.163423776        -0.322569630        -0.115028227
        -0.000000008        -0.316683514
           9           2.232992493    0    0
        -0.433797917         0.000116942         0.433901345        -0.433931063
         0.000127049         0.433767751         0.000000008         0.000000000
         0.000000007        -0.000000011         0.000000004        -0.247990847
        -0.000000008        -0.000000006         0.000000011         0.000000004
         0.249097779        -0.000000008         0.000000011         0.000000000
        -0.000000005         0.000000010        -0.000000004        -0.248246308
         0.000000008         0.000000006        -0.000000010        -0.000000004
         0.248843200        -0.000000012
          10           1.741009975    0    0
        -0.101817458         0.200687654        -0.102520431        -0.101799362
         0.200686595        -0.102539176         0.000000001         0.000000001
         0.000000001         0.000000000         0.000000000         0.468660198
         0.000000000         0.000000000         0.000000001         0.000000000
         0.468193975         0.000000000         0.000000000        -0.000000001
         0.000000000        -0.000000001         0.000000000         0.468650483
        -0.000000001        -0.000000001         0.000000000         0.000000000
         0.468202387         0.000000000
          11           1.558393371    0    0
         0.000000000         0.000000000         0.000000000        -0.000000001
         0.000000000         0.000000001        -0.277238712         0.000022686
        -0.376906431         0.158211051        -0.077807327         0.000000000
         0.277283076         0.376898302        -0.158127180        -0.077803682
         0.000000002        -0.277251170         0.000022796         0.000041187
        -0.376894864         0.158204891        -0.077807966         0.000000001
         0.277270500         0.376909285        -0.158132895        -0.077802939
         0.000000000         0.000023001
          12           0.844252362    0    0
         0.133234867        -0.524175294         0.132841238        -0.133326976
         0.524175215        -0.132749226         0.000000000         0.000000000
        -0.000000001         0.000000000         0.000000000        -0.308364042
         0.000000000         0.000000000         0.000000000         0.000000000
        -0.307819627         0.000000000         0.000000000         0.000000000
        -0.000000001         0.000000000         0.000000000         0.308291723
         0.000000000        -0.000000001         0.000000000         0.000000000
         0.307894057         0.000000000
          13           0.643810815    0    0
        -0.000000003        -0.000000001         0.000000003         0.000000003
        -0.000000002        -0.000000003         0.225294591         0.196489884
         0.355476817         0.219980799        -0.072349557         0.000000003
         0.225190508         0.355401067         0.219955836         0.072409202
        -0.000000004        -0.225280187         0.000028006        -0.196489865
        -0.355472945        -0.219920356         0.072379880        -0.000000004
        -0.225205022        -0.355404796        -0.220016221        -0.072378758
         0.000000002        -0.000028006
          14           0.629666657    0    0
         0.326211866         0.000373954        -0.326353367        -0.326210445
        -0.000372456         0.326355436         0.000000002         0.000000002
         0.000000004         0.000000002         0.000000000        -0.378657578
         0.000000001         0.000000002         0.000000002         0.000000001
         0.379074600        -0.000000001         0.000000000        -0.000000002
        -0.000000003        -0.000000002         0.000000001         0.378677590
        -0.000000003        -0.000000003        -0.000000002         0.000000000
        -0.379054170         0.000000000
          15           0.384731091    0    0
         0.000000000         0.000000000         0.000000000         0.000000000
         0.000000000         0.000000000        -0.176871651         0.000016504
        -0.060161155        -0.463355387        -0.020611723         0.000000000
         0.176759826         0.060108941         0.463353942        -0.020495744
         0.000000000        -0.176899577         0.000021663        -0.000019934
        -0.060193605        -0.463384215        -0.020560754         0.000000000
         0.176731939         0.060076770         0.463324892        -0.020546658
         0.000000000         0.000021796
          16           0.218675440    0    0
         0.000000001         0.000000000        -0.000000001         0.000000001
         0.000000000        -0.000000001         0.008084685         0.000538487
        -0.324703426         0.086322060         0.317772401        -0.000000001
        -0.007664620         0.325004315        -0.086330125         0.317290400
         0.000000001        -0.007650090         0.268424932         0.000545324
         0.324981287        -0.086351134        -0.317290322        -0.000000001
         0.008099821        -0.324727253         0.086301535        -0.317773038
         0.000000001        -0.269191890
          17           0.213338237    0    0
         0.000000000         0.000000000         0.000000000         0.000000000
         0.000000000         0.000000000        -0.205331973        -0.459778759
        -0.134826460        -0.000922929        -0.191265168         0.000000001
        -0.205464697        -0.134034003        -0.001282772         0.192036109
         0.000000000        -0.205395910         0.307914746        -0.459778808
        -0.134080239        -0.001174423        -0.192015126         0.000000000
        -0.205400996        -0.134780039        -0.001031279         0.191286214
        -0.000000001         0.307293973
          18           0.090240558    0    0
         0.248712811        -0.000416065        -0.248376458         0.248756686
        -0.000438484        -0.248332534        -0.000000001         0.000000000
         0.000000001        -0.000000001        -0.000000001        -0.433700665
         0.000000000        -0.000000001         0.000000001        -0.000000002
         0.433998336         0.000000000        -0.000000001         0.000000000
        -0.000000001         0.000000001         0.000000001        -0.433691765
        -0.000000001         0.000000000        -0.000000001         0.000000001
         0.434007376         0.000000001
          19           0.059954328    0    0
         0.199171674        -0.601026309         0.199445513         0.199178866
        -0.601026754         0.199437320         0.000000000        -0.000000001
        -0.000000001         0.000000001         0.000000001         0.172588870
         0.000000000        -0.000000001         0.000000001         0.000000000
         0.171850716         0.000000000         0.000000000         0.000000001
         0.000000001        -0.000000001        -0.000000001         0.172586157
         0.000000000         0.000000001        -0.000000001         0.000000001
         0.171852597         0.000000000
          20           0.045281272    0    0
         0.000000000         0.000000000         0.000000000         0.000000000
         0.000000001         0.000000000         0.302504354         0.010215902
         0.221074039         0.061358158        -0.208539402        -0.000000001
         0.302473306         0.221065909         0.061426616         0.208584536
         0.000000000         0.302464686         0.353040633         0.010215061
         0.221102836         0.061336973        -0.208603639         0.000000000
         0.302512725         0.221036830         0.061449504         0.208519906
         0.000000000         0.352986728
          21           0.033044262    0    0
         0.000000000         0.000000000         0.000000000         0.000000000
         0.000000000         0.000000001        -0.160730403        -0.000213093
         0.224819447         0.050823140        -0.413469254         0.000000000
         0.160864642        -0.224894768        -0.050208906        -0.413649439
         0.000000000        -0.160731040        -0.000075124        -0.000222874
         0.224815200         0.050813998        -0.413452974         0.000000001
         0.160846378        -0.224904808        -0.050237122        -0.413667604
         0.000000000        -0.000070999
          22           0.032748097    0    0
        -0.000000001         0.000000000         0.000000001        -0.000000001
         0.000000000         0.000000001        -0.327659132         0.000170342
        -0.110312126        -0.345523431         0.045857355         0.000000000
         0.327696775         0.110384006         0.345327359         0.046128649
         0.000000000         0.327674783        -0.134272607        -0.000281463
         0.110298524         0.345640499        -0.045866842         0.000000000
        -0.327689900        -0.110385275        -0.345207666        -0.046096385
         0.000000000         0.134302155
          23           0.029952184    0    0
        -0.000000001         0.000000002        -0.000000001        -0.000000001
         0.000000002        -0.000000001        -0.019128145        -0.379951604
        -0.077882534         0.373405420         0.178413203        -0.000000001
        -0.018808495        -0.077800086         0.373804799        -0.178367594
        -0.000000001         0.019128885        -0.000053806         0.379945860
         0.077892011        -0.373415453        -0.178403849        -0.000000001
         0.018813401         0.077790451        -0.373777747         0.178372105
        -0.000000001         0.000052165
          24           0.029711010    0    0
         0.000000000         0.000000001         0.000000000         0.000000000
         0.000000000         0.000000000        -0.106930153         0.285500282
         0.021739635        -0.410927216        -0.147542014         0.000000000
        -0.106613492         0.021473052        -0.411008677         0.146921507
         0.000000000        -0.106837825         0.116602442         0.285507904
         0.021768553        -0.410861518        -0.147528841         0.000000000
        -0.106705004         0.021447158        -0.411089390         0.146942142
         0.000000000         0.116653587
$end
