$energy      SCF               SCFKIN            SCFPOT
     1 -230.7705057348      229.4948799952     -460.2653857300
     2 -230.7815701589      229.6687772995     -460.4503474584
     3 -230.7880143437      229.8635446417     -460.6515589854
     4 -230.7890246546      229.7908510208     -460.5798756754
     5 -230.7894706869      229.7370204810     -460.5264911680
     6 -230.7895167397      229.7270883946     -460.5166051343
     7 -230.7895299697      229.7486747491     -460.5382047187
     8 -230.7895299603      229.7481122037     -460.5376421640
     9 -230.7895300113      229.7481561175     -460.5376861288
$end
