$energy      SCF               SCFKIN            SCFPOT
     1 -568.0568234814      567.1321435746     -1135.188967056
     2 -568.0568291575      567.1374536124     -1135.194282770
     3 -568.0568299279      567.1397116145     -1135.196541542
     4 -568.0568301386      567.1399816095     -1135.196811748
     5 -568.0568303255      567.1401012267     -1135.196931552
     6 -568.0568305048      567.1401358636     -1135.196966368
     7 -568.0568308579      567.1408480472     -1135.197678905
     8 -568.0568308933      567.1411133837     -1135.197944277
$end
