$coord
  -11.89390848755453      5.04298172645722      0.03351379934633  c
  -11.82951549323014      2.78550538995491      0.21337464054148  c
   -9.81732585670521      6.96805070676778      0.27078550765288  c
   -7.64115826781844      5.21932995308091      0.80055513708927  c
   -7.57678462668030      2.96185068520236      0.98038581317544  c
   -9.65323078368644      1.03672220192446      0.74244043460982  c
   -9.59391410826035     -1.15428252273319      0.91567622227888  o
   -9.87637111606753      9.15894557525718      0.09606957848458  o
$redundant
     number_of_atoms             8
     degrees_of_freedom         18
     internal_coordinates       18
     frozen_coordinates          0
# definitions of redundant internals
   1 k  1.0000000000000 stre   6    7           val=   2.19864
   2 k  0.7071067811866 bend   5    7    6      val=   0.00749
       -0.7071067811865 bend   2    7    6
   3 k  1.0000000000000 outp   7    2    5    6 val=   0.00864
   4 k  1.0000000000000 stre   3    8           val=   2.19864
   5 k  0.7071067811866 bend   4    8    3      val=  -0.00748
       -0.7071067811865 bend   1    8    3
   6 k  1.0000000000000 outp   8    1    4    3 val=  -0.00883
   7 k  1.0000000000000 stre   1    2           val=   2.26555
   8 k  1.0000000000000 stre   2    6           val=   2.84154
   9 k  1.0000000000000 stre   6    5           val=   2.84154
  10 k  1.0000000000000 stre   5    4           val=   2.26555
  11 k  1.0000000000000 stre   4    3           val=   2.84155
  12 k  1.0000000000000 stre   3    1           val=   2.84155
  13 k -0.2886751345948 bend   1    6    2      val=   7.77436
       -0.2886751345948 bend   2    5    6
        0.5773502691896 bend   6    4    5
       -0.2886751345948 bend   5    3    4
       -0.2886751345948 bend   4    1    3
        0.5773502691896 bend   3    2    1
  14 k  0.5000000000000 bend   1    6    2      val=  15.70839
       -0.5000000000000 bend   2    5    6
        0.5000000000000 bend   5    3    4
       -0.5000000000000 bend   4    1    3
  15 k -0.4082482904639 bend   1    6    2      val=  -0.00041
        0.4082482904639 bend   2    5    6
       -0.4082482904639 bend   6    4    5
        0.4082482904639 bend   5    3    4
       -0.4082482904639 bend   4    1    3
        0.4082482904639 bend   3    2    1
  16 k -0.2886751345948 tors   2    6    5    4 val=   0.01111
       -0.2886751345948 tors   6    5    4    3
        0.5773502691896 tors   5    4    3    1
       -0.2886751345948 tors   4    3    1    2
       -0.2886751345948 tors   3    1    2    6
        0.5773502691896 tors   1    2    6    5
  17 k  0.5000000000000 tors   2    6    5    4 val=  -0.00648
       -0.5000000000000 tors   6    5    4    3
        0.5000000000000 tors   4    3    1    2
       -0.5000000000000 tors   3    1    2    6
  18 k -0.4082482904639 tors   2    6    5    4 val=  -0.00121
        0.4082482904639 tors   6    5    4    3
       -0.4082482904639 tors   5    4    3    1
        0.4082482904639 tors   4    3    1    2
       -0.4082482904639 tors   3    1    2    6
        0.4082482904639 tors   1    2    6    5
        18 non zero eigenvalues  of BmBt
           1           7.786669381    1    0
         1
           2           3.646645642    2    0
         2
           3           3.594153532    3    0
         3
           4           3.365239053    4    0
         4
           5           3.255779120    5    0
         5
           6           2.798730405    6    0
         6
           7           2.351994726    7    0
         7
           8           2.179312736    8    0
         8
           9           1.999999974    9    0
         9
          10           1.625356713   10    0
        10
          11           0.817601098   11    0
        11
          12           0.724129340   12    0
        12
          13           0.694873851   13    0
        13
          14           0.561854419   14    0
        14
          15           0.539071005   15    0
        15
          16           0.317450519   16    0
        16
          17           0.278746989   17    0
        17
          18           0.139930655   18    0
        18
$end
