$dipgrad          cartesian dipole gradients
  -.42539500292215D+00  0.21195828668835D+00  -.80581458037985D-01
  0.97712078414393D-01  -.46267513133970D+00  0.47023989419014D-01
  -.72049445848170D-01  0.67810781905308D-01  -.90229299796464D-01
  -.40237256607995D+00  -.21760643081434D+00  -.44518327910866D-01
  -.10298706961488D+00  -.48635156549950D+00  0.11982091728031D-01
  -.53052757039288D-01  -.88541449943273D-02  -.80191823908934D-01
  0.13079439869503D+01  -.18588038286448D-01  0.14814093625902D+00
  -.18793804319756D-01  0.23812293538178D+01  -.14320814868646D+00
  0.14819319905718D+00  -.14332387472355D+00  0.54575486672012D+00
  -.40230393193799D+00  -.21758502073614D+00  -.44611774576851D-01
  -.10312669476079D+00  -.48632455669341D+00  0.12027740704900D-01
  -.53137245471407D-01  -.91669303146894D-02  -.80209163646095D-01
  -.42539129904841D+00  0.21191074562040D+00  -.80633716006224D-01
  0.97586801832092D-01  -.46260328443257D+00  0.46971380636135D-01
  -.72142757747282D-01  0.68099468162196D-01  -.90275785152211D-01
  0.13077966892601D+01  -.18686432252756D-01  0.14814448643784D+00
  -.18907302158345D-01  0.23813504538087D+01  -.14265212281696D+00
  0.14812344734521D+00  -.14243287571966D+00  0.54565013932043D+00
  -.48032089537760D+00  0.24423541218695D-01  -.22961518164584D-01
  0.24280284006286D-01  -.14323483024882D+01  0.83768347846183D-01
  -.23002410739214D-01  0.83667293463315D-01  -.37521200845534D+00
  -.47995698084412D+00  0.24173348561188D-01  -.22978628000340D-01
  0.24235706600944D-01  -.14322769671736D+01  0.84086721169187D-01
  -.22932029557166D-01  0.84200282221409D-01  -.37528692508205D+00
$end
