$grad          cartesian gradients
  cycle =      1    SCF energy =     -376.2636652347   |dE/dxyz| =  0.542668
  -12.14804770037303      5.16596320415071     -0.02239325457682      c
  -12.07873254612175      2.64013636871466      0.17837124890343      c
   -9.80835888821261      6.66542308951877      0.29494845353159      c
   -7.39190940086990      5.36466790615511      0.83531563886833      c
   -7.32259424661863      2.83884107071906      1.03608014234857      c
   -9.66218857247281      1.33936228808976      0.71826600270901      c
   -9.59907171991031     -0.95710848760046      0.90028442303296      o
   -9.87130566542390      8.96181827616401      0.11192847836158      o
  -.35012586406266D-01  0.23922509744354D+00  -.24220226514759D-01
  -.21682342722097D-01  -.24154753265090D+00  0.13985168620178D-01
  0.42638699628677D-02  -.15553790433226D+00  0.12402704973881D-01
  0.21812166461228D-01  0.24159944853554D+00  -.13972264249490D-01
  0.34879226604282D-01  -.23918554932540D+00  0.24185120794640D-01
  -.42639769058665D-02  0.15545111203631D+00  -.12349647262752D-01
  0.19028335782554D-02  -.69340581940257D-01  0.55090738331863D-02
  -.18991905713284D-02  0.69335910229301D-01  -.55399301952848D-02
  cycle =      2    SCF energy =     -376.3097287771   |dE/dxyz| =  0.432535
  -12.11178220088483      5.12552834645284     -0.01274385200124      c
  -12.04462241359575      2.68362910746087      0.18140357909665      c
   -9.80881280887009      6.68014896318982      0.29374211772986      c
   -7.42605822858393      5.32115309946960      0.83227689828568      c
   -7.35881976259048      2.87925727524009      1.02643871143472      c
   -9.66173397851500      1.32465533779727      0.71945869727393      c
   -9.59939502767411     -0.94566271537801      0.89936214886558      o
   -9.87098431928874      8.95039430167916      0.11286283249346      o
  -.30487269949205D-01  0.18803116401657D+00  -.19593470679301D-01
  -.20073372460434D-01  -.19013865943337D+00  0.10469341300009D-01
  0.36287389953991D-02  -.13229175019271D+00  0.10527349397761D-01
  0.20105583213982D-01  0.19014848410879D+00  -.10469710002877D-01
  0.30453474620234D-01  -.18802524848493D+00  0.19580776967655D-01
  -.36293879008713D-02  0.13227121059609D+00  -.10491149412237D-01
  0.13946513827061D-02  -.50680997083341D-01  0.40157604568871D-02
  -.13924178956853D-02  0.50685796471028D-01  -.40388980280933D-02
  cycle =      3    SCF energy =     -376.3685484558   |dE/dxyz| =  0.173614
  -12.01903466173829      5.05906853850105      0.00926776481831      c
  -11.95517517657385      2.75805565029547      0.19221119250866      c
   -9.81103565322765      6.75575780068868      0.28778084763374      c
   -7.51545153574583      5.24676782504182      0.82146510233369      c
   -7.45161937445778      2.94575399713618      1.00440411333292      c
   -9.65950768397823      1.24901120326922      0.72539698095426      c
   -9.59858128024126     -0.97748234968675      0.90197899547868      o
   -9.87180337404003      8.98217105066597      0.11029613611839      o
  -.17961926969244D-01  0.62142900915379D-01  -.79246042760514D-02
  -.14521138992664D-01  -.63491162278916D-01  0.20651711775605D-02
  0.21526801259734D-02  -.78577268050202D-01  0.62608847615218D-02
  0.14520932071890D-01  0.63494895694903D-01  -.20663301585767D-02
  0.17960125462380D-01  -.62139930831206D-01  0.79231557628315D-02
  -.21517181999155D-02  0.78589984901610D-01  -.62512083000342D-02
  0.52401868469447D-03  -.18870361670824D-01  0.15017446051170D-02
  -.52297218702334D-03  0.18850941322403D-01  -.15088135717292D-02
  cycle =      4    SCF energy =     -376.3886184198   |dE/dxyz| =  0.029680
  -11.89006977647658      5.03812496401565      0.03441658048607      c
  -11.82610884436859      2.79065189831896      0.21343816504130      c
   -9.81589484242604      6.91942984186931      0.27465224324452      c
   -7.64447391248336      5.21416111350419      0.80015428618097      c
   -7.58059455793468      2.96668483056344      0.97916314452764      c
   -9.65464902713363      1.08533144535441      0.73851528663138      c
   -9.59507757076302     -1.11088479993819      0.91261316406748      o
   -9.87534020841703      9.11560442222387      0.09984826299929      o
  0.52625463997643D-02  -.49790158815916D-02  0.13369091698236D-02
  0.50086056320549D-02  0.54451057434833D-02  0.51680712226016D-03
  0.52258911830577D-03  -.18137570692640D-01  0.14457598350724D-02
  -.50031054080249D-02  -.54457385160741D-02  -.51157962805995D-03
  -.52702536730624D-02  0.49776044018778D-02  -.13339990705054D-02
  -.52007849838458D-03  0.18128794830634D-01  -.14510966790942D-02
  0.21406008925657D-04  -.23583133025362D-04  0.58791962366453D-05
  -.21709579851099D-04  0.34403248494908D-04  -.86799453372088D-05
  cycle =      5    SCF energy =     -376.3895295206   |dE/dxyz| =  0.010769
  -11.88734771977420      5.04369603786796      0.03410702134074      c
  -11.82281791935497      2.78532575352174      0.21405931975252      c
   -9.81719874155301      6.96362128543273      0.27117632465685      c
   -7.64764275847917      5.21942668077493      0.79873912980431      c
   -7.58316553628173      2.96106190219864      0.97877861687867      c
   -9.65337673856325      1.04115846815488      0.74215685736747      c
   -9.59413001948996     -1.15253647715004      0.91654181419343      o
   -9.87652930650665      9.15735006511079      0.09724204918466      o
  0.25566360107811D-02  0.28569193300434D-02  0.25004614549632D-03
  0.27553996163948D-02  -.26278497599916D-02  0.69221327893095D-03
  0.15380728929965D-03  -.48723684139081D-02  0.40823950348423D-03
  -.27506318335168D-02  0.26268360652041D-02  -.70950736084572D-03
  -.25564249583488D-02  -.28578031613066D-02  -.26202905186899D-03
  -.15970429649362D-03  0.48749904346465D-02  -.37319971993224D-03
  0.65130998817295D-04  -.20690123651483D-02  0.16238487895620D-03
  -.64212815935312D-04  0.20682878736277D-02  -.16814767454491D-03
  cycle =      6    SCF energy =     -376.3894318411   |dE/dxyz| =  0.027277
  -11.89012457475029      5.03775456099627      0.03495168391045      c
  -11.82592866918306      2.79113262281541      0.21393067624954      c
   -9.81726520534978      6.96681462471741      0.27073546684877      c
   -7.64486149993494      5.21376914461135      0.80075597868795      c
   -7.58068995321589      2.96712644587224      0.97948220455870      c
   -9.65321697403241      1.03791936625316      0.74208760020086      c
   -9.59393583076222     -1.15115612881611      0.91504269424426      o
   -9.87618603277435      9.15574307946191      0.09581482847813      o
  0.10108697145712D-02  -.13349864587178D-01  0.11987418827790D-02
  0.28613118048677D-03  0.13415597113276D-01  -.91857725201247D-03
  -.42410104489125D-04  0.23834366643108D-02  -.23362193474836D-03
  -.29128336957993D-03  -.13409837146702D-01  0.97367871536714D-03
  -.10225424154996D-02  0.13353829210164D-01  -.11634138193837D-02
  0.60934350773187D-04  -.23925018965154D-02  0.13383781796320D-03
  -.57011409319806D-04  0.21619193910310D-02  -.16391368369089D-03
  0.55312057202882D-04  -.21625787519224D-02  0.17326827378956D-03
  cycle =      7    SCF energy =     -376.3895838452   |dE/dxyz| =  0.003080
  -11.89381697218136      5.04231133278553      0.03313877374589      c
  -11.82941315615864      2.78612097595575      0.21287828242274      c
   -9.81729828225476      6.96722339201774      0.27085432902588      c
   -7.64108734132749      5.21864812895079      0.80013966461674      c
   -7.57672802347207      2.96245973846161      0.97991905971649      c
   -9.65325907268190      1.03754787797076      0.74237697565532      c
   -9.59410689878933     -1.15309171430001      0.91645808402114      o
   -9.87649899313740      9.15788398406947      0.09703596397447      o
  0.31943280747217D-04  -.14997396759754D-02  0.11564045497303D-03
  -.31124805005278D-04  0.14990871574423D-02  -.12087965067909D-03
  0.50687989713166D-05  0.22359065952088D-03  -.15183151776539D-04
  0.34586665941916D-04  -.14995754982397D-02  0.11162687176386D-03
  -.33594671408496D-04  0.14997430917010D-02  -.11689794842873D-03
  -.51116266460774D-05  -.22515324795647D-03  0.16576416776326D-04
  -.10034511478085D-04  0.40544718879731D-03  -.27897607058895D-04
  0.82668686864663D-05  -.40339967644110D-03  0.37014614879080D-04
  cycle =      8    SCF energy =     -376.3895858455   |dE/dxyz| =  0.000394
  -11.89434082450338      5.04300850974463      0.03332967303431      c
  -11.82992144995962      2.78543619193313      0.21322630362065      c
   -9.81730079062932      6.96759650517716      0.27076741736077      c
   -7.64072409065581      5.21939025775109      0.80056728175548      c
   -7.57631649719286      2.96180904573458      0.98035599073336      c
   -9.65323334810862      1.03716613984642      0.74233674089495      c
   -9.59397170629229     -1.15384768122846      0.91588587896497      o
   -9.87640003266105      9.15854474695309      0.09633184681418      o
  -.11124974645062D-03  0.14524705007046D-03  -.26310109578889D-04
  -.85986780816814D-04  -.15263822518952D-03  0.47899916991237D-05
  0.13522470690641D-04  -.11158974000092D-03  0.11657589192673D-05
  0.84273249050054D-04  0.15439799241435D-03  0.13381272652459D-04
  0.10789034432443D-03  -.14428566390290D-03  0.35226000220934D-04
  -.98488183794820D-05  0.10928343811448D-03  -.20450873485060D-04
  0.17372021667442D-05  0.33623292053919D-05  -.36788152204571D-05
  -.33792014934343D-06  -.37771857711588D-05  -.41232246832945D-05
  cycle =      9    SCF energy =     -376.3895859949   |dE/dxyz| =  0.000058
  -11.89385249142680      5.04294876688977      0.03320150214477      c
  -11.82944068996818      2.78549640904724      0.21304961209812      c
   -9.81732365644328      6.96804677292011      0.27078130042963      c
   -7.64111452844586      5.21929223208354      0.80024318742411      c
   -7.57672468118523      2.96183648061990      0.98005623116951      c
   -9.65322891256555      1.03672391750897      0.74242289252998      c
   -9.59403524148665     -1.15424354188156      0.91633419480205      o
   -9.87648853848139      9.15900267872367      0.09671221258050      o
  -.22918196548871D-06  -.18972253295502D-04  -.36506948249831D-06
  0.13461919621593D-04  0.19337921332685D-04  -.38830206382703D-05
  0.94382798543971D-05  0.39177530472556D-05  -.13911856426208D-04
  -.10536516480114D-04  -.19633616007819D-04  -.51119047858240D-05
  -.41298531586187D-06  0.18965595161569D-04  -.34998565804703D-05
  -.38764586614767D-05  -.67342411644300D-05  -.15922434257940D-04
  -.30139767952485D-05  0.55192839065743D-06  0.21736827493846D-04
  -.48310824648044D-05  0.25669097847292D-05  0.20957314597891D-04
$end
