$hessian (projected)
 1  1   0.1998200781   0.0916371722   0.0229895590   0.0363482818   0.0116371652
 1  2   0.0080374010  -0.1476781264  -0.0614546292  -0.0097116374  -0.0637177616
 1  3   0.0028429070  -0.0150382648  -0.0254015722  -0.0008552501  -0.0060497911
 1  4  -0.0155021095  -0.0044349473  -0.0020706726   0.0011749850  -0.0017506938
 1  5   0.0006924244   0.0149562247  -0.0376217238   0.0011509814
 2  1   0.0916371722   1.3643353006  -0.0820132830   0.0585058326  -1.1949262229
 2  2   0.0987757656  -0.0811882998  -0.1098476116  -0.0119059715  -0.0096450796
 2  3   0.0198725308  -0.0019713480  -0.0008549453  -0.0035185704   0.0006955709
 2  4  -0.0279141776  -0.0066297231  -0.0048047481   0.0087153364  -0.0059279214
 2  5   0.0018959727  -0.0392558388  -0.0633577820  -0.0006719587
 3  1   0.0229895590  -0.0820132830   0.0475540091   0.0045486046   0.0901796396
 3  2  -0.0180725322  -0.0082397963  -0.0082924850  -0.0706715552  -0.0141169372
 3  3   0.0003194214   0.0145147713  -0.0060494234   0.0006938524   0.0067580324
 3  4  -0.0003216571  -0.0005034557  -0.0024552206  -0.0000851981  -0.0000181034
 3  5  -0.0018996796   0.0012748484  -0.0003655863   0.0242721748
 4  1   0.0363482818   0.0585058326   0.0045486046   0.2130651694  -0.1510271442
 4  2   0.0434798299  -0.0172483054   0.0035249066  -0.0029843776  -0.0254271812
 4  3  -0.0013131644  -0.0060195684  -0.0637198867  -0.0096438581  -0.0141085888
 4  4  -0.1551816332   0.0564211038  -0.0198612995   0.0106095949   0.0412421689
 4  5  -0.0055164384   0.0015539605   0.0022901548   0.0004618381
 5  1   0.0116371652  -1.1949262229   0.0901796396  -0.1510271442   1.3454123409
 5  2  -0.1250571081   0.0270491845  -0.0044706613   0.0051088535  -0.0013135591
 5  3  -0.0038736777   0.0006362904   0.0028428578   0.0198712857   0.0003148584
 5  4   0.0761482866  -0.0987809552   0.0161241345   0.0429299492  -0.0567694044
 5  5   0.0138652193  -0.0082667401  -0.0064627052  -0.0011718877
 6  1   0.0080374010   0.0987757656  -0.0180725322   0.0434798299  -0.1250571081
 6  2   0.0545266526  -0.0047338510   0.0007994720  -0.0033573389  -0.0060192487
 6  3   0.0006374374   0.0067638294  -0.0150463313  -0.0019756811   0.0145155758
 6  4  -0.0213267077   0.0125122440  -0.0746311603  -0.0056401006   0.0135492508
 6  5   0.0219721093   0.0012490084   0.0007586194  -0.0017171357
 7  1  -0.1476781264  -0.0811882998  -0.0082397963  -0.0172483054   0.0270491845
 7  2  -0.0047338510   0.4063578264  -0.0201979511   0.0402654526  -0.1551770365
 7  3   0.0761454968  -0.0213397075  -0.0155044517  -0.0279134694  -0.0003185523
 7  4   0.0588798010   0.0029077264   0.0062638023  -0.0154694000  -0.0008180863
 7  5  -0.0023129849  -0.1141603075   0.0240153987  -0.0095843629
 8  1  -0.0614546292  -0.1098476116  -0.0082924850   0.0035249066  -0.0044706613
 8  2   0.0007994720  -0.0201979511   1.2684914547  -0.0839263127   0.0564209134
 8  3  -0.0987759558   0.0125070042  -0.0044358214  -0.0066325219  -0.0005008440
 8  4   0.0029091148  -0.0298617028   0.0045069078  -0.0008290562   0.0081919561
 8  5  -0.0009501404   0.0240625230  -1.0270949575   0.0758563982
 9  1  -0.0097116374  -0.0119059715  -0.0706715552  -0.0029843776   0.0051088535
 9  2  -0.0033573389   0.0402654526  -0.0839263127   0.2087707993  -0.0198690627
 9  3   0.0161339430  -0.0746355292  -0.0020640800  -0.0048156550  -0.0024528180
 9  4   0.0062636408   0.0045146049   0.0243677881  -0.0023121324  -0.0009501595
 9  5  -0.0028825331  -0.0095878033   0.0758406972  -0.0791388130
10  1  -0.0637177616  -0.0096450796  -0.0141169372  -0.0254271812  -0.0013135591
10  2  -0.0060192487  -0.1551770365   0.0564209134  -0.0198690627   0.2130516089
10  3  -0.1510100100   0.0435074831   0.0363469121   0.0585033334   0.0045532506
10  4  -0.0172500421   0.0035249455  -0.0029779524   0.0015546713   0.0022896082
10  5   0.0004609694   0.0106188291   0.0412298481  -0.0055385022
11  1   0.0028429070   0.0198725308   0.0003194214  -0.0013131644  -0.0038736777
11  2   0.0006374374   0.0761454968  -0.0987759558   0.0161339430  -0.1510100100
11  3   1.3453971344  -0.1251070591   0.0116349215  -1.1949279293   0.0901700030
11  4   0.0270462094  -0.0044679656   0.0051143704  -0.0082652881  -0.0064627835
11  5  -0.0011792693   0.0429189278  -0.0567613534   0.0139111532
12  1  -0.0150382648  -0.0019713480   0.0145147713  -0.0060195684   0.0006362904
12  2   0.0067638294  -0.0213397075   0.0125070042  -0.0746355292   0.0435074831
12  3  -0.1251070591   0.0545450149   0.0080418452   0.0987692683  -0.0180696739
12  4  -0.0047295011   0.0007958339  -0.0033554123   0.0012447269   0.0007622757
12  5  -0.0017177447  -0.0056670135   0.0136077345   0.0219547444
13  1  -0.0254015722  -0.0008549453  -0.0060494234  -0.0637198867   0.0028428578
13  2  -0.0150463313  -0.0155044517  -0.0044358214  -0.0020640800   0.0363469121
13  3   0.0116349215   0.0080418452   0.1998127601   0.0916315999   0.0230150489
13  4  -0.1476748367  -0.0614564989  -0.0097183400   0.0149649968  -0.0376120905
13  5   0.0011301504   0.0011760784  -0.0017500231   0.0006911302
14  1  -0.0008552501  -0.0035185704   0.0006938524  -0.0096438581   0.0198712857
14  2  -0.0019756811  -0.0279134694  -0.0066325219  -0.0048156550   0.0585033334
14  3  -1.1949279293   0.0987692683   0.0916315999   1.3643540364  -0.0819444193
14  4  -0.0811876371  -0.1098522795  -0.0119114050  -0.0392489085  -0.0633661089
14  5  -0.0007199076   0.0087141898  -0.0059279122   0.0019039473
15  1  -0.0060497911   0.0006955709   0.0067580324  -0.0141085888   0.0003148584
15  2   0.0145155758  -0.0003185523  -0.0005008440  -0.0024528180   0.0045532506
15  3   0.0901700030  -0.0180696739   0.0230150489  -0.0819444193   0.0475533331
15  4  -0.0082532171  -0.0082868409  -0.0706753735   0.0012503661  -0.0004259750
15  5   0.0242718398  -0.0000885164  -0.0000223531  -0.0019009157
16  1  -0.0155021095  -0.0279141776  -0.0003216571  -0.1551816332   0.0761482866
16  2  -0.0213267077   0.0588798010   0.0029091148   0.0062636408  -0.0172500421
16  3   0.0270462094  -0.0047295011  -0.1476748367  -0.0811876371  -0.0082532171
16  4   0.4063643282  -0.0203072298   0.0402568242  -0.1141660553   0.0241240789
16  5  -0.0095762935  -0.0154694522  -0.0008186452  -0.0023130884
17  1  -0.0044349473  -0.0066297231  -0.0005034557   0.0564211038  -0.0987809552
17  2   0.0125122440   0.0029077264  -0.0298617028   0.0045146049   0.0035249455
17  3  -0.0044679656   0.0007958339  -0.0614564989  -0.1098522795  -0.0082868409
17  4  -0.0203072298   1.2685841050  -0.0833416000   0.0241738506  -1.0271840038
17  5   0.0752592875  -0.0008289503   0.0081925250  -0.0009500737
18  1  -0.0020706726  -0.0048047481  -0.0024552206  -0.0198612995   0.0161241345
18  2  -0.0746311603   0.0062638023   0.0045069078   0.0243677881  -0.0029779524
18  3   0.0051143704  -0.0033554123  -0.0097183400  -0.0119114050  -0.0706753735
18  4   0.0402568242  -0.0833416000   0.2086769211  -0.0095800512   0.0752590565
18  5  -0.0790447164  -0.0023123108  -0.0009467160  -0.0028828261
19  1   0.0011749850   0.0087153364  -0.0000851981   0.0106095949   0.0429299492
19  2  -0.0056401006  -0.0154694000  -0.0008290562  -0.0023121324   0.0015546713
19  3  -0.0082652881   0.0012447269   0.0149649968  -0.0392489085   0.0012503661
19  4  -0.1141660553   0.0241738506  -0.0095800512   0.0972071800  -0.0277857495
19  5   0.0145304230   0.0041240275   0.0003098661   0.0005919662
20  1  -0.0017506938  -0.0059279214  -0.0000181034   0.0412421689  -0.0567694044
20  2   0.0135492508  -0.0008180863   0.0081919561  -0.0009501595   0.0022896082
20  3  -0.0064627835   0.0007622757  -0.0376120905  -0.0633661089  -0.0004259750
20  4   0.0241240789  -1.0271840038   0.0752590565  -0.0277857495   1.1572527618
20  5  -0.0887149626   0.0003107641  -0.0057344960   0.0005386174
21  1   0.0006924244   0.0018959727  -0.0018996796  -0.0055164384   0.0138652193
21  2   0.0219721093  -0.0023129849  -0.0009501404  -0.0028825331   0.0004609694
21  3  -0.0011792693  -0.0017177447   0.0011301504  -0.0007199076   0.0242718398
21  4  -0.0095762935   0.0752592875  -0.0790447164   0.0145304230  -0.0887149626
21  5   0.0384612004   0.0005917496   0.0005438004   0.0008395243
22  1   0.0149562247  -0.0392558388   0.0012748484   0.0015539605  -0.0082667401
22  2   0.0012490084  -0.1141603075   0.0240625230  -0.0095878033   0.0106188291
22  3   0.0429189278  -0.0056670135   0.0011760784   0.0087141898  -0.0000885164
22  4  -0.0154694522  -0.0008289503  -0.0023123108   0.0041240275   0.0003107641
22  5   0.0005917496   0.0972006396  -0.0276548755   0.0145400376
23  1  -0.0376217238  -0.0633577820  -0.0003655863   0.0022901548  -0.0064627052
23  2   0.0007586194   0.0240153987  -1.0270949575   0.0758406972   0.0412298481
23  3  -0.0567613534   0.0136077345  -0.0017500231  -0.0059279122  -0.0000223531
23  4  -0.0008186452   0.0081925250  -0.0009467160   0.0003098661  -0.0057344960
23  5   0.0005438004  -0.0276548755   1.1571466812  -0.0894161960
24  1   0.0011509814  -0.0006719587   0.0242721748   0.0004618381  -0.0011718877
24  2  -0.0017171357  -0.0095843629   0.0758563982  -0.0791388130  -0.0055385022
24  3   0.0139111532   0.0219547444   0.0006911302   0.0019039473  -0.0019009157
24  4  -0.0023130884  -0.0009500737  -0.0028828261   0.0005919662   0.0005386174
24  5   0.0008395243   0.0145400376  -0.0894161960   0.0385732470
$end
