$vibrational normal modes
 1  1  -0.0835974432   0.1266240253   0.3374151970   0.0651685928   0.0154920414
 1  2   0.0697135271   0.4112881446   0.0782744620   0.0596287819  -0.0898871213
 1  3   0.3115970039  -0.4168665356  -0.1850593351   0.0868352933  -0.0429440359
 1  4  -0.0372466057  -0.4646602853   0.2759022532  -0.2394249578   0.2208329740
 1  5  -0.0120518720  -0.0061562514   0.0188069364  -0.0211013587
 2  1   0.0394316760  -0.1295071951   0.0623365316   0.0540110914   0.3749993370
 2  2   0.1204365763  -0.2036252576  -0.0318478505  -0.0241975224   0.0365807612
 2  3  -0.0085838061   0.1908942234  -0.0250148327   0.3956425351   0.0173949781
 2  4   0.0150807344   0.0238264213   0.3219474054  -0.1444636730  -0.0391433689
 2  5  -0.0221224018   0.0613152279   0.4967329364  -0.4940194850
 3  1   0.4524466598  -0.0318074637  -0.0980864730  -0.0286021601  -0.1176908938
 3  2   0.4188399666   0.0907749956  -0.4252847957  -0.3249568595   0.4904558395
 3  3   0.0575992498  -0.0907806050  -0.0322126289  -0.0136387509   0.2338086073
 3  4   0.2025709257  -0.0870100707   0.0266093353  -0.0331394366   0.0434186276
 3  5  -0.0005639503  -0.0056925095  -0.0335347367   0.0329107515
 4  1  -0.1831692379   0.0548591288   0.2564783114   0.1061551600  -0.1401634842
 4  2   0.1273965522  -0.3991256091  -0.0783363428   0.0596278838   0.0899200104
 4  3   0.3120922376   0.4045816955  -0.1867835840  -0.1089164393   0.0429582342
 4  4  -0.0372427985  -0.4622140457  -0.2928234642   0.2462951830   0.2177030489
 4  5   0.0130902043  -0.0026250835   0.0465334435  -0.0485661168
 5  1   0.0424340636  -0.1377631792   0.0644755422   0.0666712120   0.3667636716
 5  2   0.1102016019  -0.2377813593   0.0314907872  -0.0242059026  -0.0364483989
 5  3   0.0349678966   0.2254253106   0.0080861448   0.3871093439  -0.0174164822
 5  4   0.0150740643  -0.0624205606   0.2975743206  -0.1239289953   0.0576857710
 5  5  -0.0202900039  -0.0617904649  -0.4942843836   0.4914625041
 6  1   0.5257786029  -0.1097373344  -0.0422625696   0.1156242019  -0.1653315815
 6  2   0.2697269356  -0.0556758336   0.4257565584  -0.3250703611  -0.4905314797
 6  3   0.0544864429   0.0575268850  -0.0349885277  -0.0486848867  -0.2338597799
 6  4   0.2025981088  -0.0801427883  -0.0758330474   0.0543798625   0.0356353534
 6  5   0.0039120773   0.0041182985   0.0453244199  -0.0454884584
 7  1   0.0596358785   0.2080003917   0.3698628181   0.0691929382   0.1425865565
 7  2   0.0674822706   0.2263464033   0.0446730435   0.0073121802   0.0000293459
 7  3   0.0827428153   0.0044977319   0.0123129518   0.1939981339   0.1071361514
 7  4   0.1123251693  -0.0044454502   0.0067621720   0.5688372878  -0.6057639595
 7  5  -0.0154948530  -0.0154353245  -0.0555384177  -0.0024292052
 8  1  -0.0681445284  -0.2119088286   0.0086078153   0.0910404086   0.2291007885
 8  2   0.1387506475   0.0099130703  -0.0180838427  -0.0029025384   0.0000104032
 8  3   0.0031739624  -0.1726841670  -0.4433171267   0.0076049613  -0.0436032129
 8  4  -0.0457334177   0.1455471363  -0.2332296074   0.0236700352  -0.0251616246
 8  5   0.5777443702   0.5734553158  -0.0018029946   0.0901436919
 9  1   0.0716839704  -0.0754532938   0.0538546027  -0.3642548024  -0.0462853833
 9  2   0.2897792278   0.0408933091  -0.2429386260  -0.0398462660  -0.0000153460
 9  3   0.0149444047   0.0136877387   0.0352879230   0.0350196167  -0.5839860958
 9  4  -0.6122621486  -0.0115534656   0.0185347402   0.1025915718  -0.1092537067
 9  5  -0.0460275941  -0.0456997854  -0.0100553294  -0.0071760175
10  1   0.0407965918   0.1725768203   0.2706139618   0.1398978312   0.0163721151
10  2   0.1590989777   0.3991081895   0.0782678958   0.0595869598   0.0900383211
10  3   0.3120317949   0.4046617562   0.1867395244   0.1088781976  -0.0428546398
10  4  -0.0370889448   0.4622221701  -0.2927898094  -0.2462874476   0.2176979854
10  5   0.0130906342   0.0026242012   0.0465292755   0.0485623630
11  1  -0.1705506023  -0.3075523873  -0.0414965731   0.1486057924   0.0701571043
11  2   0.1403381229   0.2377853596  -0.0316941869  -0.0241809935  -0.0365890852
11  3   0.0350004598   0.2254071361  -0.0081545170  -0.3870953583   0.0174018444
11  4   0.0150924740   0.0624066274   0.2975743654   0.1239258654   0.0576895705
11  5  -0.0202922354   0.0617929024  -0.4942782373  -0.4914634413
12  1  -0.1889617402  -0.2456522688   0.2961553189  -0.4646756498  -0.0524849506
12  2  -0.0813202965   0.0557465392  -0.4259249071  -0.3248244345  -0.4904963866
12  3   0.0548422904   0.0573206062   0.0347256213   0.0489081549   0.2338811492
12  4   0.2026235795   0.0801567673  -0.0758983619  -0.0544346538   0.0356490485
12  5   0.0039122295  -0.0041165107   0.0453346497   0.0454973618
13  1  -0.0587798707   0.1008102604   0.1896798170   0.1808814187  -0.1392831738
13  2   0.2167784237  -0.4112825973  -0.0781236209   0.0596407293  -0.0899976950
13  3   0.3115305524  -0.4168679885   0.1851923914  -0.0867921526   0.0428393499
13  4  -0.0370874893   0.4646502085   0.2759118096   0.2394126694   0.2208339888
13  5  -0.0120515531   0.0061566188   0.0188058094   0.0211008575
14  1  -0.1675482392  -0.3158066796  -0.0393576783   0.1612637024   0.0619234002
14  2   0.1301047284   0.2036231277   0.0316464437  -0.0242087222   0.0364233601
14  3  -0.0085525949   0.1909149072   0.0249558506  -0.3956576010  -0.0174175753
14  4   0.0150818530  -0.0238422571   0.3219471509   0.1444673079  -0.0391392277
14  5  -0.0221199161  -0.0613134730   0.4967326313   0.4940261762
15  1  -0.1156268000  -0.3235812367   0.3519774752  -0.3204471613  -0.1001259809
15  2  -0.2304311848  -0.0908218168   0.4251564005  -0.3252087467   0.4904501616
15  3   0.0579365131  -0.0905562349   0.0320057596   0.0134222364  -0.2338248802
15  4   0.2026014311   0.0870114104   0.0266792032   0.0331899583   0.0434304167
15  5  -0.0005638723   0.0056929625  -0.0335172650  -0.0328963488
16  1  -0.2021171026   0.0193969595   0.1572935736   0.1767904672  -0.2663719950
16  2   0.2189296518  -0.2263471678  -0.0446675061   0.0073311216  -0.0000164166
16  3   0.0827423459   0.0044970972  -0.0123268737  -0.1939991302  -0.1071260217
16  4   0.1123152159   0.0044112989   0.0067394545  -0.5688311957  -0.6057701644
16  5  -0.0155540284   0.0154975884  -0.0555381749   0.0024355624
17  1  -0.0600044301  -0.2333876832   0.0143523031   0.1241908213   0.2078271899
17  2   0.1118350254  -0.0099130574   0.0180620279  -0.0030400970  -0.0000021936
17  3   0.0031743683  -0.1725983651   0.4433601466  -0.0076045080   0.0433503546
17  4  -0.0454345852  -0.1455209435  -0.2332261215  -0.0236698685  -0.0251617779
17  5   0.5777257434  -0.5735229567  -0.0018025476  -0.0901547654
18  1   0.2651177005  -0.2799444226   0.2000504885   0.0151958356  -0.1715308009
18  2  -0.1013905772  -0.0408924884   0.2429202874  -0.0399781123  -0.0000227869
18  3   0.0149385701   0.0136719661  -0.0352213103  -0.0350239217   0.5840034391
18  4  -0.6122891430   0.0117399592   0.0186620994  -0.1025861439  -0.1092523717
18  5  -0.0456953180   0.0453697474  -0.0100529705   0.0071423116
19  1  -0.2989554186  -0.0503234628   0.0788643033   0.2164375807  -0.4174250366
19  2   0.2747544375   0.0942876713   0.0449111076  -0.0950177977   0.0000426746
19  3  -0.5302893104   0.0058305667  -0.0134253409   0.3582286269   0.0321523964
19  4  -0.0285166439   0.0045775039   0.0076396186   0.0827077839   0.1255462157
19  5   0.0108975747  -0.0108442383  -0.0073568056  -0.0004227478
20  1  -0.0569611772  -0.2412424596   0.0164893147   0.1363570112   0.2000782429
20  2   0.1019338464   0.0033505409  -0.0180717784   0.0383225075   0.0000071161
20  3  -0.0222134371  -0.1828963987   0.4778830774   0.0153209626  -0.0129456000
20  4   0.0114864029  -0.1744809383  -0.2900128795   0.0031504995   0.0049661584
20  5  -0.4018746241   0.4000232775  -0.0004869757   0.0162411932
21  1   0.3367651852  -0.3554153666   0.2539329236   0.1554927390  -0.2178146284
21  2  -0.2457306757   0.0171473848  -0.2446379223   0.5180472450   0.0000740112
21  3  -0.0956202871   0.0146035158  -0.0378877593   0.0645745886  -0.1752967054
21  4   0.1554667088   0.0137521025   0.0228787044   0.0149377762   0.0226612297
21  5   0.0317879707  -0.0316426930  -0.0013133930  -0.0012826141
22  1   0.1562470595   0.2776404140   0.4484275362   0.0293992694   0.2936535237
22  2   0.0114813187  -0.0942781845  -0.0449771200  -0.0950114691  -0.0001075707
22  3  -0.5302875246   0.0058028510   0.0133689804  -0.3582315567  -0.0321591817
22  4  -0.0285193500  -0.0045504000   0.0075982858  -0.0827089394   0.1255458764
22  5   0.0108520314   0.0107978817  -0.0073565582   0.0004211696
23  1  -0.0712573657  -0.2040148827   0.0064304480   0.0787782129   0.2368631792
23  2   0.1487488550  -0.0033519547   0.0183920537   0.0388038107   0.0000117672
23  3  -0.0222146848  -0.1829762337  -0.4778197655  -0.0153204920   0.0131633803
23  4   0.0116651139   0.1744836231  -0.2899879024  -0.0031510039   0.0049664275
23  5  -0.4018857902  -0.3999756452  -0.0004870183  -0.0162371996
24  1   0.0000000000   0.0000000000   0.0000000000  -0.5045714543   0.0000000000
24  2   0.4340798209  -0.0171659315   0.2448744627   0.5178667941   0.0000461034
24  3  -0.0956250149   0.0147720873   0.0381904239  -0.0645764269   0.1752798594
24  4   0.1554515013  -0.0139036080   0.0231002240  -0.0149386457   0.0226620163
24  5   0.0320434967   0.0318887786  -0.0013132197   0.0012904216
$end
