$coord
   -3.78360775699959     10.70841087493225     -7.09393738553891       c
   -5.01948486305260      9.75766131574115     -4.76159960800329       c
   -6.85437491499398      7.72637391739354     -4.93100977562374       c
   -6.32712053923602      5.83768714213632     -6.90250812911432       o
   -5.55869364627494      6.75924799160644     -9.09990623326879       c
   -4.87431610215885      9.45585882555554     -9.45824743937707       c
   -1.75447086698181     10.28431853804373     -7.02891946849504       h
   -3.92208877713829     12.77889308283072     -7.25843993441371       h
   -4.38103333294328     10.40229791945637     -2.94891005857402       h
   -8.72405671461584      8.39314299348037     -5.53399681555221       h
   -7.07062572406553      6.68206590749835     -3.16457505254693       h
   -6.24948681058414      5.71657837426130    -10.72288806677300       h
   -6.61558723216014     10.47349902038002     -9.97550894338801       h
   -3.58552855434244      9.64964646018367    -11.05955600395796       h
$end
