 C        -1.74252          5.5031        -3.87276
 C        -2.41446         5.11298        -2.64398
 C        -3.28085         3.89895        -2.65017
 O        -3.11919         2.99204        -3.71012
 C        -2.75118          3.4908        -4.90062
 C        -2.59739         4.90526        -5.12155
 H       -0.751485         5.06625        -4.00528
 H        -1.64607         6.58981          -3.962
 H        -2.77281         5.89401        -1.98751
 H        -4.32382         4.25423        -2.68881
 H        -3.18273         3.29514         -1.7412
 H        -2.40939         2.73572        -5.58772
 H        -3.53442         5.46329        -5.07993
 H        -2.09994         5.10725        -6.06949
