 C         -2.0747         5.64964        -3.70098
 C        -2.74305         5.15871        -2.44604
 C        -3.76026         4.24636        -2.47024
 O        -3.39093         2.98819        -3.86744
 C        -3.03275         3.56969        -4.88966
 C        -2.63898         5.01267        -4.97998
 H        -1.00872         5.39718        -3.66406
 H        -2.13078         6.74532         -3.7674
 H        -2.33477         5.49697         -1.5059
 H        -4.71684         4.48461        -2.92559
 H        -3.93227         3.73125        -1.52903
 H        -3.37856          3.1426        -5.84891
 H        -3.55429         5.55782        -5.24541
 H        -1.94356         5.14095        -5.81587
