 C        -1.11303         5.79869        -3.35769
 C        -2.16844         5.34879        -2.70693
 C        -2.72148         3.95407        -2.77563
 O        -2.08021         3.08654        -3.68294
 C        -2.21352         3.33395        -5.00746
 C         -2.8869         4.29397        -5.62036
 H       -0.488849         5.15995        -3.96251
 H       -0.810354         6.82682        -3.27728
 H        -2.76291         6.01231        -2.09191
 H        -3.79772         4.00555        -3.00058
 H        -2.60686         3.47244        -1.79724
 H        -1.64711         2.59754        -5.56188
 H        -3.46782         5.03903        -5.10989
 H        -2.88087          4.3372        -6.69376
