 C        -2.00227         5.66638        -3.75456
 C        -2.65904         5.16089        -2.51918
 C        -3.62867         4.08585        -2.61108
 O        -3.34869         3.09022        -3.65541
 C        -2.94226         3.57893        -4.81423
 C        -2.57876          5.0028        -5.00427
 H        -0.92805         5.44256        -3.71919
 H        -2.07449         6.76242        -3.83903
 H        -2.31577         5.50715        -1.56275
 H        -4.61589         4.44055        -2.93014
 H        -3.73959           3.539         -1.6744
 H        -3.30853         3.02569        -5.67262
 H        -3.50234         5.53874         -5.2787
 H        -1.89602          5.1079        -5.85042
