           1           2   1.05739057301877     
           2           3   1.13054340240460     
           2           4  0.165770122745339     
           3           4  0.866385470980135     
           2           5  0.500895737494895     
           4           5   1.21817931004003     
           1           6   1.00091584619884     
           5           6   1.05230287778840     
           1           7  0.942624033152817     
           1           8  0.953122504400684     
           2           9  0.973109508821518     
           3          10  0.916721717808553     
           3          11  0.968555936305866     
           5          12  0.956013235614383     
           6          13  0.925559050032335     
           6          14  0.963544760639768     
