$energy      SCF               SCFKIN            SCFPOT            MP2
     1 -567.0336053248      566.950670     -1133.98428     -.6810531824133
     2 -567.0339914437      566.998960     -1134.03295     -.6810205084174
     3 -567.0340283990      567.014032     -1134.04806     -.6810155134389
     4 -567.0340464172      567.017572     -1134.05162     -.6810138694875
     5 -567.0340694865      567.020517     -1134.05459     -.6810122291571
     6 -567.0340925509      567.020432     -1134.05452     -.6810093436156
     7 -567.0341223867      567.028490     -1134.06261     -.6810041968962
     8 -567.0341225068      567.028743     -1134.06287     -.6810040447695
     9 -567.0341225264      567.028802     -1134.06292     -.6810039910551
$end
