$energy      SCF               SCFKIN            SCFPOT            MP2
     1 -2792.270713991      2792.18061     -5584.45132     -.8072446924380
     2 -2792.271100110      2792.22891     -5584.50001     -.8072117602264
     3 -2792.271136934      2792.24398     -5584.51512     -.8072067609410
     4 -2792.271154954      2792.24752     -5584.51867     -.8072051149188
     5 -2792.271178193      2792.25047     -5584.52165     -.8072035405712
     6 -2792.271201105      2792.25037     -5584.52157     -.8072005985669
     7 -2792.271231056      2792.25843     -5584.52966     -.8071953428016
     8 -2792.271231186      2792.25871     -5584.52994     -.8071953002009
     9 -2792.271231197      2792.25875     -5584.52998     -.8071951989559
$end
