$coord
   -9.25052469543921      1.31597586241665     -2.03774382281114  c
   -7.64356126354697      2.94323407588051     -2.37947087128859  h
  -10.63661180522619      1.64204752551443     -3.51743341759309  h
   -9.97275098100359      1.68270627172551     -0.15078096176117  h
   -8.32813286361380     -0.51134306336062     -2.19798306684697  h
   -5.70070655410093      4.41747451099595     -2.77820990218113  o
   -4.38525588532194      3.14598483014409     -2.93734734917583  h
$redundant
     number_of_atoms             7
     degrees_of_freedom         15
     internal_coordinates       15
     frozen_coordinates          0
# definitions of redundant internals
   1 k  1.0000000000000 stre   1    2           val=   2.31237
   2 k  1.0000000000000 stre   2    6           val=   2.47125
   3 k  1.0000000000000 linc   1    6    2    7 val=   8.10618
   4 k  1.0000000000000 linp   1    6    2    7 val=   0.17848
   5 k  0.5773502691896 tors   5    1    6    7 val= 117.38207
        0.5773502691896 tors   3    1    6    7
        0.5773502691896 tors   4    1    6    7
   6 k  1.0000000000000 stre   1    5           val=   2.05319
   7 k  1.0000000000000 stre   1    3           val=   2.05354
   8 k  1.0000000000000 stre   1    4           val=   2.05347
   9 k -0.3322835146492 bend   3    5    1      val=  -3.47270
       -0.4587596565016 bend   4    5    1
       -0.4258198932679 bend   4    3    1
        0.4109864818687 bend   2    5    1
        0.4125745204176 bend   2    3    1
        0.3983428658576 bend   2    4    1
  10 k  0.7997985832875 bend   3    5    1      val=   4.90352
       -0.2207817463096 bend   4    5    1
       -0.4369044756828 bend   4    3    1
        0.1612098774234 bend   2    5    1
        0.0752395227688 bend   2    3    1
       -0.2983999253198 bend   2    4    1
  11 k  0.1481703017230 bend   3    5    1      val=   2.24885
       -0.7169581271576 bend   4    5    1
        0.6330825870447 bend   4    3    1
       -0.1666779650214 bend   2    5    1
        0.1832425377998 bend   2    3    1
       -0.0431702662460 bend   2    4    1
  12 k  0.1969291902267 bend   3    5    1      val=  -1.05998
        0.0521195314029 bend   4    5    1
       -0.2352669655832 bend   4    3    1
       -0.7701249122906 bend   2    5    1
        0.2715296500361 bend   2    3    1
        0.4861390459620 bend   2    4    1
  13 k -0.2087302658400 bend   3    5    1      val=   0.25697
        0.2047441170120 bend   4    5    1
       -0.0116942324459 bend   4    3    1
       -0.1392026231799 bend   2    5    1
        0.7468369068507 bend   2    3    1
       -0.5807168258837 bend   2    4    1
  14 k  1.0000000000000 stre   6    7           val=   1.83642
  15 k  1.0000000000000 bend   2    7    6      val=  99.44467
        15 non zero eigenvalues  of BmBt
           1           3.663628361    1    0
         1
           2           3.623699159    2    0
         2
           3           3.521223080    3    0
         3
           4           2.367760720    4    0
         4
           5           2.189525657    5    0
         5
           6           2.059690781    6    0
         6
           7           1.214567638    7    0
         7
           8           1.024653857    8    0
         8
           9           0.895966072    9    0
         9
          10           0.687442330   10    0
        10
          11           0.684447252   11    0
        11
          12           0.603329223   12    0
        12
          13           0.281000654   13    0
        13
          14           0.198814535   14    0
        14
          15           0.131738637   15    0
        15
$end
