$dipgrad          cartesian dipole gradients
  0.39162897236626D+00  0.31994643695991D+00  -.99099030126940D-01
  0.42588656647088D+00  0.30536837582879D+00  -.66426591653867D-01
  -.84121718008768D-01  -.66367742028874D-01  0.20109419312666D-01
  -.47536848832409D+00  -.47404715064066D+00  0.12748714679642D+00
  -.47757512292607D+00  -.24460487122617D+00  0.98527816027486D-01
  0.12786235316457D+00  0.98066056514724D-01  0.12180228402634D+00
  -.58819602851697D-01  -.24742024101895D-01  -.70249318028501D-01
  -.59564591634287D-01  0.10284018526274D-01  0.27758812608942D-01
  -.30259662815213D-01  0.42970132709535D-01  0.58914243745475D-04
  -.16927803293429D-01  -.36192007214084D-01  0.75980294394895D-01
  -.63900187347380D-01  0.76801807042069D-02  0.21368909465967D-02
  0.37772785031358D-01  -.30707060204246D-01  -.43527619750488D-01
  -.48231724645880D-01  0.77118245108106D-02  0.17373114647445D-01
  0.13328800275024D-01  -.97477576860437D-01  0.56485347733885D-04
  0.21302056285710D-01  -.60874411761062D-04  0.54987026927444D-01
  -.90536565900011D-01  0.35390304789353D-01  -.46452500778406D-01
  0.10074897968343D+00  -.11357417391624D+00  -.58108367752930D-01
  -.72755301297056D-01  -.23503872622535D-01  -.47093964849525D+00
  0.29825521264799D+00  0.17193261569681D+00  -.50397069051100D-02
  0.61075555478373D-01  0.13232404694342D+00  -.39450455239914D-02
  0.19948763926147D-03  -.20396639956751D-01  0.31750962373521D+00
$end
