$hessian (projected)
 1  1   0.4079082422  -0.0833787304   0.0101041304  -0.0266526177  -0.0026545086
 1  2  -0.0127935165  -0.1469809171   0.0255220969  -0.1138622933  -0.0947314269
 1  3   0.0163888446   0.0920582230  -0.0772349303   0.0913894756   0.0053481094
 1  4  -0.0587453284  -0.0486652728   0.0187017191  -0.0035630218   0.0013980948
 1  5   0.0004436278
 2  1  -0.0833787304   0.4234080863   0.0086155945   0.0011773961  -0.0318195780
 2  2  -0.0119898213   0.0285700163  -0.0489542011   0.0236370171   0.0190526387
 2  3  -0.0475184120  -0.0236081815   0.0850102738  -0.2431796602  -0.0145156325
 2  4  -0.0520973236  -0.0588091982   0.0183978083   0.0016657290   0.0068729631
 2  5  -0.0005367846
 3  1   0.0101041304   0.0086155945   0.4946567307  -0.0003380208  -0.0005089575
 3  2  -0.0220919803  -0.1176548951   0.0187905630  -0.1787272723   0.0971519136
 3  3  -0.0177122724  -0.2325863323   0.0045064613  -0.0152005118  -0.0515463462
 3  4   0.0065331107   0.0062169150  -0.0073617688  -0.0003027001  -0.0002013308
 3  5  -0.0023430307
 4  1  -0.0266526177   0.0011773961  -0.0003380208   0.0353677956  -0.0157758224
 4  2   0.0059168174  -0.0127744543  -0.0133244048   0.0033017985  -0.0099102784
 4  3  -0.0109837945  -0.0012275910  -0.0008009132   0.0035260547   0.0002860694
 4  4   0.0257002224   0.0492574026  -0.0132774820  -0.0109297544  -0.0138768318
 4  5   0.0053384085
 5  1  -0.0026545086  -0.0318195780  -0.0005089575  -0.0157758224   0.0282726240
 5  2   0.0123511242  -0.0001354486  -0.0019054803   0.0021635479  -0.0006058166
 5  3  -0.0020911357  -0.0025305495  -0.0183083366  -0.0145843527   0.0017569983
 5  4   0.0282677179   0.0236023225  -0.0103480803   0.0092122147  -0.0014743998
 5  5  -0.0028840831
 6  1  -0.0127935165  -0.0119898213  -0.0220919803   0.0059168174   0.0123511242
 6  2   0.0279654892  -0.0098212180  -0.0075026933  -0.0000352570   0.0141905235
 6  3   0.0118270625  -0.0014439136   0.0006305945  -0.0003266053  -0.0013262568
 6  4  -0.0016476276  -0.0083451357  -0.0044096375   0.0035244267   0.0039860690
 6  5   0.0013415560
 7  1  -0.1469809171   0.0285700163  -0.1176548951  -0.0127744543  -0.0001354486
 7  2  -0.0098212180   0.1535699547  -0.0289615518   0.1267845850   0.0107753157
 7  3  -0.0018805653   0.0111776235  -0.0065835050   0.0012386337  -0.0093391983
 7  4   0.0020821632   0.0018994875   0.0005301489  -0.0000885571  -0.0007305718
 7  5  -0.0016770460
 8  1   0.0255220969  -0.0489542011   0.0187905630  -0.0133244048  -0.0019054803
 8  2  -0.0075026933  -0.0289615518   0.0480867883  -0.0276131663  -0.0027005671
 8  3   0.0024545143  -0.0031171988   0.0188855917  -0.0026852238   0.0219711316
 8  4   0.0000576810   0.0036042241  -0.0034288063   0.0005211542  -0.0006006215
 8  5   0.0009001701
 9  1  -0.1138622933   0.0236370171  -0.1787272723   0.0033017985   0.0021635479
 9  2  -0.0000352570   0.1267845850  -0.0276131663   0.1907925926  -0.0185309760
 9  3   0.0040919095  -0.0184840364   0.0020798574  -0.0009465416   0.0035365584
 9  4  -0.0003049817  -0.0019140192   0.0016497668   0.0005320101   0.0005812527
 9  5   0.0012676479
10  1  -0.0947314269   0.0190526387   0.0971519136  -0.0099102784  -0.0006058166
10  2   0.0141905235   0.0107753157  -0.0027005671  -0.0185309760   0.0953512565
10  3  -0.0177862753  -0.1036346407  -0.0039127152   0.0010235299   0.0108037228
10  4   0.0017999246   0.0016763151  -0.0014498346   0.0006279238  -0.0006598247
10  5   0.0014692914
11  1   0.0163888446  -0.0475184120  -0.0177122724  -0.0109837945  -0.0020911357
11  2   0.0118270625  -0.0018805653   0.0024545143   0.0040919095  -0.0177862753
11  3   0.0456214127   0.0267918321   0.0127252686  -0.0017760190  -0.0258037531
11  4   0.0011908083   0.0039252256   0.0016407713   0.0003457136  -0.0006155860
11  5  -0.0008355499
12  1   0.0920582230  -0.0236081815  -0.2325863323  -0.0012275910  -0.0025305495
12  2  -0.0014439136   0.0111776235  -0.0031171988  -0.0184840364  -0.1036346407
12  3   0.0267918321   0.2503158021   0.0005636367   0.0005865970   0.0001308920
12  4   0.0012730642   0.0023432755   0.0012140976  -0.0002103157  -0.0004657749
12  5   0.0008534906
13  1  -0.0772349303   0.0850102738   0.0045064613  -0.0008009132  -0.0183083366
13  2   0.0006305945  -0.0065835050   0.0188855917   0.0020798574  -0.0039127152
13  3   0.0127252686   0.0005636367   0.0835633315  -0.0977511922  -0.0065961503
13  4   0.0042245096  -0.0001157872  -0.0006592109   0.0007442227  -0.0004458181
13  5  -0.0005251887
14  1   0.0913894756  -0.2431796602  -0.0152005118   0.0035260547  -0.0145843527
14  2  -0.0003266053   0.0012386337  -0.0026852238  -0.0009465416   0.0010235299
14  3  -0.0017760190   0.0005865970  -0.0977511922   0.2612833667   0.0162137077
14  4   0.0006590857   0.0012684886  -0.0003438693  -0.0000855874  -0.0003265996
14  5   0.0000172235
15  1   0.0053481094  -0.0145156325  -0.0515463462   0.0002860694   0.0017569983
15  2  -0.0013262568  -0.0093391983   0.0219711316   0.0035365584   0.0108037228
15  3  -0.0258037531   0.0001308920  -0.0065961503   0.0162137077   0.0473436772
15  4  -0.0001058445   0.0003557912   0.0033271210  -0.0003967084   0.0000217568
15  5  -0.0014656455
16  1  -0.0587453284  -0.0520973236   0.0065331107   0.0257002224   0.0282677179
16  2  -0.0016476276   0.0020821632   0.0000576810  -0.0003049817   0.0017999246
16  3   0.0011908083   0.0012730642   0.0042245096   0.0006590857  -0.0001058445
16  4   0.2409271336  -0.1917134904  -0.0458915757  -0.2159886250   0.2136355210
16  5   0.0401438547
17  1  -0.0486652728  -0.0588091982   0.0062169150   0.0492574026   0.0236023225
17  2  -0.0083451357   0.0018994875   0.0036042241  -0.0019140192   0.0016763151
17  3   0.0039252256   0.0023432755  -0.0001157872   0.0012684886   0.0003557912
17  4  -0.1917134904   0.2660498098   0.0347935822   0.1876613452  -0.2396408724
17  5  -0.0334504090
18  1   0.0187017191   0.0183978083  -0.0073617688  -0.0132774820  -0.0103480803
18  2  -0.0044096375   0.0005301489  -0.0034288063   0.0016497668  -0.0014498346
18  3   0.0016407713   0.0012140976  -0.0006592109  -0.0003438693   0.0033271210
18  4  -0.0458915757   0.0347935822   0.0207624974   0.0420462352  -0.0407114059
18  5  -0.0151820765
19  1  -0.0035630218   0.0016657290  -0.0003027001  -0.0109297544   0.0092122147
19  2   0.0035244267  -0.0000885571   0.0005211542   0.0005320101   0.0006279238
19  3   0.0003457136  -0.0002103157   0.0007442227  -0.0000855874  -0.0003967084
19  4  -0.2159886250   0.1876613452   0.0420462352   0.2291978118  -0.1993205693
19  5  -0.0451929477
20  1   0.0013980948   0.0068729631  -0.0002013308  -0.0138768318  -0.0014743998
20  2   0.0039860690  -0.0007305718  -0.0006006215   0.0005812527  -0.0006598247
20  3  -0.0006155860  -0.0004657749  -0.0004458181  -0.0003265996   0.0000217568
20  4   0.2136355210  -0.2396408724  -0.0407114059  -0.1993205693   0.2357851162
20  5   0.0367894330
21  1   0.0004436278  -0.0005367846  -0.0023430307   0.0053384085  -0.0028840831
21  2   0.0013415560  -0.0016770460   0.0009001701   0.0012676479   0.0014692914
21  3  -0.0008355499   0.0008534906  -0.0005251887   0.0000172235  -0.0014656455
21  4   0.0401438547  -0.0334504090  -0.0151820765  -0.0451929477   0.0367894330
21  5   0.0155280583
$end
