$vibrational normal modes
 1  1   0.0083544467   0.2832641850   0.3061669013   0.0426282084  -0.1275838974
 1  2  -0.0122359013   0.0500645564   0.0003174785  -0.0003055869  -0.0369720797
 1  3  -0.2520005490  -0.0206525211   0.0159150364   0.0720985716  -0.0404785128
 1  4  -0.0059333063  -0.0389920372   0.0261661520  -0.0643307098   0.0145621745
 1  5  -0.0004714557
 2  1   0.0001913301  -0.0201104055  -0.0135942090   0.0927363452   0.3993235484
 2  2  -0.0010173704   0.0517047152  -0.0000064038   0.0116307869  -0.0676278485
 2  3  -0.1409805885  -0.1044301419   0.0042999883   0.0550720799   0.0766856613
 2  4  -0.0072281865   0.0303223941   0.0240107315   0.0698603466   0.0052742408
 2  5  -0.0007045154
 3  1  -0.0014883303  -0.0558122761  -0.0143040150  -0.0402283597  -0.0294148074
 3  2   0.0017147494   0.4312226809   0.0016327645  -0.0442561299  -0.0001412073
 3  3   0.0492526731   0.0087380071   0.0890895732  -0.0147012930   0.0035274687
 3  4  -0.0673227674  -0.0033814932  -0.0052901763   0.0060108544   0.0941424262
 3  5   0.0001164884
 4  1   0.7332666510   0.3714697200   0.1321690843   0.0872404534  -0.0040365070
 4  2  -0.0100763492   0.0385002299  -0.0147190946  -0.1595111419   0.2840147089
 4  3   0.2390769084   0.0917753685  -0.1384040111   0.1904677683   0.5447752381
 4  4   0.0055296194  -0.2378396686   0.0077993191  -0.0111941360   0.0029816019
 4  5   0.0074115689
 5  1   0.5472106674  -0.1122328423   0.1485222580   0.1015162132   0.2659880032
 5  2  -0.0017076494   0.0225491265  -0.0039400436   0.0542804171  -0.3897137714
 5  3   0.4198484207   0.2064912371  -0.0334976170   0.3086992996  -0.5839731109
 5  4  -0.0344368229   0.2531343644   0.0033861097   0.0104706396   0.0009019510
 5  5   0.0153739686
 6  1  -0.1496332463  -0.0797024619  -0.0605478717   0.2113682256  -0.0833620224
 6  2   0.0085829768   0.2380067178  -0.0883951422  -0.5728384951  -0.1584931109
 6  3  -0.0573923706  -0.0286539395  -0.7973355432  -0.0418901965  -0.0711473324
 6  4  -0.1263606031   0.0106452710  -0.0013903388   0.0008702651   0.0177014229
 6  5  -0.0019836958
 7  1   0.1365449178   0.3390928307   0.3019009829  -0.0604386542  -0.0612564305
 7  2   0.2326049590  -0.0509762472  -0.1503089467  -0.3716864544  -0.0090523362
 7  3  -0.2328233796   0.0864088883   0.2861166659  -0.2848311953   0.0458304621
 7  4  -0.1368314215   0.3549946638  -0.3850597331   0.2930444689  -0.4629257064
 7  5   0.0013202811
 8  1   0.1762233731  -0.0140772925  -0.2418507374   0.4985963335   0.4038864139
 8  2  -0.2964160724  -0.0112539684   0.1545156797  -0.3842640781   0.1819146528
 8  3  -0.3240438261   0.1809063285   0.1969904103  -0.3755035560  -0.2991121356
 8  4   0.4757451545  -0.1568027881   0.1028077654  -0.0594621241   0.1104949251
 8  5   0.0014156014
 9  1  -0.0687290894  -0.1067798163  -0.0606076800   0.1457559791  -0.0905410234
 9  2  -0.2927334294   0.5119979416   0.1755753720   0.2138773615   0.0283669987
 9  3   0.0008320789  -0.0265932279  -0.1457784249   0.2056257115  -0.1444665259
 9  4   0.1761440896  -0.4057817496  -0.4230885306   0.3270423588  -0.4819472925
 9  5  -0.0003762259
10  1   0.1472279844   0.2500442425   0.2243677931   0.2085607575  -0.1575943432
10  2  -0.3518903350   0.1848512051   0.2062687489   0.4094874977   0.1245585696
10  3  -0.1897257741   0.0653672818  -0.3286894397  -0.3412412717   0.1168267017
10  4   0.0199984442   0.5150569190  -0.1953922423   0.1167672029   0.2624539350
10  5   0.0013470749
11  1   0.1735869874   0.0930204227  -0.0000786630  -0.3150742062   0.5671388824
11  2   0.2884364767   0.1508759744  -0.1479317626   0.3122381634   0.3037023141
11  3  -0.3037984823   0.1618298682  -0.2211689644  -0.3796613214  -0.3044832295
11  4  -0.3864245779  -0.2953997303   0.1138992656  -0.0531052371  -0.1314418318
11  5   0.0012837475
12  1   0.0071783020  -0.0905139822  -0.0482389849   0.1025393569  -0.0735160033
12  2  -0.1845416392   0.4635377548   0.1083432653   0.0523760678  -0.0109159992
12  3   0.0973963450  -0.0120327595  -0.0184333368  -0.0734595313   0.1274023717
12  4   0.0295742491   0.2693810906   0.5330350296  -0.3350764744  -0.6656396117
12  5  -0.0001762189
13  1   0.1179806140   0.1989215201   0.5133519396  -0.0506437912  -0.2502963250
13  2   0.0795508258   0.0249957693  -0.0534802712   0.1064589420  -0.5012099808
13  3   0.3708009142  -0.2529757405  -0.0221462909  -0.5006552086   0.0882219943
13  4   0.1940892814  -0.2785955743   0.2690475712   0.3652873681   0.0245407224
13  5   0.0010618642
14  1   0.0673937203  -0.0715023800   0.0812496098   0.0894089647   0.3250245602
14  2   0.0045766959   0.0367525945  -0.0039210809   0.0519806060  -0.3126027881
14  3   0.1853603071  -0.2199369434   0.0082445923  -0.2583650712   0.1167661081
14  4   0.0276826525  -0.1190747923  -0.5009114262  -0.7266515755  -0.0426587240
14  5  -0.0005467816
15  1  -0.0242908468   0.0447407587   0.0967541837  -0.5391894328   0.1114932872
15  2   0.4662775006   0.4574275520  -0.2627017469   0.1082156321   0.1260235691
15  3  -0.0715902073   0.0488466905  -0.1833932228   0.1012676307   0.0003075638
15  4   0.7161830905   0.1809451598  -0.0470633306  -0.0643321332   0.0115972171
15  5  -0.0002134942
16  1  -0.0789610549   0.4537910989  -0.0235340132   0.1205822192   0.1105192372
16  2   0.0073193224   0.0217870074  -0.0085797219   0.0058793912   0.0147297589
16  3   0.1579053794   0.0540289074   0.0011310136   0.0044251903  -0.0061487516
16  4  -0.0001984668   0.0021726322  -0.0004802260   0.0000378134  -0.0000376603
16  5  -0.0454989954
17  1  -0.0648755234  -0.2230143639   0.3452430881   0.1087723050   0.1056796728
17  2  -0.0001373881  -0.0119848018  -0.0025584206  -0.0060670588   0.0420780748
17  3   0.0906322175   0.0953940789  -0.0001831599   0.0024703762   0.0230852091
17  4   0.0007793531  -0.0074800356  -0.0003010078  -0.0004344717  -0.0000156285
17  5   0.0428265116
18  1   0.0163646460  -0.0881794852  -0.0918833899   0.4006535098  -0.1178905101
18  2   0.0991489922   0.0288908049  -0.0512329689   0.0487509662   0.0062398640
18  3  -0.0309837211  -0.0135830242   0.0082554754  -0.0009556906  -0.0000621883
18  4   0.0003350630   0.0000617905   0.0000904318   0.0000197038  -0.0002378151
18  5   0.0055538184
19  1   0.0187671378   0.3963915620   0.1216629890   0.0519003824   0.0265365046
19  2   0.0794372570   0.0010108989   0.1446414410  -0.0744303629   0.3084510362
19  3   0.3091395468  -0.6020717471  -0.0044757900   0.0068799181  -0.2157067527
19  4  -0.0089333478   0.0765337596  -0.0005728647   0.0020710815   0.0000217615
19  5   0.7166778486
20  1   0.0630675723  -0.2934348468   0.4839602230   0.0878609348   0.0040383157
20  2   0.0194144630  -0.0298633086   0.0419630525  -0.0765278604   0.3546642959
20  3   0.2639878830  -0.5990623354   0.0010994306   0.0093699218  -0.2094266816
20  4  -0.0088046367   0.0755457047  -0.0005200017   0.0031762903   0.0001029565
20  5  -0.6889120424
21  1  -0.0065441868   0.0000000000   0.0000000000   0.0000000000   0.0000000000
21  2   0.5390681302   0.0000000000   0.8609373749  -0.0480855144  -0.0823435001
21  3  -0.0643481772   0.1299114793  -0.0477049679  -0.0011908139   0.0468570863
21  4   0.0013708378  -0.0158760913   0.0001104387  -0.0004431849   0.0002451633
21  5  -0.0867936269
$end
