$hessian (projected)
 1  1   1.2186902586   0.0621818525   0.0000000000  -1.2186902586  -0.0621818525
 1  2   0.0000000000
 2  1   0.0621818525   0.0031727363   0.0000000000  -0.0621818525  -0.0031727363
 2  2   0.0000000000
 3  1   0.0000000000   0.0000000000   0.0000000000   0.0000000000   0.0000000000
 3  2   0.0000000000
 4  1  -1.2186902586  -0.0621818525   0.0000000000   1.2186902586   0.0621818525
 4  2   0.0000000000
 5  1  -0.0621818525  -0.0031727363   0.0000000000   0.0621818525   0.0031727363
 5  2   0.0000000000
 6  1   0.0000000000   0.0000000000   0.0000000000   0.0000000000   0.0000000000
 6  2   0.0000000000
$end
