$energy      SCF               SCFKIN            SCFPOT            MP2
     1 -2792.270714783      2792.18051     -5584.45123     -.8072963676354
     2 -2792.271100841      2792.22879     -5584.49989     -.8072632696776
     3 -2792.271137699      2792.24386     -5584.51499     -.8072581904948
     4 -2792.271155751      2792.24740     -5584.51856     -.8072565220659
     5 -2792.271179040      2792.25036     -5584.52154     -.8072549215726
     6 -2792.271201922      2792.25024     -5584.52145     -.8072520385463
     7 -2792.271231814      2792.25831     -5584.52955     -.8072468311575
     8 -2792.271231936      2792.25857     -5584.52980     -.8072467730381
     9 -2792.271231955      2792.25863     -5584.52986     -.8072467122197
$end
