$coord
  -12.61865217335131      4.34413199467659     -0.04334230576046  c
  -12.55682569037098      1.78944230992348     -0.13758345488635  c
  -10.25558446199915      5.86830801428821      0.01589572342085  c
   -7.82140604913682      4.46002163370469     -0.03408172217038  c
   -7.75958569716007      1.90530009968482     -0.12747710337026  c
  -10.12265139759212      0.38109646462796     -0.18635082256733  c
  -10.06609867360730     -1.94347976937720     -0.27194752670215  o
  -10.31214453545207      8.19297053540253      0.10299418809429  o
  -14.38684824709373      5.41975692914093     -0.00565675493531  h
  -14.27113619815551      0.63019144852905     -0.18242235255792  h
   -6.10705088434374      5.61930932796317      0.01021534989149  h
   -5.99143475523747      0.82967156397141     -0.16468264787737  h
$redundant
     number_of_atoms            12
     degrees_of_freedom         30
     internal_coordinates       30
     frozen_coordinates          0
# definitions of redundant internals
   1 k  1.0000000000000 stre   6    7           val=   2.32684
   2 k  0.7071067811866 bend   2    7    6      val=   0.00540
       -0.7071067811865 bend   5    7    6
   3 k  1.0000000000000 outp   7    5    2    6 val=  -0.00669
   4 k  1.0000000000000 stre   3    8           val=   2.32698
   5 k -0.7071067811865 bend   4    8    3      val=  -0.00544
        0.7071067811865 bend   1    8    3
   6 k  1.0000000000000 outp   8    1    4    3 val=   0.01279
   7 k  1.0000000000000 stre   1    9           val=   2.07000
   8 k  0.7071067811873 bend   2    9    1      val=   3.44194
       -0.7071067811858 bend   3    9    1
   9 k  1.0000000000000 outp   9    3    2    1 val=  -0.00533
  10 k  1.0000000000000 stre   2   10           val=   2.06996
  11 k  0.7071067811866 bend   1   10    2      val=   3.42809
       -0.7071067811865 bend   6   10    2
  12 k  1.0000000000000 outp  10    6    1    2 val=   0.00658
  13 k  1.0000000000000 stre   4   11           val=   2.07001
  14 k  0.7071067811884 bend   5   11    4      val=   3.42771
       -0.7071067811847 bend   3   11    4
  15 k  1.0000000000000 outp  11    3    5    4 val=   0.02274
  16 k  1.0000000000000 stre   5   12           val=   2.06996
  17 k  0.7071067811872 bend   4   12    5      val=   3.44233
       -0.7071067811859 bend   6   12    5
  18 k  1.0000000000000 outp  12    6    4    5 val=   0.00472
  19 k  1.0000000000000 stre   1    2           val=   2.55717
  20 k  1.0000000000000 stre   2    6           val=   2.81265
  21 k  1.0000000000000 stre   6    5           val=   2.81260
  22 k  1.0000000000000 stre   5    4           val=   2.55718
  23 k  1.0000000000000 stre   4    3           val=   2.81265
  24 k  1.0000000000000 stre   3    1           val=   2.81260
  25 k -0.2886751345948 bend   1    6    2      val=   1.09229
       -0.2886751345948 bend   2    5    6
        0.5773502691896 bend   6    4    5
       -0.2886751345948 bend   5    3    4
       -0.2886751345948 bend   4    1    3
        0.5773502691896 bend   3    2    1
  26 k  0.5000000000000 bend   1    6    2      val=   2.18068
       -0.5000000000000 bend   2    5    6
        0.5000000000000 bend   5    3    4
       -0.5000000000000 bend   4    1    3
  27 k -0.4082482904639 bend   1    6    2      val=  -0.00023
        0.4082482904639 bend   2    5    6
       -0.4082482904639 bend   6    4    5
        0.4082482904639 bend   5    3    4
       -0.4082482904639 bend   4    1    3
        0.4082482904639 bend   3    2    1
  28 k -0.2886751345948 tors   2    6    5    4 val=  -0.02173
       -0.2886751345948 tors   6    5    4    3
        0.5773502691896 tors   5    4    3    1
       -0.2886751345948 tors   4    3    1    2
       -0.2886751345948 tors   3    1    2    6
        0.5773502691896 tors   1    2    6    5
  29 k  0.5000000000000 tors   2    6    5    4 val=  -0.00739
       -0.5000000000000 tors   6    5    4    3
        0.5000000000000 tors   4    3    1    2
       -0.5000000000000 tors   3    1    2    6
  30 k -0.4082482904639 tors   2    6    5    4 val=   0.01707
        0.4082482904639 tors   6    5    4    3
       -0.4082482904639 tors   5    4    3    1
        0.4082482904639 tors   4    3    1    2
       -0.4082482904639 tors   3    1    2    6
        0.4082482904639 tors   1    2    6    5
        30 non zero eigenvalues  of BmBt
           1          10.449474784    1    0
         1
           2           5.153671435    2    0
         2
           3           4.454069101    3    0
         3
           4           4.314594816    4    0
         4
           5           4.248155829    5    0
         5
           6           3.528696098    6    0
         6
           7           3.525338251    7    0
         7
           8           3.318602245    8    0
         8
           9           3.097449422    9    0
         9
          10           2.618027936   10    0
        10
          11           1.885659765   11    0
        11
          12           1.882924975   12    0
        12
          13           1.822713111   13    0
        13
          14           1.572262705   14    0
        14
          15           1.503292823   15    0
        15
          16           0.952518198   16    0
        16
          17           0.892992323   17    0
        17
          18           0.526189614   18    0
        18
          19           0.441642249   19    0
        19
          20           0.381983533   20    0
        20
          21           0.380236324   21    0
        21
          22           0.357738427   22    0
        22
          23           0.313483338   23    0
        23
          24           0.282394412   24    0
        24
          25           0.259365144   25    0
        25
          26           0.254080811   26    0
        26
          27           0.239290905   27    0
        27
          28           0.138205383   28    0
        28
          29           0.108247462   29    0
        29
          30           0.092045519   30    0
        30
$end
