$dipgrad          cartesian dipole gradients
  -.13796975679813D+00  -.30124739207746D+00  -.11271966251999D-01
  -.22857867754507D+00  -.48566242281114D-01  0.13233376870126D-02
  -.97090703742450D-02  0.17249420573349D-02  -.91370487234906D-01
  -.16293157442582D+00  0.29616418737089D+00  0.10946100763413D-01
  0.22161080207517D+00  -.24047053571757D-01  0.27527630481545D-02
  0.80948873425532D-02  0.29415928104145D-02  -.91401062827318D-01
  0.81109207717822D+00  -.44871613490646D-02  0.49445186783494D-03
  -.42749584519003D-02  0.99945776013755D+00  0.27330966637371D-01
  -.71053614930282D-03  0.27340219410666D-01  0.26807896581286D+00
  -.16317108724599D+00  0.29602427726423D+00  0.10849370789536D-01
  0.22246126458867D+00  -.23642107008544D-01  0.26523850447182D-02
  0.83345083530116D-02  0.29153265387784D-02  -.91245273300722D-01
  -.13776108157893D+00  -.30166534170428D+00  -.11184875632321D-01
  -.22775979169339D+00  -.49497535388082D-01  0.12983756224619D-02
  -.74230591798622D-02  0.89321306799331D-03  -.91511702362488D-01
  0.81250971211471D+00  -.48110154823740D-02  0.42919016712413D-03
  -.43491037296555D-02  0.10004469362121D+01  0.26917822938966D-01
  0.16394704157969D-02  0.26407746170275D-01  0.26862852774177D+00
  -.47455113729731D+00  0.12007590958220D-01  0.28722210848375D-03
  0.12391170086855D-01  -.98930411524552D+00  -.24774471272188D-01
  0.30376504601940D-02  -.25537811962135D-01  -.31644636616260D+00
  -.47680852985193D+00  0.12760249763172D-01  0.26306145785518D-03
  0.12515280184380D-01  -.98827376589617D+00  -.25007690588894D-01
  -.24837597036945D-02  -.24088650274017D-01  -.31592043502169D+00
  -.19881027541203D-01  0.32442009882281D-01  0.10437728344549D-02
  0.57274910197999D-01  0.33016343909991D-01  -.29770211963093D-02
  0.18381929762138D-02  -.29979727716985D-02  0.11528053745378D+00
  -.15322144897219D-01  -.34818618113934D-01  -.14812248828873D-02
  -.59301625139950D-01  0.28736588143726D-01  -.32898020264470D-02
  -.24017013982266D-02  -.32122837810949D-02  0.11531272600436D+00
  -.15451410819278D-01  -.34792698240040D-01  -.14189320383031D-02
  -.59278832762521D-01  0.28622986788849D-01  -.32607610097389D-02
  -.23773743545696D-02  -.33125003171414D-02  0.11528225675120D+00
  -.19754038845686D-01  0.32423911729126D-01  0.10438288168260D-02
  0.57289562189289D-01  0.33050204190530D-01  -.29659048851227D-02
  0.21607916121123D-02  -.30738209493829D-02  0.11531231313770D+00
$end
