$energy      SCF               SCFKIN            SCFPOT
     1 -381.2504848921      378.0403130275     -759.2907979195
     2 -381.2540998153      377.8009439359     -759.0550437512
     3 -381.2544883097      377.7654160821     -759.0199043918
     4 -381.2546041345      377.7470979315     -759.0017020661
     5 -381.2546835722      377.7589570915     -759.0136406637
     6 -381.2547476056      377.7886452786     -759.0433928843
     7 -381.2547661928      377.7807237412     -759.0354899340
     8 -381.2547664876      377.7807534558     -759.0355199434
     9 -381.2547665184      377.7812001616     -759.0359666801
    10 -381.2547666287      377.7806409949     -759.0354076236
    11 -381.2547666824      377.7804326994     -759.0351993818
$end
