$grad          cartesian gradients
  cycle =      1    SCF energy =     -381.2504848921   |dE/dxyz| =  0.039431
  -12.63962215717193      4.33327428459561     -0.04363377621761      c
  -12.57828164716657      1.79939721586866     -0.13698624677412      c
  -10.25380513030940      5.79703724346949      0.01315249382740      c
   -7.79995796296034      4.45005935909749     -0.03382609763080      c
   -7.73861745295499      1.91618229037053     -0.12717856818731      c
  -10.12443447981752      0.45241933149666     -0.18375696835861      c
  -10.06864976461857     -1.85170483499830     -0.26854897957057      o
  -10.30958984550835      8.10114251270320      0.09822796395805      o
  -14.44370589382966      5.31075401981954     -0.00971319228058      h
  -14.33294904566534      0.73602942828049     -0.17825786533595      h
   -6.04527166720033      5.51342714668565      0.00731324010230      h
   -5.93453371629726      0.93870255514661     -0.16123143295307      h
  -.47852870366085D-02  0.39167796666814D-02  0.14075572942190D-03
  -.46241573899316D-02  -.41187251037585D-02  -.16571370332361D-03
  0.89745794581209D-04  -.36338505555224D-02  -.12628486729446D-03
  0.46198221815709D-02  0.41177312091016D-02  0.16578720233623D-03
  0.47844184273683D-02  -.39152166192354D-02  -.14059934409594D-03
  -.90007526937330D-04  0.36394807440108D-02  0.13134667821606D-03
  -.56136880589941D-03  0.22264988111314D-01  0.84310182508551D-03
  0.56166292172566D-03  -.22271514344069D-01  -.84602305821402D-03
  0.13986884974840D-02  -.96665629447982D-02  -.35557803123871D-03
  0.93518188448356D-03  0.97023576672084D-02  0.35922002567130D-03
  -.93152386800881D-03  -.97008275068686D-02  -.36039293190053D-03
  -.13971145654801D-02  0.96654919240693D-02  0.35430834618577D-03
  cycle =      2    SCF energy =     -381.2540998153   |dE/dxyz| =  0.016336
  -12.61377093593287      4.34679818335709     -0.04334595500135      c
  -12.55089175995102      1.78791956734533     -0.13694403506580      c
  -10.25580729398976      5.86920476674581      0.01594037903614      c
   -7.82734509719755      4.46153178994345     -0.03377142662837      c
   -7.76446684153799      1.90265473428225     -0.12741713606268      c
  -10.12242995940027      0.38025999504982     -0.18677797003662      c
  -10.06639530329690     -1.94515788684839     -0.27391891479344      o
  -10.31184243831026      8.19462831688393      0.10286515971412      o
  -14.41931671633342      5.34927846699036     -0.00979512173896      h
  -14.30567684831842      0.69930722505567     -0.17770990576973      h
   -6.07255065479957      5.55012851025566      0.00725646892223      h
   -5.95892491443224      0.90016688347465     -0.16082097199640      h
  -.16563464175683D-03  0.63008191738223D-02  0.26278404023886D-03
  0.35130823849072D-03  -.62141058360350D-02  -.26232488662911D-03
  0.16591512203495D-03  -.41769410558104D-02  -.10362350706195D-03
  -.34791547099231D-03  0.62142492822500D-02  0.25596729312689D-03
  0.16126970182581D-03  -.63007328232627D-02  -.26794319281886D-03
  -.16695367581712D-03  0.42184429344928D-02  0.11307443809058D-03
  0.64434077983178D-05  0.47136912519757D-03  0.28135466855095D-04
  -.55647191167796D-05  -.50917865184774D-03  -.32945045865374D-04
  -.74863239326634D-03  -.42214578274022D-02  -.19835531420574D-03
  -.94218991673531D-03  0.41931503699054D-02  0.19550118915724D-03
  0.93891176028210D-03  -.41951496148393D-02  -.19079710616747D-03
  0.75301160918428D-03  0.42194744297679D-02  0.20058085860747D-03
  cycle =      3    SCF energy =     -381.2544883097   |dE/dxyz| =  0.010752
  -12.60973874015539      4.34757619165545     -0.04277415124199      c
  -12.54724987277419      1.78688632879458     -0.13765924375040      c
  -10.25597185280050      5.88024654189060      0.01438486870608      c
   -7.83098575159425      4.46256513171575     -0.03323640576464      c
   -7.76849908782917      1.90186672347178     -0.12789622330885      c
  -10.12226515303158      0.36918813156455     -0.18484457841748      c
  -10.06612922000069     -1.95810690876650     -0.26765837840639      o
  -10.31211016037346      8.20756278465466      0.09777862347789      o
  -14.40584757141989      5.37582116388986     -0.00117227376574      h
  -14.29145837901671      0.67314163468408     -0.18696532255193      h
   -6.08675692827403      5.57634484303167      0.01517230650054      h
   -5.97240604623041      0.87362798594914     -0.16956865089796      h
  0.14029663590102D-02  0.41975320014135D-02  -.74863324069918D-05
  0.16795710389863D-02  -.41108900799701D-02  0.21593365503534D-04
  0.82069066486723D-04  -.22816117734879D-02  -.32136759188078D-03
  -.17115173074846D-02  0.40864472438379D-02  -.22975666166269D-05
  -.13699409933577D-02  -.42203476744048D-02  0.71447067219177D-05
  -.76330264330959D-04  0.20473392104681D-02  0.29907984350774D-03
  0.36731295549819D-04  -.17268458683313D-02  -.59914027177310D-04
  -.42585163503528D-04  0.19699298949791D-02  0.77288297583980D-04
  -.12059049803095D-02  -.19159629397486D-02  0.13408367095349D-03
  -.12626470858812D-02  0.18691470570218D-02  -.14650632565301D-03
  0.12982451543450D-02  -.18486974473390D-02  0.12891867594272D-03
  0.11694418638762D-02  0.19341334842061D-02  -.13069544325646D-03
  cycle =      4    SCF energy =     -381.2546041345   |dE/dxyz| =  0.008183
  -12.60835955367209      4.34761918666052     -0.04371343775614      c
  -12.54623607330433      1.78657162785310     -0.13668560148600      c
  -10.25602053663517      5.88527058365025      0.01715678822816      c
   -7.83200249031774      4.46288857106056     -0.03392452631187      c
   -7.76987525088193      1.90184782942582     -0.12708370387644      c
  -10.12221577295601      0.36417534475295     -0.18780866457544      c
  -10.06596217023029     -1.96353354838728     -0.27649049362885      o
  -10.31227420830668      8.21294662608186      0.10595846201737      o
  -14.39550868239911      5.39716740731517     -0.01073378089030      h
  -14.28065132783146      0.65208696954831     -0.17700416919032      h
   -6.09760405074876      5.59736069889858      0.00656783477840      h
   -5.98270864621670      0.85231925567579     -0.16067813672943      h
  0.21535877315659D-02  0.24016501840141D-02  0.17736241997925D-03
  0.22937431320883D-02  -.22831480976497D-02  -.16629102557053D-03
  0.78964479081345D-05  -.60895465593974D-03  0.82337219411172D-04
  -.22873274699211D-02  0.22930631568977D-02  0.16229366254601D-03
  -.21598923269749D-02  -.23934234890129D-02  -.15920999997360D-03
  -.88104790731403D-05  0.64822691623545D-03  -.89284049173702D-04
  0.49507934623549D-04  -.29425980559435D-02  -.10379372344360D-03
  -.48344790675947D-04  0.28947926180289D-02  0.10501333450491D-03
  -.12912784573377D-02  -.31743330186054D-03  -.13047398074088D-03
  -.13248899785847D-02  0.22965770432536D-03  0.12166148546654D-03
  0.13162939385453D-02  -.23528981399970D-03  -.11546271239464D-03
  0.12995132063218D-02  0.31344298265201D-03  0.11581024725719D-03
  cycle =      5    SCF energy =     -381.2546835722   |dE/dxyz| =  0.004566
  -12.61317736042743      4.34551244357583     -0.04126350461671      c
  -12.55149699533120      1.78812617984248     -0.13922044197238      c
  -10.25578055295761      5.87856778339298      0.00946812820462      c
   -7.82674150086727      4.46134243091876     -0.03227253597981      c
   -7.76506789987607      1.90390564467015     -0.12890739490938      c
  -10.12246443288172      0.37087317089857     -0.18008344373241      c
  -10.06603363195334     -1.95545094250875     -0.25361817153133      o
  -10.31221781506095      8.20493936041161      0.08334620939241      o
  -14.38798844611796      5.41423951294482      0.01897541777867      h
  -14.27263032454964      0.63532387449668     -0.20674624020997      h
   -6.10556020401456      5.61426638670513      0.03248144743928      h
   -5.99025959946251      0.83507470718737     -0.18659889928386      h
  0.13997966891236D-02  0.36086946774434D-03  -.62037202465259D-03
  0.13282031905168D-02  -.32469926287751D-03  0.62560368684136D-03
  -.46184577445239D-04  0.51645731675617D-03  -.82034458018998D-03
  -.13323184513911D-02  0.31534261150826D-03  -.55358387911908D-03
  -.13967233662799D-02  -.36738744831624D-03  0.54700853761767D-03
  0.45646599883695D-04  -.55025648882588D-03  0.82014717344314D-03
  0.14003651592653D-04  -.14520644675005D-02  -.84574891123679D-04
  -.14482874774902D-04  0.14947081141581D-02  0.87776928996863D-04
  -.75716511852403D-03  0.37762035018453D-03  0.80283212426279D-03
  -.73282597642589D-03  -.42744999094578D-03  -.80995517631757D-03
  0.74028373760847D-03  0.43452867687480D-03  0.73921657736826D-03
  0.75203991922146D-03  -.37740243326616D-03  -.73387995719415D-03
  cycle =      6    SCF energy =     -381.2547476056   |dE/dxyz| =  0.003582
  -12.62087212854171      4.34291321884158     -0.04469043887355      c
  -12.55950798733119      1.79018823302428     -0.13564622118510      c
  -10.25543937802122      5.86489737404585      0.01906554729564      c
   -7.81872337111955      4.45918027833123     -0.03435442678751      c
   -7.75737355809633      1.90650702939042     -0.12671452016261      c
  -10.12280049672022      0.38453349299019     -0.18999400096823      c
  -10.06614741785929     -1.93812351039666     -0.28368228171264      o
  -10.31210230482237      8.18779951547159      0.11241966070886      o
  -14.38449423343623      5.42694164498615     -0.02010263304121      h
  -14.26888860957459      0.62287866220555     -0.16716517851739      h
   -6.10924028209657      5.62641398639070      0.00030048341920      h
   -5.99382899588100      0.82259062725476     -0.15387541959634      h
  -.20308175501660D-03  -.12451270214002D-02  0.31253447692170D-03
  -.43284380069957D-03  0.11638327402671D-02  -.31587035339048D-03
  -.65511299324084D-04  0.80364856681592D-03  0.45383576201161D-03
  0.39961052262796D-03  -.12060187237757D-02  0.23333900501010D-03
  0.23666014742796D-03  0.11993220514500D-02  -.24120730753839D-03
  0.71409690981711D-04  -.10635743218959D-02  -.46001815575752D-03
  -.45950034707087D-04  0.13578763323919D-02  0.48805753827708D-04
  0.38793536495829D-04  -.10625813598361D-02  -.40810314570927D-04
  0.71081266039968D-04  0.32976265746049D-03  -.43717199646081D-03
  0.13770941266743D-03  -.30324640322141D-03  0.43800895430903D-03
  -.92649048561405D-04  0.32867960668592D-03  -.35810610245016D-03
  -.11545501528064D-03  -.30231989892815D-03  0.36686794948610D-03
  cycle =      7    SCF energy =     -381.2547661928   |dE/dxyz| =  0.000546
  -12.61860305012594      4.34403360351533     -0.04270195656276      c
  -12.55690650355514      1.78951565178481     -0.13798455445892      c
  -10.25557536246698      5.86861972372615      0.01610111246546      c
   -7.82133706155188      4.46001517728344     -0.03422166742850      c
   -7.75962704426203      1.90540854550877     -0.12702091027817      c
  -10.12265973574736      0.38079683052223     -0.18638818995601      c
  -10.06608585531784     -1.94363301748317     -0.27177666835701      o
  -10.31215060339184      8.19294709421625      0.10262149383468      o
  -14.38705053146449      5.41937012128078     -0.00301533239797      h
  -14.27153797103961      0.63054783689518     -0.18530703876194      h
   -6.10673478366455      5.61918421199913      0.00762540087461      h
   -5.99115026091261      0.82991477328675     -0.16237111839436      h
  0.34483052067907D-04  -.11868929672623D-03  -.61848891921101D-04
  -.21291145120950D-04  0.13139753923813D-03  0.66007800107015D-04
  -.22199803012546D-04  0.26953021143880D-03  0.40745246193394D-04
  0.23995368169216D-04  -.12443732472853D-03  0.69810474665297D-04
  -.37287876205445D-04  0.13776926485651D-03  -.59348018961902D-04
  0.22038385874057D-04  -.23320779029468D-03  -.48745287941077D-04
  -.66911910946432D-05  0.13400432337840D-03  0.45559889127578D-04
  0.78548052994676D-05  -.18757997666830D-03  -.36547447674395D-04
  -.39298344902183D-04  0.49471567641415D-05  0.58263020573522D-04
  -.41460035243746D-04  -.12341569801469D-04  -.66446582099081D-04
  0.33378483366958D-04  0.12317495205236D-04  -.69372719921033D-04
  0.46945051450920D-04  -.13409680958823D-04  0.61519710135842D-04
  cycle =      8    SCF energy =     -381.2547664876   |dE/dxyz| =  0.000454
  -12.61859254140327      4.34407366559775     -0.04326787806770      c
  -12.55688049020671      1.78947414243005     -0.13717565692773      c
  -10.25557737317851      5.86863093067776      0.01575664800899      c
   -7.82136347917439      4.45999791765339     -0.03350605148485      c
   -7.75963744810760      1.90540432874654     -0.12751162632427      c
  -10.12265753498710      0.38080796627092     -0.18655292843283      c
  -10.06608498701384     -1.94363092963126     -0.27263349451755      o
  -10.31215029664076      8.19301967276520      0.10173074350821      o
  -14.38704101797226      5.41945089527166     -0.00568444277750      h
  -14.27151785535557      0.63043876403479     -0.18174813974936      h
   -6.10675756493974      5.61902046475177      0.01137447538733      h
   -5.99115817452052      0.83003273396707     -0.16522107804363      h
  0.27473682225540D-04  -.10242061983599D-03  -.34292880895711D-04
  -.20273689780248D-04  0.11136137029844D-03  0.36546282469047D-04
  -.19833884207808D-04  0.25181265399080D-03  0.35794166619779D-04
  0.24544617298672D-04  -.10544736138929D-03  0.20403924013951D-04
  -.32182256413882D-04  0.11411472017910D-03  -.13439420346428D-04
  0.18977621536742D-04  -.19642359172062D-03  0.10829541403634D-05
  -.54659933993745D-05  0.10648401915614D-03  -.68675126794482D-05
  0.68762427113400D-05  -.17090275810050D-03  -.47773310911187D-04
  -.33394810051712D-04  0.42697123587704D-05  -.73157762033042D-05
  -.36697401622404D-04  -.11193916489363D-04  0.11040000683442D-04
  0.28244478092743D-04  0.56273161300469D-05  0.17486621240168D-04
  0.41713687858477D-04  -.74411965041016D-05  -.12664177674253D-04
  cycle =      9    SCF energy =     -381.2547665184   |dE/dxyz| =  0.000441
  -12.61860613378183      4.34411374443369     -0.04365817180125      c
  -12.55685290196799      1.78947429759982     -0.13763892966031      c
  -10.25558125895481      5.86852822264166      0.01639153693665      c
   -7.82138545519235      4.46003023259923     -0.03421762541201      c
   -7.75962687674697      1.90537378077540     -0.12770626197710      c
  -10.12265579203109      0.38086668871283     -0.18583955883462      c
  -10.06609084958209     -1.94369240471771     -0.27024159215099      o
  -10.31215179676022      8.19292173920924      0.10484460847561      o
  -14.38694705297458      5.41965191983274     -0.00725351609613      h
  -14.27136487308824      0.63034282893821     -0.18273990625130      h
   -6.10688548982207      5.61919919347882      0.00980291129421      h
   -5.99127028259803      0.82991030903173     -0.16618292394365      h
  0.44888009214095D-05  -.82599912563847D-04  0.21175984351335D-04
  -.12550423948932D-04  0.87079924199984D-04  -.15319361504063D-04
  -.15738355905029D-04  0.28393732086957D-03  -.78212407895850D-04
  0.32558477506606D-04  -.81825811539947D-04  -.34423784018328D-04
  -.24763267304689D-04  0.84194535200310D-04  0.40853433296267D-04
  0.11553090988770D-04  -.87564669680074D-04  -.67994365246515D-04
  -.21917218030743D-05  0.12230326617679D-04  0.92672660140347D-04
  0.67063515097887D-05  -.19617103245084D-03  0.98878821998216D-04
  -.13349362300075D-04  0.32824794594030D-05  -.29629772807628D-04
  -.30592716670164D-04  -.13645142525873D-04  -.12771883199005D-05
  0.10080788508227D-04  0.32959585544445D-05  -.48613480925451D-05
  0.34358222493508D-04  -.10917702111507D-04  -.22830072237769D-04
  cycle =     10    SCF energy =     -381.2547666287   |dE/dxyz| =  0.000226
  -12.61864807657072      4.34412461416540     -0.04317499933687      c
  -12.55684044012965      1.78945575515276     -0.13759968572669      c
  -10.25558378084282      5.86838821924207      0.01583600279281      c
   -7.82139275634422      4.46003643618034     -0.03432779600860      c
   -7.75959009608481      1.90530720958145     -0.12711787578561      c
  -10.12265240501312      0.38103990065115     -0.18633960083848      c
  -10.06609274459729     -1.94351936935821     -0.27247420481543      o
  -10.31214730952206      8.19296046371751      0.10305939627437      o
  -14.38685724291375      5.41972197674858     -0.00543155022916      h
  -14.27119404609819      0.63021684462688     -0.18253628694133      h
   -6.10702595760094      5.61931167800807      0.00964258354264      h
   -5.99139390778271      0.82967682381965     -0.16397541234856      h
  -.13553468548963D-04  -.21506177829866D-04  0.29510134489125D-04
  -.81796114442673D-05  0.38624030705869D-04  -.24716430208793D-04
  -.64150743570579D-05  0.14632877741119D-03  0.26164505297653D-04
  0.29278398789703D-04  -.21869192956860D-04  -.31657269204954D-04
  -.82726582120995D-05  0.33025859489055D-04  0.34040418856740D-04
  0.34249126518726D-05  -.24959639155109D-04  0.47105456930579D-04
  -.34538872067946D-07  -.15120579645755D-04  -.53353296212533D-04
  0.32244941825244D-05  -.10762600560205D-03  -.42226621270347D-04
  0.78825005450089D-05  -.37197207267692D-05  0.57290482211279D-05
  -.12304975294919D-04  -.91491005682828D-05  -.66050714480010D-06
  -.86447064064632D-05  -.38342517723750D-05  -.99424957460386D-05
  0.13787011824279D-04  -.96600035713879D-05  0.19717913785747D-04
$end
