$hessian (projected)
 1  1   0.5955402789  -0.0832903278  -0.0025570049  -0.1182180421   0.0191503284
 1  2   0.0006076184  -0.2010214027  -0.0285202887  -0.0011240135  -0.0300029275
 1  3  -0.0086880187  -0.0003812621  -0.0026013032  -0.0032014995  -0.0001288827
 1  4   0.0064479614   0.0224162845   0.0008239223  -0.0054574163   0.0093500131
 1  5   0.0003549759   0.0127551331  -0.0261179322  -0.0010049145  -0.2620847839
 1  6   0.1237660329   0.0043291017   0.0067873557  -0.0276723069  -0.0010180970
 1  7  -0.0032247047   0.0026305548   0.0000899286   0.0010798513   0.0001771601
 1  8   0.0000086278
 2  1  -0.0832903278   0.7978049068   0.0252452812  -0.0008760472  -0.4980649733
 2  2  -0.0167347094  -0.0237940179  -0.0858945768  -0.0003497496   0.0061647656
 2  3   0.0185225727   0.0001455212  -0.0032017863  -0.0040413569  -0.0002115388
 2  4   0.0123931360  -0.0299255848  -0.0011394781   0.0034089307   0.0095321275
 2  5   0.0003261662  -0.0431424955  -0.0671842369  -0.0033491904   0.1236962478
 2  6  -0.1275004450  -0.0031328584   0.0043796099  -0.0112228434  -0.0007386241
 2  7   0.0044280586  -0.0018859430  -0.0001275481  -0.0001660739  -0.0001396469
 2  8   0.0000667282
 3  1  -0.0025570049   0.0252452812   0.1151558880  -0.0001418420  -0.0167279243
 3  2  -0.0474931016  -0.0009626078  -0.0003909009  -0.0745601087   0.0001820629
 3  3   0.0001493798   0.0136439357  -0.0001275217  -0.0002128507   0.0017105422
 3  4   0.0004889087  -0.0011004474   0.0009198232   0.0001140393   0.0003059412
 3  5   0.0016993206  -0.0016276809  -0.0032980199   0.0199952288   0.0043231531
 3  6  -0.0031352469  -0.0395270987   0.0001493354  -0.0007803120   0.0088594530
 3  7   0.0001651504  -0.0001217067   0.0015508942  -0.0000059924   0.0000668067
 3  8  -0.0019547764
 4  1  -0.1182180421  -0.0008760472  -0.0001418420   0.5883749203   0.0730662141
 4  2   0.0033451888   0.0080542518  -0.0204977270  -0.0007349310  -0.0030007335
 4  3   0.0033944121   0.0001162373  -0.0299998055   0.0061534398   0.0001699917
 4  4  -0.2034900452   0.0229624874   0.0006622925   0.0092118403   0.0298108213
 4  5   0.0010888879  -0.0048047045  -0.0100560616  -0.0003850979   0.0056231242
 4  6   0.0284819745   0.0010488990  -0.2499532710  -0.1296447271  -0.0050623224
 4  7   0.0010780398  -0.0001176511  -0.0000041173  -0.0028755747  -0.0026771352
 4  8  -0.0001031865
 5  1   0.0191503284  -0.4980649733  -0.0167279243   0.0730662141   0.8049251367
 5  2   0.0256984459  -0.0105243569  -0.0314467519  -0.0012248125   0.0033940870
 5  3  -0.0036432551  -0.0001828212  -0.0086769473   0.0185381118   0.0001453010
 5  4   0.0182225271  -0.0834835670  -0.0002867302   0.0467750359  -0.0636210740
 5  5  -0.0030525751  -0.0040126025   0.0088921275   0.0002861071  -0.0035506528
 5  6  -0.0100500168  -0.0007009641  -0.1295854378  -0.1396641919  -0.0038779112
 5  7   0.0002261558  -0.0001451593   0.0000683514  -0.0044843510  -0.0022363865
 5  8  -0.0001444667
 6  1   0.0006076184  -0.0167347094  -0.0474931016   0.0033451888   0.0256984459
 6  2   0.1151592820  -0.0004012709  -0.0012409860   0.0009226036   0.0001195668
 6  3  -0.0001852598   0.0017059760  -0.0003830125   0.0001571982   0.0136425041
 6  4   0.0005026850  -0.0002774873  -0.0745484548   0.0017074675  -0.0030538647
 6  5   0.0200129662  -0.0001533880   0.0002601909   0.0016924716  -0.0001272997
 6  6  -0.0006685807   0.0088689695  -0.0050598697  -0.0038829454  -0.0395598113
 6  7   0.0000158815   0.0000683817  -0.0019486809  -0.0001735671  -0.0001403835
 6  8   0.0015452756
 7  1  -0.2010214027  -0.0237940179  -0.0009626078   0.0080542518  -0.0105243569
 7  2  -0.0004012709   0.5080656133  -0.0087011078   0.0000674288  -0.2034929433
 7  3   0.0182227143   0.0005386627   0.0064512335   0.0123864521   0.0004902223
 7  4   0.0293000334   0.0005657424   0.0000489943  -0.0110591183  -0.0001687204
 7  5  -0.0000438374  -0.0995729459   0.0133079753   0.0003781489  -0.0185033853
 7  6  -0.0159061517  -0.0006103379  -0.0001166722   0.0048492880   0.0001554344
 7  7  -0.0182946954   0.0145022105   0.0005178261   0.0001900311  -0.0047400279
 7  8  -0.0001786633
 8  1  -0.0285202887  -0.0858945768  -0.0003909009  -0.0204977270  -0.0314467519
 8  2  -0.0012409860  -0.0087011078   0.8537874280   0.0250931169   0.0229388480
 8  3  -0.0834394764  -0.0002749824   0.0224066882  -0.0299329448  -0.0011046096
 8  4   0.0005654343   0.0057109589   0.0007446573  -0.0002180761  -0.0043313716
 8  5  -0.0002670683   0.0133032665  -0.6406387773  -0.0218996339   0.0183750749
 8  6   0.0102812115   0.0002649530   0.0016984604  -0.0019451148  -0.0005643984
 8  7  -0.0197524462   0.0101120415   0.0002127774  -0.0015981264  -0.0022626261
 8  8  -0.0005729250
 9  1  -0.0011240135  -0.0003497496  -0.0745601087  -0.0007349310  -0.0012248125
 9  2   0.0009226036   0.0000674288   0.0250931169   0.1859958980   0.0007249705
 9  3  -0.0002949662  -0.0745485880   0.0008052580  -0.0011386320   0.0009222651
 9  4   0.0000540583   0.0007480934  -0.0148976204  -0.0000262740  -0.0002309411
 9  5   0.0020554091   0.0003635928  -0.0219485185  -0.0599741528   0.0006534650
 9  6   0.0002203388   0.0037857414   0.0000475868  -0.0005515291   0.0132584191
 9  7  -0.0007546165   0.0002436988   0.0037834295  -0.0000765253  -0.0005660988
 9  8   0.0132567041
10  1  -0.0300029275   0.0061647656   0.0001820629  -0.0030007335   0.0033940870
10  2   0.0001195668  -0.2034929433   0.0229388480   0.0007249705   0.5883333952
10  3   0.0730206537   0.0031917024  -0.1182190967  -0.0008587248  -0.0001455076
10  4   0.0080520922  -0.0205088588  -0.0007239536  -0.0048046095  -0.0100474568
10  5  -0.0003810701   0.0092144673   0.0298130010   0.0010997884  -0.0028774314
10  6  -0.0026764820  -0.0001042929   0.0010770059  -0.0001170192  -0.0000016593
10  7  -0.2499078643  -0.1296008001  -0.0049983669   0.0056286457   0.0284779864
10  8   0.0010367594
11  1  -0.0086880187   0.0185225727   0.0001493798   0.0033944121  -0.0036432551
11  2  -0.0001852598   0.0182227143  -0.0834394764  -0.0002949662   0.0730206537
11  3   0.8049218572   0.0255477665   0.0191673967  -0.4980781180  -0.0165619939
11  4  -0.0105312230  -0.0314411816  -0.0012005890  -0.0040024944   0.0088956162
11  5   0.0002798314   0.0467725406  -0.0636356083  -0.0031131001  -0.0044856106
11  6  -0.0022355233  -0.0001452504   0.0002267054  -0.0001464333   0.0000686217
11  7  -0.1295415977  -0.1396678864  -0.0038346764  -0.0035554785  -0.0100525637
11  8  -0.0007097635
12  1  -0.0003812621   0.0001455212   0.0136439357   0.0001162373  -0.0001828212
12  2   0.0017059760   0.0005386627  -0.0002749824  -0.0745485880   0.0031917024
12  3   0.0255477665   0.1151952466   0.0006115785  -0.0165790634  -0.0474832634
12  4  -0.0004042333  -0.0012339025   0.0009212416  -0.0001490723   0.0002633922
12  5   0.0016883864   0.0017416071  -0.0031115229   0.0199996243  -0.0001738482
12  6  -0.0001408262   0.0015454063   0.0000165679   0.0000696022  -0.0019521559
12  7  -0.0049814128  -0.0038359304  -0.0395827077  -0.0001265270  -0.0006672330
12  8   0.0088668982
13  1  -0.0026013032  -0.0032017863  -0.0001275217  -0.0299998055  -0.0086769473
13  2  -0.0003830125   0.0064512335   0.0224066882   0.0008052580  -0.1182190967
13  3   0.0191673967   0.0006115785   0.5955878291  -0.0833421715  -0.0025113738
13  4  -0.2010187792  -0.0285378103  -0.0011395560   0.0127526749  -0.0261172058
13  5  -0.0009854919  -0.0054586912   0.0093583711   0.0003678824   0.0010808226
13  6   0.0001778631   0.0000084570  -0.0032227985   0.0026313611   0.0000880656
13  7   0.0067822958  -0.0276773551  -0.0010113501  -0.2621343816   0.1238115962
13  8   0.0042770646
14  1  -0.0032014995  -0.0040413569  -0.0002128507   0.0061534398   0.0185381118
14  2   0.0001571982   0.0123864521  -0.0299329448  -0.0011386320  -0.0008587248
14  3  -0.4980781180  -0.0165790634  -0.0833421715   0.7978352834   0.0249922629
14  4  -0.0237889620  -0.0859370130  -0.0003708151  -0.0431457512  -0.0671682954
14  5  -0.0033032285   0.0034190298   0.0095295880   0.0003271218  -0.0001655315
14  6  -0.0001383629   0.0000646917   0.0044270996  -0.0018870115  -0.0001229950
14  7   0.0043744755  -0.0112208621  -0.0007326700   0.1237421437  -0.1274990184
14  8  -0.0030810199
15  1  -0.0001288827  -0.0002115388   0.0017105422   0.0001699917   0.0001453010
15  2   0.0136425041   0.0004902223  -0.0011046096   0.0009222651  -0.0001455076
15  3  -0.0165619939  -0.0474832634  -0.0025113738   0.0249922629   0.1150938551
15  4  -0.0009668048  -0.0003883821  -0.0745607438  -0.0016019703  -0.0032567948
15  5   0.0200065358   0.0001165072   0.0003057615   0.0017043396  -0.0000054303
15  6   0.0000688698  -0.0019512275   0.0001604234  -0.0001199554   0.0015508929
15  7   0.0001475345  -0.0007757635   0.0088616674   0.0042752905  -0.0030931570
15  8  -0.0394973674
16  1   0.0064479614   0.0123931360   0.0004889087  -0.2034900452   0.0182225271
16  2   0.0005026850   0.0293000334   0.0005654343   0.0000540583   0.0080520922
16  3  -0.0105312230  -0.0004042333  -0.2010187792  -0.0237889620  -0.0009668048
16  4   0.5080680719  -0.0087206944   0.0001491425  -0.0995758169   0.0133228375
16  5   0.0003482414  -0.0110642627  -0.0001690035  -0.0000434025   0.0001896016
16  6  -0.0047402821  -0.0001901743  -0.0182919448   0.0145101458   0.0005112484
16  7  -0.0001171486   0.0048499345   0.0001570792  -0.0184997631  -0.0159138500
16  8  -0.0006067487
17  1   0.0224162845  -0.0299255848  -0.0011004474   0.0229624874  -0.0834835670
17  2  -0.0002774873   0.0005657424   0.0057109589   0.0007480934  -0.0205088588
17  3  -0.0314411816  -0.0012339025  -0.0285378103  -0.0859370130  -0.0003883821
17  4  -0.0087206944   0.8544927340   0.0247319455   0.0133178793  -0.6412803938
17  5  -0.0215455856  -0.0002181909  -0.0043256505  -0.0002673756  -0.0015981484
17  6  -0.0022627443  -0.0005746200  -0.0197446145   0.0101148561   0.0002092037
17  7   0.0016983580  -0.0019461310  -0.0005589302   0.0183675656   0.0102837170
17  8   0.0002574882
18  1   0.0008239223  -0.0011394781   0.0009198232   0.0006622925  -0.0002867302
18  2  -0.0745484548   0.0000489943   0.0007446573  -0.0148976204  -0.0007239536
18  3  -0.0012005890   0.0009212416  -0.0011395560  -0.0003708151  -0.0745607438
18  4   0.0001491425   0.0247319455   0.1860326918   0.0003385688  -0.0215902075
18  5  -0.0599933413  -0.0000263909  -0.0002302074   0.0020447994  -0.0000745614
18  6  -0.0005791094   0.0132567100  -0.0007541267   0.0002489794   0.0037818742
18  7   0.0000495379  -0.0005470333   0.0132592923   0.0006461305   0.0002185877
18  8   0.0037837279
19  1  -0.0054574163   0.0034089307   0.0001140393   0.0092118403   0.0467750359
19  2   0.0017074675  -0.0110591183  -0.0002180761  -0.0000262740  -0.0048046095
19  3  -0.0040024944  -0.0001490723   0.0127526749  -0.0431457512  -0.0016019703
19  4  -0.0995758169   0.0133178793   0.0003385688   0.0855048838  -0.0164373865
19  5  -0.0004456975   0.0037900298  -0.0000008886   0.0000307452   0.0004184099
19  6   0.0021276293   0.0000831673   0.0043878432  -0.0024212334  -0.0000812515
19  7   0.0005250200  -0.0019779971  -0.0000684375   0.0043062590   0.0025743520
19  8   0.0000987151
20  1   0.0093500131   0.0095321275   0.0003059412   0.0298108213  -0.0636210740
20  2  -0.0030538647  -0.0001687204  -0.0043313716  -0.0002309411  -0.0100474568
20  3   0.0088956162   0.0002633922  -0.0261172058  -0.0671682954  -0.0032567948
20  4   0.0133228375  -0.6412803938  -0.0215902075  -0.0164373865   0.7570362789
20  5   0.0271469417  -0.0000009052   0.0031079981   0.0001438448   0.0001117931
20  6  -0.0024123440   0.0000137873   0.0008535244   0.0013367751   0.0001225266
20  7   0.0000270799  -0.0025131110   0.0000117386  -0.0007043945   0.0014177941
20  8   0.0001236357
21  1   0.0003549759   0.0003261662   0.0016993206   0.0010888879  -0.0030525751
21  2   0.0200129662  -0.0000438374  -0.0002670683   0.0020554091  -0.0003810701
21  3   0.0002798314   0.0016883864  -0.0009854919  -0.0033032285   0.0200065358
21  4   0.0003482414  -0.0215455856  -0.0599933413  -0.0004456975   0.0271469417
21  5   0.0240782242   0.0000314085   0.0001423582  -0.0000465678   0.0000061221
21  6   0.0000189137  -0.0027675346   0.0000337441   0.0001177751  -0.0019833278
21  7   0.0000065133   0.0000086131  -0.0027677006  -0.0000137962   0.0001278582
21  8  -0.0019823703
22  1   0.0127551331  -0.0431424955  -0.0016276809  -0.0048047045  -0.0040126025
22  2  -0.0001533880  -0.0995729459   0.0133032665   0.0003635928   0.0092144673
22  3   0.0467725406   0.0017416071  -0.0054586912   0.0034190298   0.0001165072
22  4  -0.0110642627  -0.0002181909  -0.0000263909   0.0037900298  -0.0000009052
22  5   0.0000314085   0.0855027854  -0.0164234974  -0.0004748101   0.0043070383
22  6   0.0025713950   0.0001006051   0.0005245641  -0.0019749375  -0.0000667470
22  7   0.0043884649  -0.0024183154  -0.0000818460   0.0004181215   0.0021247126
22  8   0.0000771425
23  1  -0.0261179322  -0.0671842369  -0.0032980199  -0.0100560616   0.0088921275
23  2   0.0002601909   0.0133079753  -0.6406387773  -0.0219485185   0.0298130010
23  3  -0.0636356083  -0.0031115229   0.0093583711   0.0095295880   0.0003057615
23  4  -0.0001690035  -0.0043256505  -0.0002302074  -0.0000008886   0.0031079981
23  5   0.0001423582  -0.0164234974   0.7564241667   0.0275984583  -0.0007037406
23  6   0.0014185829   0.0001240893   0.0000270357  -0.0025132120   0.0000139903
23  7   0.0008529596   0.0013376026   0.0001245156   0.0001117813  -0.0024125808
23  8   0.0000189045
24  1  -0.0010049145  -0.0033491904   0.0199952288  -0.0003850979   0.0002861071
24  2   0.0016924716   0.0003781489  -0.0218996339  -0.0599741528   0.0010997884
24  3  -0.0031131001   0.0199996243   0.0003678824   0.0003271218   0.0017043396
24  4  -0.0000434025  -0.0002673756   0.0020447994   0.0000307452   0.0001438448
24  5  -0.0000465678  -0.0004748101   0.0275984583   0.0240868453  -0.0000134065
24  6   0.0001303938  -0.0019824174   0.0000072522   0.0000079597  -0.0027685189
24  7   0.0000314897   0.0001203582  -0.0019832912   0.0000063248   0.0000150564
24  8  -0.0027683607
25  1  -0.2620847839   0.1236962478   0.0043231531   0.0056231242  -0.0035506528
25  2  -0.0001272997  -0.0185033853   0.0183750749   0.0006534650  -0.0028774314
25  3  -0.0044856106  -0.0001738482   0.0010808226  -0.0001655315  -0.0000054303
25  4   0.0001896016  -0.0015981484  -0.0000745614   0.0004184099   0.0001117931
25  5   0.0000061221   0.0043070383  -0.0007037406  -0.0000134065   0.2720972888
25  6  -0.1328300598  -0.0046373650   0.0008543026   0.0002758272   0.0000193111
25  7  -0.0011200198   0.0007361886   0.0000248490   0.0000150324   0.0001386121
25  8   0.0000050108
26  1   0.1237660329  -0.1275004450  -0.0031352469   0.0284819745  -0.0100500168
26  2  -0.0006685807  -0.0159061517   0.0102812115   0.0002203388  -0.0026764820
26  3  -0.0022355233  -0.0001408262   0.0001778631  -0.0001383629   0.0000688698
26  4  -0.0047402821  -0.0022627443  -0.0005791094   0.0021276293  -0.0024123440
26  5   0.0000189137   0.0025713950   0.0014185829   0.0001303938  -0.1328300598
26  6   0.1310984946   0.0037816180  -0.0002905407   0.0011565462   0.0003010954
26  7  -0.0008200113   0.0006140640  -0.0000082224   0.0001386328   0.0000305373
26  8   0.0000107561
27  1   0.0043291017  -0.0031328584  -0.0395270987   0.0010488990  -0.0007009641
27  2   0.0088689695  -0.0006103379   0.0002649530   0.0037857414  -0.0001042929
27  3  -0.0001452504   0.0015454063   0.0000084570   0.0000646917  -0.0019512275
27  4  -0.0001901743  -0.0005746200   0.0132567100   0.0000831673   0.0000137873
27  5  -0.0027675346   0.0001006051   0.0001240893  -0.0019824174  -0.0046373650
27  6   0.0037816180   0.0251843048  -0.0000013122   0.0003002490  -0.0069998059
27  7  -0.0000317951  -0.0000061404   0.0008275256   0.0000050473   0.0000104451
27  8  -0.0002405737
28  1   0.0067873557   0.0043796099   0.0001493354  -0.2499532710  -0.1295854378
28  2  -0.0050598697  -0.0001166722   0.0016984604   0.0000475868   0.0010770059
28  3   0.0002267054   0.0000165679  -0.0032227985   0.0044270996   0.0001604234
28  4  -0.0182919448  -0.0197446145  -0.0007541267   0.0043878432   0.0008535244
28  5   0.0000337441   0.0005245641   0.0000270357   0.0000072522   0.0008543026
28  6  -0.0002905407  -0.0000013122   0.2590439892   0.1389667309   0.0054362141
28  7   0.0000287575  -0.0001389984  -0.0000041966  -0.0011191318  -0.0008195750
28  8  -0.0000316185
29  1  -0.0276723069  -0.0112228434  -0.0007803120  -0.1296447271  -0.1396641919
29  2  -0.0038829454   0.0048492880  -0.0019451148  -0.0005515291  -0.0001170192
29  3  -0.0001464333   0.0000696022   0.0026313611  -0.0018870115  -0.0001199554
29  4   0.0145101458   0.0101148561   0.0002489794  -0.0024212334   0.0013367751
29  5   0.0001177751  -0.0019749375  -0.0025132120   0.0000079597   0.0002758272
29  6   0.0011565462   0.0003002490   0.1389667309   0.1441403317   0.0045868659
29  7  -0.0001389690   0.0000166386   0.0000100857   0.0007358402   0.0006136592
29  8  -0.0000067751
30  1  -0.0010180970  -0.0007386241   0.0088594530  -0.0050623224  -0.0038779112
30  2  -0.0395598113   0.0001554344  -0.0005643984   0.0132584191  -0.0000016593
30  3   0.0000686217  -0.0019521559   0.0000880656  -0.0001229950   0.0015508929
30  4   0.0005112484   0.0002092037   0.0037818742  -0.0000812515   0.0001225266
30  5  -0.0019833278  -0.0000667470   0.0000139903  -0.0027685189   0.0000193111
30  6   0.0003010954  -0.0069998059   0.0054362141   0.0045868659   0.0252260236
30  7  -0.0000044084   0.0000100828  -0.0002396135   0.0000242121  -0.0000084576
30  8   0.0008265704
31  1  -0.0032247047   0.0044280586   0.0001651504   0.0010780398   0.0002261558
31  2   0.0000158815  -0.0182946954  -0.0197524462  -0.0007546165  -0.2499078643
31  3  -0.1295415977  -0.0049814128   0.0067822958   0.0043744755   0.0001475345
31  4  -0.0001171486   0.0016983580   0.0000495379   0.0005250200   0.0000270799
31  5   0.0000065133   0.0043884649   0.0008529596   0.0000314897  -0.0011200198
31  6  -0.0008200113  -0.0000317951   0.0000287575  -0.0001389690  -0.0000044084
31  7   0.2590075337   0.1389367342   0.0053588894   0.0008543213  -0.0002907973
31  8  -0.0000027640
32  1   0.0026305548  -0.0018859430  -0.0001217067  -0.0001176511  -0.0001451593
32  2   0.0000683817   0.0145022105   0.0101120415   0.0002436988  -0.1296008001
32  3  -0.1396678864  -0.0038359304  -0.0276773551  -0.0112208621  -0.0007757635
32  4   0.0048499345  -0.0019461310  -0.0005470333  -0.0019779971  -0.0025131110
32  5   0.0000086131  -0.0024183154   0.0013376026   0.0001203582   0.0007361886
32  6   0.0006140640  -0.0000061404  -0.0001389984   0.0000166386   0.0000100828
32  7   0.1389367342   0.1441420469   0.0045367027   0.0002754947   0.0011566991
32  8   0.0002987370
33  1   0.0000899286  -0.0001275481   0.0015508942  -0.0000041173   0.0000683514
33  2  -0.0019486809   0.0005178261   0.0002127774   0.0037834295  -0.0049983669
33  3  -0.0038346764  -0.0395827077  -0.0010113501  -0.0007326700   0.0088616674
33  4   0.0001570792  -0.0005589302   0.0132592923  -0.0000684375   0.0000117386
33  5  -0.0027677006  -0.0000818460   0.0001245156  -0.0019832912   0.0000248490
33  6  -0.0000082224   0.0008275256  -0.0000041966   0.0000100857  -0.0002396135
33  7   0.0053588894   0.0045367027   0.0252391532   0.0000197421   0.0002978756
33  8  -0.0069999683
34  1   0.0010798513  -0.0001660739  -0.0000059924  -0.0028755747  -0.0044843510
34  2  -0.0001735671   0.0001900311  -0.0015981264  -0.0000765253   0.0056286457
34  3  -0.0035554785  -0.0001265270  -0.2621343816   0.1237421437   0.0042752905
34  4  -0.0184997631   0.0183675656   0.0006461305   0.0043062590  -0.0007043945
34  5  -0.0000137962   0.0004181215   0.0001117813   0.0000063248   0.0000150324
34  6   0.0001386328   0.0000050473  -0.0011191318   0.0007358402   0.0000242121
34  7   0.0008543213   0.0002754947   0.0000197421   0.2721365889  -0.1328630339
34  8  -0.0045803392
35  1   0.0001771601  -0.0001396469   0.0000668067  -0.0026771352  -0.0022363865
35  2  -0.0001403835  -0.0047400279  -0.0022626261  -0.0005660988   0.0284779864
35  3  -0.0100525637  -0.0006672330   0.1238115962  -0.1274990184  -0.0030931570
35  4  -0.0159138500   0.0102837170   0.0002185877   0.0025743520   0.0014177941
35  5   0.0001278582   0.0021247126  -0.0024125808   0.0000150564   0.0001386121
35  6   0.0000305373   0.0000104451  -0.0008195750   0.0006136592  -0.0000084576
35  7  -0.0002907973   0.0011566991   0.0002978756  -0.1328630339   0.1311004158
35  8   0.0037387004
36  1   0.0000086278   0.0000667282  -0.0019547764  -0.0001031865  -0.0001444667
36  2   0.0015452756  -0.0001786633  -0.0005729250   0.0132567041   0.0010367594
36  3  -0.0007097635   0.0088668982   0.0042770646  -0.0030810199  -0.0394973674
36  4  -0.0006067487   0.0002574882   0.0037837279   0.0000987151   0.0001236357
36  5  -0.0019823703   0.0000771425   0.0000189045  -0.0027683607   0.0000050108
36  6   0.0000107561  -0.0002405737  -0.0000316185  -0.0000067751   0.0008265704
36  7  -0.0000027640   0.0002987370  -0.0069999683  -0.0045803392   0.0037387004
36  8   0.0251642407
$end
