$vibrational normal modes
 1  1   0.1012622045   0.0183167298  -0.1013121436   0.2461040180  -0.0125131062
 1  2   0.0764926174  -0.0004364089   0.0005026670   0.0003626455  -0.2402475432
 1  3  -0.2053056214   0.1757150972  -0.0001959502  -0.0741526045   0.0302335831
 1  4  -0.0001121121  -0.3467832955   0.0024166867  -0.0000379568   0.2289633523
 1  5   0.0001334693  -0.0000895895  -0.0564248481  -0.0053971769   0.0437938247
 1  6   0.0857424449   0.0866219286   0.1441068222  -0.0383574713  -0.0289197006
 1  7   0.0203678384  -0.0069831025   0.0369663949   0.0370130242  -0.0366060226
 1  8  -0.0370520816
 2  1   0.0706723259  -0.2810604954   0.1196863885   0.0903372883  -0.0171378341
 2  2   0.0548521227  -0.0093635915   0.0087613432   0.0085495397   0.0219239203
 2  3   0.0267796350   0.0369209903  -0.0006541839   0.3028926719   0.1674995326
 2  4   0.0028316205   0.0312219518   0.0061128529  -0.0036477254  -0.0611488159
 2  5   0.0029464173  -0.0027996708   0.0277912185  -0.0317978149  -0.0300527590
 2  6   0.0138273633   0.0630059959   0.0671873700  -0.3854989244  -0.3504095110
 2  7   0.2164978786  -0.0435693432  -0.0209572425  -0.0213930146   0.0269778712
 2  8   0.0266099197
 3  1   0.3354512141   0.0868729848   0.0534024840  -0.1765399191   0.1500044479
 3  2   0.0750085892   0.2538794124  -0.2359012584  -0.2299349020  -0.0000209580
 3  3   0.0001840260   0.0014007733   0.0199935159   0.0112797106   0.0065660698
 3  4  -0.0715524002  -0.0000414264  -0.1655050889   0.0957406013  -0.0020802376
 3  5  -0.0798274479   0.0757313493   0.0008739094  -0.0011435423  -0.0010769600
 3  6   0.0005448970   0.0024420746   0.0026583373  -0.0143589938  -0.0130257680
 3  7   0.0080441481  -0.0016037325  -0.0007342977  -0.0007526204   0.0009582591
 3  8   0.0009428467
 4  1   0.0582818959   0.1642810156   0.0076739631   0.2410524381  -0.0092195595
 4  2   0.0277747415  -0.0005124917  -0.0006795602  -0.0003026670  -0.2386180687
 4  3   0.2012831291   0.1837572139  -0.0001716260   0.0592825046  -0.0378042216
 4  4  -0.0002257355  -0.3448596192   0.0016892908  -0.0002349013  -0.2256139177
 4  5   0.0000443248   0.0001418279  -0.0551171069  -0.0068936153  -0.0424635072
 4  6   0.0860700836  -0.0897286533  -0.1473205454  -0.0566883576  -0.0459425074
 4  7   0.0300324880   0.0122316294  -0.0356143128  -0.0355512695  -0.0356800350
 4  8  -0.0360444698
 5  1   0.0686187124  -0.2765380647   0.1233867201   0.0890884858  -0.0151425880
 5  2   0.0618838672  -0.0094131742  -0.0087599293  -0.0085261887  -0.0336676982
 5  3   0.0370191399  -0.0265094857  -0.0007415077   0.3063571610   0.1660482766
 5  4   0.0027725102  -0.0473330285  -0.0055953156  -0.0036711434  -0.0719774993
 5  5  -0.0029050775   0.0028007840  -0.0304593014   0.0314642120  -0.0322063479
 5  6  -0.0095040676   0.0588708707   0.0601510224   0.3831461914   0.3489007689
 5  7  -0.2103858512  -0.0633750226  -0.0224668718  -0.0228100262  -0.0289607325
 5  8  -0.0285439555
 6  1   0.3629235436   0.0600381173   0.0245937154  -0.1460014368   0.0980780206
 6  2  -0.1475691300   0.2536468291   0.2359906311   0.2299930162  -0.0019641277
 6  3   0.0020667421  -0.0008352930   0.0199550598   0.0111876484   0.0063828295
 6  4  -0.0716822510  -0.0007966519   0.1651358351   0.0957673659  -0.0030253654
 6  5   0.0798672278  -0.0756677748  -0.0011010415   0.0011218234  -0.0012661702
 6  6  -0.0002077658   0.0020574826   0.0020417302   0.0141615479   0.0128725493
 6  7  -0.0077419763  -0.0023294268  -0.0008772440  -0.0008916603  -0.0011172999
 6  8  -0.0011022021
 7  1   0.1271219549  -0.0687453146  -0.1663289692   0.2490559494  -0.0141905640
 7  2   0.1054521819  -0.0001907069   0.0005637931   0.0001226424  -0.1095169973
 7  3  -0.2151524205  -0.0128419939   0.0001037374  -0.0612839220   0.0035884458
 7  4   0.0000427992  -0.0027969663  -0.0004101723   0.0001695977  -0.0006110917
 7  5  -0.0001231868  -0.0000013602   0.0944410760  -0.0000395991  -0.1979906264
 7  6  -0.2746151679  -0.0000715078  -0.1327321257   0.0140513089   0.0056323252
 7  7   0.0109025486  -0.0125024978   0.0000483901  -0.0009463796   0.0022003968
 7  8  -0.0000772714
 8  1   0.0379332822  -0.1459903308   0.2200161630   0.0845507117  -0.0068367666
 8  2   0.0014961630  -0.0005822987   0.0067017885   0.0001066027  -0.0026097032
 8  3  -0.0079479696   0.3862658148   0.0073002363  -0.0017055394  -0.1540657179
 8  4  -0.0000669427   0.1229368636  -0.0170375634   0.0061779212   0.0198067248
 8  5  -0.0000108372   0.0003192415   0.0022996975   0.0046988825  -0.0048573811
 8  6  -0.0067583385   0.0113226632  -0.0032994668  -0.0000526462  -0.2289979465
 8  7  -0.4366393721   0.5020028563  -0.0016445902  -0.0000167502   0.0000535629
 8  8   0.0032067238
 9  1   0.1462437739   0.0845569093   0.0655386900  -0.1454087772  -0.0481232425
 9  2   0.2926131009   0.0145331147  -0.1812189947   0.0000266336   0.0008390431
 9  3  -0.0006122980   0.0144599681  -0.1941075098  -0.0004977329  -0.0057717895
 9  4  -0.0001617729   0.0073976533   0.4337531389  -0.1625423948   0.0006946369
 9  5  -0.0000744508  -0.0084722542   0.0002026108   0.0002206234  -0.0004256904
 9  6  -0.0005535187   0.0004618343  -0.0002513567  -0.0000192398  -0.0087052608
 9  7  -0.0163630901   0.0188495581  -0.0000605110  -0.0000008134   0.0000035462
 9  8   0.0001208647
10  1   0.1035709376   0.0117333500  -0.1062456398   0.2462306574  -0.0121865822
10  2   0.0785264517  -0.0004795896   0.0005618876  -0.0001807347  -0.2388075193
10  3  -0.2011930944  -0.1837273111  -0.0002682753  -0.0592559052  -0.0383684471
10  4   0.0001032783   0.3447063703  -0.0019280759  -0.0002230953  -0.2256347045
10  5   0.0000496710  -0.0000473151  -0.0550775831   0.0069761261   0.0424015378
10  6   0.0862046563  -0.0897298086   0.1472936120  -0.0567627724   0.0458775730
10  7  -0.0310426564   0.0091591508  -0.0361667205   0.0360252838  -0.0350987807
10  8   0.0355717858
11  1   0.0028219639  -0.0057101333   0.3246111658   0.0773183820   0.0057739830
11  2  -0.0436997582  -0.0094525960   0.0087615098  -0.0085269805  -0.0337524865
11  3  -0.0370115567   0.0265330255  -0.0006388411  -0.3063549597   0.1659940014
11  4  -0.0024260727   0.0478546664   0.0056419849  -0.0036598182  -0.0719845306
11  5  -0.0028724527  -0.0027397291  -0.0305003254  -0.0315023275   0.0321612651
11  6  -0.0095242547   0.0587926914  -0.0600421364   0.3831747344  -0.3485474467
11  7   0.2151515523  -0.0423001764  -0.0228926391   0.0232117285  -0.0285883915
11  8   0.0282481287
12  1  -0.0114390896   0.0514366997   0.0446057553  -0.0792203859  -0.3058694646
12  2   0.2547313959   0.2537382688  -0.2358569265   0.2300255060  -0.0015574199
12  3  -0.0018399739   0.0003654640   0.0200759059  -0.0113223430   0.0060404944
12  4   0.0715937655   0.0006802157  -0.1652505349   0.0955418527  -0.0029049817
12  5   0.0799365028   0.0758278826  -0.0010201293  -0.0010931005   0.0012487791
12  6  -0.0002259005   0.0020761492  -0.0020733844   0.0140786303  -0.0127785256
12  7   0.0078776753  -0.0015652546  -0.0008810859   0.0008948353  -0.0010881899
12  8   0.0010760989
13  1   0.0606510801   0.1577059229   0.0027436083   0.2411615987  -0.0088121423
13  2   0.0297780388  -0.0004649830  -0.0006112510   0.0002530119  -0.2400550458
13  3   0.2053973921  -0.1757397711  -0.0002785945   0.0741773849   0.0296695271
13  4   0.0001883299   0.3469110255  -0.0022206212  -0.0000613265   0.2289415669
13  5   0.0001091629   0.0000765402  -0.0564631291   0.0053167763  -0.0438583423
13  6   0.0856094851   0.0866166825  -0.1441299620  -0.0382807662   0.0289710693
13  7  -0.0196008463  -0.0090070803   0.0365663306  -0.0363428600  -0.0371899436
13  8   0.0375478818
14  1   0.0007790063  -0.0011967824   0.3283017409   0.0760792855   0.0077539626
14  2  -0.0367422998  -0.0093983931  -0.0085999078   0.0083854470   0.0218641747
14  3  -0.0267841694  -0.0369164256  -0.0005970369  -0.3028983688   0.1675558623
14  4  -0.0024592545  -0.0306988709  -0.0059772533  -0.0036293482  -0.0611443259
14  5   0.0029045004   0.0027542099   0.0277530648   0.0317572629   0.0300972458
14  6   0.0137999640   0.0630838190  -0.0672967754  -0.3854351860   0.3508318831
14  7  -0.2116159223  -0.0647737036  -0.0206584301   0.0209146909   0.0273126502
14  8  -0.0268906941
15  1   0.0160340795   0.0246015504   0.0157966421  -0.0486816648  -0.3577958804
15  2   0.0321506579   0.2537850637   0.2359706829  -0.2299517404  -0.0000490189
15  3  -0.0003885085  -0.0013901512   0.0198789178  -0.0111391954   0.0059820524
15  4   0.0716682595   0.0000927543   0.1653955571   0.0959662519  -0.0021637671
15  5  -0.0797316688  -0.0756076579   0.0008107529   0.0011212521   0.0010536846
15  6   0.0005550426   0.0024138990  -0.0026399697  -0.0142097739   0.0129222048
15  7  -0.0077724310  -0.0023642797  -0.0007152203   0.0007267888   0.0009582263
15  8  -0.0009413955
16  1   0.0348171719   0.2447723348   0.0677623810   0.2382021003  -0.0070997734
16  2   0.0008050376  -0.0002064637  -0.0006182121   0.0000218035  -0.1093107958
16  3   0.2152016668   0.0128419938   0.0001831555   0.0612771778   0.0035835005
16  4  -0.0000264794   0.0028088960   0.0005081959   0.0002074770  -0.0006110503
16  5  -0.0001204399  -0.0000633708   0.0943803904   0.0000383041   0.1981459862
16  6  -0.2744292712  -0.0000692669   0.1328396674   0.0140124795  -0.0055396899
16  7  -0.0097374911  -0.0137094910   0.0000450872   0.0009126736   0.0022171464
16  8   0.0000774658
17  1   0.0335225741  -0.1362705910   0.2279679627   0.0818700302  -0.0025536585
17  2   0.0165815668  -0.0006831608  -0.0066408447  -0.0000379405  -0.0025966915
17  3   0.0079452052  -0.3863116446   0.0069989118   0.0017163610  -0.1538548821
17  4  -0.0002592391  -0.1234078627   0.0167334866   0.0061055128   0.0198257324
17  5   0.0000008154  -0.0003171347   0.0022978894  -0.0046629691   0.0048590818
17  6  -0.0067510835   0.0112284418   0.0033005027  -0.0000412188   0.2252884054
17  7   0.3898868569   0.5503946755  -0.0015999526   0.0000120707   0.0000532803
17  8  -0.0032264019
18  1   0.2052417199   0.0269173255   0.0036601218  -0.0798124489  -0.1596688794
18  2  -0.1854562123   0.0143525526   0.1810931654   0.0000020905   0.0006425640
18  3   0.0007272689  -0.0138695340  -0.1940819943   0.0002714290  -0.0055804868
18  4   0.0001493704  -0.0074106680  -0.4337104667  -0.1627077519   0.0009107597
18  5  -0.0000753481   0.0082912054   0.0002099159  -0.0001901707   0.0004753658
18  6  -0.0006159942   0.0004401365   0.0002909676  -0.0000131963   0.0083960924
18  7   0.0143940156   0.0203336561  -0.0000578185   0.0000011727   0.0000047378
18  8  -0.0001191195
19  1  -0.0042804788   0.3775900891   0.1669319012   0.2336023398  -0.0040880306
19  2  -0.0435300814   0.0009656520   0.0006326753  -0.0000181801   0.4755084027
19  3  -0.1840052010   0.0075184968   0.0002792310   0.2014089253   0.0046377274
19  4   0.0000198588   0.0035640193   0.0000567417  -0.0000024868  -0.0014553479
19  5   0.0000102662   0.0000117544  -0.0126653225  -0.0006042100  -0.0303838327
19  6   0.0390123669   0.0010795796  -0.0080269743   0.0223011194   0.0053812767
19  7   0.0053898274   0.0086602595  -0.0000093319  -0.0000623192  -0.0002305092
19  8  -0.0000273611
20  1   0.0316517020  -0.1321401715   0.2313458585   0.0807346892  -0.0007395183
20  2   0.0229602151   0.0158106040   0.0070126112  -0.0000511365   0.0116668216
20  3  -0.0015671736  -0.4196428353  -0.0022525004   0.0052092512  -0.1847111548
20  4  -0.0002942539  -0.1433381505  -0.0026384549  -0.0012925933   0.0611291494
20  5  -0.0000214925   0.0001094802  -0.0003529454   0.0249754510  -0.0007928917
20  6   0.0010025200  -0.0452831584  -0.0002645410   0.0008592552  -0.2215866404
20  7  -0.2176378948  -0.3521065326   0.0004126350   0.0000021323  -0.0000057582
20  8   0.0011563095
21  1   0.2302182209   0.0024973518  -0.0225543210  -0.0520186464  -0.2069462245
21  2  -0.3879748290  -0.4301545622  -0.1867641400  -0.0000430066   0.0012333001
21  3  -0.0005579770  -0.0155660748   0.0554458382   0.0004224868  -0.0067979394
21  4  -0.0000460147  -0.0046453871   0.0928140603   0.0383138878   0.0022289393
21  5   0.0000160144  -0.0041434024  -0.0000488309   0.0009193279  -0.0000884865
21  6   0.0001246411  -0.0016782077  -0.0000235790   0.0000612587  -0.0082127087
21  7  -0.0080278323  -0.0130376214   0.0000148881  -0.0000000637  -0.0000007390
21  8   0.0000416277
22  1   0.1663289675  -0.2015565557  -0.2654990162   0.2536250649  -0.0170593586
22  2   0.1497359891   0.0009008023  -0.0004055884  -0.0002023104   0.4756392273
22  3   0.1838096846  -0.0075227772   0.0003908075  -0.2014456061   0.0046428517
22  4   0.0000141101  -0.0035501288  -0.0000867031   0.0000070419  -0.0014555502
22  5   0.0000141659   0.0000003486  -0.0126897455   0.0006042185   0.0303594862
22  6   0.0390293950   0.0010809611   0.0080160620   0.0222944476  -0.0054413124
22  7  -0.0061282740   0.0079677368  -0.0000098600   0.0000659274  -0.0002287788
22  8   0.0000272713
23  1   0.0398230250  -0.1501366695   0.2166210944   0.0857032774  -0.0086779973
23  2  -0.0050144610   0.0162134497  -0.0071890527   0.0001010650   0.0116772824
23  3   0.0015654220   0.4196338170  -0.0020784747  -0.0052119031  -0.1849612912
23  4  -0.0000934230   0.1427534861   0.0026744337  -0.0013536850   0.0611328825
23  5  -0.0000197568  -0.0001333271  -0.0003537967  -0.0249710929   0.0007922294
23  6   0.0010033552  -0.0453394631   0.0002642050   0.0008724618   0.2239451887
23  7   0.2476415343  -0.3240578743   0.0004282699  -0.0000010378  -0.0000059562
23  8  -0.0011505603
24  1   0.1212667239   0.1089778296   0.0917541169  -0.1732037195  -0.0008436414
24  2   0.4951390494  -0.4302469638   0.1866682384  -0.0000559295   0.0010520124
24  3   0.0004861794   0.0156851793   0.0554283442  -0.0003197360  -0.0069019607
24  4   0.0000318228   0.0047208585  -0.0927678372   0.0382624062   0.0023146539
24  5   0.0000150141   0.0041782079  -0.0000432273  -0.0009395987   0.0000770260
24  6   0.0001122045  -0.0017113616   0.0000174058   0.0000567822   0.0084492929
24  7   0.0092961940  -0.0122102392   0.0000157682  -0.0000000560  -0.0000005374
24  8  -0.0000422040
25  1   0.1192150446  -0.0431552050  -0.1472037817   0.2482719286  -0.0140901430
25  2   0.0970752146  -0.0004936129   0.0008774477   0.0006203562  -0.2693926719
25  3  -0.3496401999   0.0055333533  -0.0008272990  -0.0399642148   0.1752037583
25  4  -0.0005890906  -0.3029094768   0.0027457768   0.0005887217   0.3897086796
25  5  -0.0009810037   0.0006475606   0.1921271872  -0.2452138250   0.2909140127
25  6   0.2938440082  -0.2108381750  -0.1530162812   0.3038371162   0.2711862991
25  7  -0.2372797298   0.1098247881  -0.4290131574  -0.4303395485   0.4233962396
25  8   0.4242071519
26  1   0.0961945824  -0.3829748011   0.0436926857   0.0956067087  -0.0263232217
26  2   0.0875610376  -0.0112396666   0.0151763983   0.0164994759  -0.0174706746
26  3  -0.2110687568  -0.2340284866  -0.0178054883   0.3585655985   0.4010074947
26  4  -0.0178519870   0.1386247799   0.0129427135   0.0175045578   0.1990617353
26  5  -0.0190623331   0.0184515673   0.4522753695  -0.4341010272   0.3766313658
26  6   0.3418320724  -0.4391114287  -0.4383982986   0.0840504811   0.0399095679
26  7  -0.2005528738   0.1781602016   0.2561036275   0.2574970610  -0.2564775442
26  8  -0.2563038788
27  1   0.4493348047   0.1114748426   0.0691991807  -0.2252224707   0.3381805946
27  2   0.1071573354   0.3045646730  -0.4001527533  -0.4436054800  -0.0035804120
27  3  -0.0092644199  -0.0094537088   0.4784488650   0.0139546914   0.0125895300
27  4   0.4946172558   0.0004793066  -0.3507327193  -0.4758877997   0.0084834774
27  5   0.4931359508  -0.4939825987   0.0176994866  -0.0166436522   0.0143071811
27  6   0.0130797494  -0.0165512524  -0.0164546786   0.0035895433   0.0018622826
27  7  -0.0077837622   0.0067742832   0.0089995629   0.0090456778  -0.0090221152
27  8  -0.0090161779
28  1   0.0386291651   0.2304999193   0.0571246193   0.2388028280  -0.0079230973
28  2   0.0057411713  -0.0006850729  -0.0011102515  -0.0006060370  -0.2693102487
28  3   0.3594478491   0.0057031574  -0.0008304285   0.0225810627  -0.1942172255
28  4  -0.0010624884  -0.2964855476   0.0009840084   0.0004934874  -0.3991046397
28  5   0.0003696333  -0.0004511481   0.2132412710  -0.2655546712  -0.3093013591
28  6   0.3106826851   0.2314264561   0.1736745924   0.3076016148   0.2734986168
28  7  -0.2344889707  -0.1419192407   0.4126972214   0.4128293453   0.4152979222
28  8   0.4149693569
29  1   0.0923462765  -0.3745067961   0.0506224332   0.0932650587  -0.0225820152
29  2   0.1007554718  -0.0111298415  -0.0145208670  -0.0163871774   0.0039097794
29  3  -0.1973111014   0.2287548523  -0.0175994348   0.3601692293   0.3930032154
29  4  -0.0180270965  -0.1515146353  -0.0116728978   0.0174861942   0.1808563760
29  5   0.0189285668  -0.0184571536  -0.4421110304   0.4214989815   0.3628065500
29  6  -0.3286318073  -0.4283349910  -0.4305698280  -0.0693582357  -0.0282448099
29  7   0.1724044032   0.1924770006   0.2740014560   0.2746833393   0.2795983970
29  8   0.2786935477
30  1   0.5008547629   0.0611660189   0.0151885493  -0.1679726607   0.2408474452
30  2  -0.3101413749   0.3041090552   0.4002873486   0.4435239925  -0.0026278346
30  3  -0.0060155380   0.0074842417   0.4783904706   0.0134181604   0.0117228263
30  4   0.4943991288  -0.0058759913   0.3534213285  -0.4760288779   0.0062727870
30  5  -0.4933838348   0.4935972857  -0.0168164373   0.0155306017   0.0131922681
30  6  -0.0118447905  -0.0155731898  -0.0156787125  -0.0022550602  -0.0007844677
30  7   0.0061162899   0.0069769660   0.0106639777   0.0106860962   0.0108731549
30  8   0.0108385930
31  1   0.1231851742  -0.0544918060  -0.1556990107   0.2484915101  -0.0135349461
31  2   0.1005799195  -0.0006109986   0.0009789759  -0.0003094081  -0.2696339178
31  3  -0.3592704405  -0.0057241884  -0.0007305177  -0.0225535623  -0.1946479591
31  4   0.0004515243   0.2958542612  -0.0015444976   0.0003908997  -0.3989780292
31  5   0.0001862757   0.0002595529   0.2130586659   0.2654797831   0.3093282343
31  6   0.3107202659   0.2315951473  -0.1739415965   0.3077978510  -0.2726471420
31  7   0.2463398571  -0.1173197311   0.4190729591  -0.4183576639   0.4085785249
31  8  -0.4095262184
32  1  -0.0209130037   0.0922667535   0.3973834438   0.0731354796   0.0132233863
32  2  -0.0825246026  -0.0112110466   0.0144585253  -0.0165402597   0.0040026086
32  3   0.1971986257  -0.2285642838  -0.0175523492  -0.3601603350   0.3925305546
32  4   0.0187803145   0.1527329090   0.0120869344   0.0173254822   0.1806531860
32  5   0.0189717365   0.0187103738  -0.4417885378  -0.4212799211  -0.3630065924
32  6  -0.3284937629  -0.4286532092   0.4310192302  -0.0697440520   0.0270315395
32  7  -0.1891782005   0.1726618902   0.2782887529  -0.2784275750   0.2751397580
32  8  -0.2750916648
33  1  -0.1493739848   0.0503088372   0.0540112409  -0.0572486656  -0.4486424888
33  2   0.4173084595   0.3042904933  -0.3999290222   0.4434771500  -0.0016089167
33  3   0.0061830951  -0.0096303224   0.4782685384  -0.0132554180   0.0153374081
33  4  -0.4938607978   0.0054266818  -0.3527136300  -0.4749000132   0.0063871384
33  5  -0.4938473396  -0.4945744366  -0.0170925172  -0.0156105428  -0.0132081760
33  6  -0.0119336362  -0.0155794941   0.0156690144  -0.0022980582   0.0007943887
33  7  -0.0067764513   0.0062852962   0.0106916489  -0.0106916533   0.0105642406
33  8  -0.0105621473
34  1   0.0427327535   0.2191817298   0.0486364107   0.2389838077  -0.0071892651
34  2   0.0091784056  -0.0005406253  -0.0010061186   0.0004976849  -0.2690773229
34  3   0.3498129478  -0.0055066856  -0.0007691702   0.0399870612   0.1747605518
34  4   0.0010174001   0.3034822110  -0.0023687240   0.0006019439   0.3898240041
34  5  -0.0010709332  -0.0008474614   0.1922937270   0.2452788635  -0.2908984924
34  6   0.2937992149  -0.2106831156   0.1527716906   0.3036284029  -0.2720270415
34  7   0.2261648251   0.1334720232  -0.4244397600   0.4225780055   0.4301561574
34  8  -0.4299266378
35  1  -0.0247366125   0.1007099786   0.4042881263   0.0708154877   0.0169304855
35  2  -0.0694925263  -0.0112753570  -0.0149821642   0.0162255442  -0.0173356638
35  3   0.2112056444   0.2341922819  -0.0173305663  -0.3586196976   0.4012119741
35  4   0.0185737714  -0.1373992828  -0.0124763525   0.0173882192   0.1992531660
35  5  -0.0189383031  -0.0185371940   0.4525867749   0.4343222568  -0.3764339762
35  6   0.3419678583  -0.4387888188   0.4379480741   0.0836544912  -0.0411730414
35  7   0.1832302014   0.1991093623   0.2533328929  -0.2528014037  -0.2605177425
35  8   0.2597161100
36  1  -0.0978462163   0.0000000000   0.0000000000   0.0000000000  -0.5459677835
36  2   0.0000000000   0.3043789538   0.4003955452  -0.4437390458  -0.0033152081
36  3   0.0086009240   0.0081455292   0.4785902053  -0.0131210695   0.0155188316
36  4  -0.4951087219  -0.0002970184   0.3514548215  -0.4770196823   0.0088458248
36  5   0.4924728796   0.4931828941   0.0179564704   0.0166058168  -0.0142167110
36  6   0.0129359443  -0.0163635750   0.0162486779   0.0033919699  -0.0018296993
36  7   0.0069203524   0.0074991452   0.0087935289  -0.0087725202  -0.0090499078
36  8   0.0090218411
$end
