$energy      SCF               SCFKIN            SCFPOT            MP2
     1 -567.0336058243      566.950636     -1133.98424     -.6810858158850
     2 -567.0339919342      566.998925     -1134.03292     -.6810531162133
     3 -567.0340288949      567.013994     -1134.04802     -.6810481058988
     4 -567.0340469239      567.017539     -1134.05159     -.6810464606608
     5 -567.0340700507      567.020494     -1134.05456     -.6810449401597
     6 -567.0340930912      567.020400     -1134.05449     -.6810419743468
     7 -567.0341228725      567.028458     -1134.06258     -.6810368694131
     8 -567.0341229992      567.028731     -1134.06285     -.6810367481157
     9 -567.0341230104      567.028768     -1134.06289     -.6810366389617
$end
