$energy      SCF               SCFKIN            SCFPOT
     1 -600.5230949493      599.7979515577     -1200.321046507
     2 -600.5542697029      599.6722335950     -1200.226503298
     3 -600.5963523713      599.5051343974     -1200.101486769
     4 -600.6196992681      599.4039343052     -1200.023633573
     5 -600.6311886663      599.3325562484     -1199.963744915
     6 -600.6346975580      599.2868115360     -1199.921509094
     7 -600.6352929881      599.2645466444     -1199.899839633
     8 -600.6361392656      599.2529187703     -1199.889058036
     9 -600.6382018821      599.2625468306     -1199.900748713
    10 -600.6414501093      599.2694173101     -1199.910867419
    11 -600.6461438377      599.2754489927     -1199.921592830
    12 -600.6500212395      599.3421399378     -1199.992161177
    13 -600.6530903371      599.4074378989     -1200.060528236
    14 -600.6558967343      599.4481297330     -1200.104026467
    15 -600.6583863134      599.4823171560     -1200.140703469
    16 -600.6602808150      599.4955820268     -1200.155862842
    17 -600.6614072490      599.5258711085     -1200.187278357
    18 -600.6614934247      599.5125416247     -1200.174035049
    19 -600.6615174038      599.5162236223     -1200.177741026
    20 -600.6615190720      599.5160339005     -1200.177552972
    21 -600.6615186663      599.5151498789     -1200.176668545
    22 -600.6615188392      599.5152941646     -1200.176813004
$end
