$coord
   -2.94114944586658     -0.05906209457549      3.20800513513821  c
   -2.10764321843893     -2.38868167981609      3.01010902604328  o
   -4.69145784317858      0.67873741829637      4.54858777405121  o
   -3.13012887181767     -3.57078580812763      4.15360468153364  h
   -6.29030577362371     -1.18908481603101      6.29608951525095  h
   -7.32820712412369     -2.37974057497063      7.41622238218252  o
   -6.48920539505657     -4.70781878836383      7.22163544743220  c
   -4.71618425667154     -5.43888347043898      5.90759673952745  o
   -7.57287380889202     -6.02381298158469      8.40525061774968  h
   -1.87584189336978      1.25125483676444      2.00166073509465  h
$user-defined bonds
$redundant
     number_of_atoms            10
     degrees_of_freedom         24
     internal_coordinates       30
     frozen_coordinates          0
# definitions of redundant internals
   1 k  1.0000000000000 stre   2    4           val=   1.93660
   2 k  1.0000000000000 stre   4    8           val=   3.01361
   3 k  1.0000000000000 linc   8    2    4    1 val=  -0.62003
   4 k  1.0000000000000 linp   8    2    4    1 val=  -0.39265
   5 k  1.0000000000000 stre   6    5           val=   1.93639
   6 k  1.0000000000000 stre   5    3           val=   3.01643
   7 k  1.0000000000000 linc   3    6    5    7 val=  -0.36753
   8 k  1.0000000000000 linp   3    6    5    7 val=  -0.21273
   9 k  0.7071067811865 tors   5    3    1    2 val=  89.29174
        0.7071067811865 tors   5    3    1   10
  10 k  0.7071067811865 tors   4    2    1    3 val=  89.95733
        0.7071067811865 tors   4    2    1   10
  11 k  1.0000000000000 tors   7    8    2    1 val=   0.82514
  12 k  1.0000000000000 tors   7    6    3    1 val=   0.86230
  13 k  0.7071067811865 tors   8    7    6    5 val=  90.04309
        0.7071067811865 tors   9    7    6    5
  14 k  0.7071067811865 tors   4    8    7    6 val=  89.40969
        0.7071067811865 tors   4    8    7    9
  15 k  1.0000000000000 stre   1    3           val=   2.32488
  16 k  1.0000000000000 stre   1    2           val=   2.48214
  17 k  1.0000000000000 stre   1   10           val=   2.07535
  18 k -0.3929917604280 bend   2    3    1      val=   1.20214
        0.8163236282483 bend  10    3    1
       -0.4232885661098 bend  10    2    1
  19 k  0.7157104363408 bend   2    3    1      val=   7.22710
       -0.0174718675150 bend  10    3    1
       -0.6981785625170 bend  10    2    1
  20 k  1.0000000000000 outp   3   10    2    1 val=  -0.02396
  21 k  1.0000000000000 bend   4    1    2      val= 110.39686
  22 k  1.0000000000000 bend   5    1    3      val= 122.45225
  23 k  1.0000000000000 stre   6    7           val=   2.48228
  24 k  1.0000000000000 bend   5    7    6      val= 110.49804
  25 k  1.0000000000000 stre   7    8           val=   2.32481
  26 k  1.0000000000000 stre   7    9           val=   2.07536
  27 k -0.3940717225557 bend   6    8    7      val=   1.18660
        0.8163385656650 bend   9    8    7
       -0.4222544537242 bend   9    6    7
  28 k  0.7151078704275 bend   6    8    7      val=   7.25526
       -0.0162654502288 bend   9    8    7
       -0.6988248484288 bend   9    6    7
  29 k  1.0000000000000 outp   8    9    6    7 val=  -0.00950
  30 k  1.0000000000000 bend   4    7    8      val= 122.37266
        24 non zero eigenvalues  of BmBt
           1           5.553752042    0    0
        -0.059488926         0.120763407         0.118551565         0.014455891
         0.059243884        -0.124905439        -0.116241226         0.004633417
        -0.002052745         0.004955521        -0.025345595         0.000846766
        -0.010668869         0.009613144         0.452372915        -0.313146432
        -0.207019815        -0.191966850        -0.251086736        -0.011807957
         0.193718117        -0.054076862         0.302805609        -0.185935975
        -0.433921039         0.195917144         0.185752067         0.240429503
         0.009461091         0.052071883
           2           5.359303582    0    0
        -0.044562826         0.101677436        -0.048221971        -0.005900701
        -0.044742398         0.098354873        -0.051212082         0.003840769
         0.009373657        -0.015659348         0.026340841        -0.019352519
         0.016149121        -0.010173113        -0.437945213         0.353622831
         0.168238622         0.211896071         0.205338970         0.020982624
        -0.166867853         0.057309731         0.370062391        -0.174090586
        -0.456892661         0.174122206         0.221682818         0.214363802
        -0.019594567         0.060430160
           3           4.873001948    0    0
         0.167025816        -0.052298309         0.024620949        -0.093303845
         0.048038404         0.003280061        -0.003020833         0.093587550
         0.219162214        -0.309380927         0.354728535        -0.361259760
         0.314533721        -0.209227063        -0.017095983        -0.247054842
         0.244654218        -0.172336343         0.146596037         0.318008540
        -0.042709900        -0.078789484        -0.065650381        -0.025220316
        -0.030782144         0.100423261        -0.048692667         0.065113088
        -0.319065516        -0.015644043
           4           4.736295402    0    0
        -0.241363644         0.145208848        -0.056322188        -0.021574712
         0.308864642        -0.159432996         0.063207201         0.019357171
         0.029258293        -0.072205836         0.072892378        -0.064013814
         0.060855097        -0.063965162         0.010532514         0.316813689
        -0.287461172         0.213228277        -0.169383135         0.067537604
         0.044702387         0.118357248        -0.406912253        -0.069332799
        -0.033138592         0.398944132        -0.277257625         0.238239599
        -0.063630205        -0.149665804
           5           4.445485879    0    0
        -0.238359029         0.047407837        -0.042357361        -0.055390066
        -0.213931005         0.030060803        -0.035796790         0.054334648
         0.102474932        -0.178095829         0.162720172        -0.163480253
         0.174259365        -0.104818932         0.104879432         0.285754330
        -0.398077850         0.196997406        -0.241433656         0.172132300
         0.092887277         0.129938230         0.260640807         0.086587541
         0.096311225        -0.366610039         0.181022490        -0.222025919
        -0.171995247         0.119488583
           6           2.814233399    0    0
        -0.457181781         0.277781544         0.038601567         0.126800347
        -0.483056635         0.315472972         0.047444792         0.110459540
        -0.135316039         0.205332177        -0.021571264        -0.015469531
         0.201511814        -0.169769285        -0.036718728        -0.087846968
         0.180400979        -0.144372474        -0.064939716        -0.151605193
         0.100342809        -0.077238845        -0.093788962         0.102586746
        -0.045159457         0.202839928        -0.151644399        -0.059412879
        -0.140589300        -0.062011517
           7           2.794198324    0    0
         0.254873546        -0.186738584        -0.031465441         0.227106715
         0.213104636        -0.120146232        -0.017788927         0.237700557
        -0.308780564         0.407669276        -0.021139823        -0.025760631
         0.410341570        -0.288426343         0.028760007         0.053146858
        -0.112807303         0.081391835         0.025886159        -0.289469226
        -0.053558799         0.017609137         0.041757915        -0.048282665
         0.013826132        -0.077468837         0.068979256         0.035594315
        -0.295333150         0.050562040
           8           2.563799054    0    0
         0.517141629        -0.262798131        -0.014253426        -0.024015496
        -0.511049454         0.261272247         0.016550073        -0.018962282
         0.016100510        -0.028855877         0.020261447         0.016528861
        -0.026046449         0.022640744         0.092151425         0.043717518
        -0.363770449         0.122497956        -0.003524409         0.020244972
        -0.049100539         0.075028915        -0.044036420         0.048211594
        -0.091229363         0.361169079        -0.121290782         0.004031546
         0.015475071        -0.074094562
           9           0.921239563    0    0
         0.117319572         0.127758236         0.339062819         0.020862417
         0.119450689         0.127730459         0.339667704        -0.008060638
        -0.015385763        -0.008079198         0.002587045        -0.002034950
         0.010082225         0.015449112        -0.371994067        -0.278682718
        -0.212455511         0.094198700        -0.033254971         0.003455191
         0.248239020         0.154180702        -0.276971568         0.245572267
        -0.368919379        -0.212350001         0.093634662        -0.031934038
        -0.006642197         0.152408711
          10           0.728480036    0    0
         0.106796642         0.192949086        -0.174992788        -0.020297751
        -0.107026756        -0.192663371         0.178577653        -0.005098230
        -0.008985313        -0.016651642         0.015430728         0.017832594
        -0.008788295        -0.001233885         0.441120443         0.271060066
         0.178421422        -0.036144860         0.095978758        -0.030050837
        -0.315295692        -0.081220012        -0.273488988         0.317508724
        -0.443351416        -0.178074454         0.036809867        -0.096811440
        -0.017719861         0.081258755
          11           0.570289930    0    0
        -0.020345140        -0.038312431        -0.044642217         0.385686641
        -0.004424615        -0.013091881        -0.008108349        -0.379289694
         0.166504654         0.466506028         0.122505244        -0.146974370
        -0.446722479        -0.154551169         0.000919351         0.001178875
        -0.016592665        -0.010969806        -0.002961971         0.324206509
        -0.000039409         0.019912177        -0.014759699         0.015632745
        -0.015877647        -0.003849117         0.012954344        -0.003537108
        -0.300014734         0.031854128
          12           0.515445884    0    0
        -0.001391342        -0.018770700        -0.038141175         0.182164854
         0.000074302         0.007595492         0.030729112         0.208700438
         0.104269018         0.273223726        -0.368854970        -0.360108773
         0.300295386         0.114264949         0.013956930         0.024132595
        -0.009118811        -0.025402324         0.006443225         0.468366930
        -0.023160327         0.013486924        -0.022842192         0.025051694
        -0.019834578         0.007356424         0.027646828        -0.005120464
         0.491718147        -0.012351531
          13           0.448823285    0    0
        -0.118421387        -0.363781619         0.180374120        -0.001346992
        -0.119575644        -0.366781552         0.181051402         0.006551309
        -0.028004798        -0.018324251        -0.002462561         0.013380260
         0.011095283         0.027524604         0.070979890         0.011903291
         0.377842989         0.270491197        -0.146460469         0.018826450
         0.209946227         0.182430605         0.015616807         0.208678424
         0.072698754         0.377299613         0.267726270        -0.146451516
        -0.014677115         0.179503923
          14           0.330624213    0    0
        -0.190007115        -0.333917542        -0.166662096        -0.048176890
         0.190725992         0.331224445         0.171785130        -0.021218135
         0.039914073        -0.036191653        -0.019645475        -0.015348527
        -0.005948189         0.043078135        -0.052611816         0.158106349
        -0.183085734        -0.452041043        -0.056361440        -0.070257363
        -0.128332688        -0.174418842        -0.157636643         0.129447882
         0.053116526         0.186156654         0.454220942         0.055266012
        -0.037711900         0.174158505
          15           0.171669708    0    0
         0.047824112        -0.164135622         0.237469290        -0.064904540
        -0.039823228         0.163102131        -0.217597707        -0.075102191
         0.290733560         0.018050556        -0.321845950        -0.323002049
         0.023805221         0.285313018         0.092408692         0.226593208
         0.198134584         0.063627626        -0.128156869        -0.276587092
         0.186108700        -0.064553136        -0.205657379        -0.179464499
        -0.090829833        -0.190074221        -0.068850107         0.123475799
        -0.276834573         0.061895909
          16           0.162766125    0    0
        -0.014153235         0.255433825        -0.124034427        -0.076816620
         0.022235317        -0.256687218         0.144449546        -0.078970257
         0.234556407         0.023536290        -0.295836656        -0.295442632
         0.021525383         0.226697162        -0.107277535        -0.200778332
        -0.238720963        -0.022769072         0.204893788        -0.274103884
        -0.188095556         0.057986663         0.222581602         0.193391734
         0.108109128         0.243853159         0.012826094        -0.209362027
        -0.257918778        -0.061275156
          17           0.086329047    0    0
         0.131568086        -0.127334994        -0.051351957        -0.006608891
         0.093825087        -0.110572296         0.098805165        -0.007481027
        -0.012260209        -0.007175391        -0.006944751        -0.001385734
         0.004593433         0.007421389        -0.230993313         0.214319809
         0.106774942        -0.461184462        -0.455035769        -0.004041122
         0.028467776         0.152370384         0.255166678         0.046206327
        -0.209886764         0.017670630        -0.434008754        -0.279349297
        -0.008258358        -0.007582662
          18           0.085690587    0    0
         0.063589293        -0.002047371        -0.339585785        -0.050081359
        -0.108855117         0.060253886         0.338819852        -0.025685703
         0.000148190         0.001305294        -0.063611262        -0.054498390
        -0.008013116         0.028704920         0.002653117        -0.142977744
         0.184521770         0.036235824        -0.312844451        -0.042543476
        -0.052738900         0.347398862         0.046205275         0.034398518
         0.101433716        -0.210905840         0.156710197         0.477463977
        -0.069945716        -0.380539124
          19           0.056329976    0    0
        -0.017487764        -0.075073040        -0.025604776         0.226215422
        -0.028880166        -0.062511228         0.005480320        -0.227900041
         0.522315859        -0.114379498         0.000801817         0.006887207
         0.114975960        -0.528523470        -0.024399070        -0.017291968
        -0.009472546         0.013876051        -0.001718283        -0.388360354
         0.006975632         0.022951725        -0.006692223         0.005039694
        -0.029270135        -0.029194412         0.000845570         0.020394839
         0.390159919        -0.004296260
          20           0.035904856    0    0
        -0.183506811        -0.209206479        -0.322705850        -0.038682247
        -0.182976030        -0.207609896        -0.320998529         0.029752036
        -0.028681877        -0.012055073        -0.029714141         0.011597815
         0.006395586         0.048697566        -0.230888822        -0.347993717
        -0.072508688         0.068876158        -0.189021237        -0.000624594
        -0.288252079         0.124322414        -0.343668968        -0.286378112
        -0.231584476        -0.073294396         0.065257805        -0.187726196
        -0.025109161         0.118648903
          21           0.009582318    0    0
        -0.281829803        -0.411533331         0.149351909        -0.017937300
        -0.266456650        -0.390749307         0.165771255         0.037898126
        -0.040268092         0.002446189         0.017747987        -0.007338736
        -0.015798163         0.053448916        -0.105770384         0.044312171
        -0.217307930        -0.173788804         0.315998212         0.015492780
         0.055542170        -0.196985012         0.056375166         0.052178069
        -0.117845307        -0.219610550        -0.196441994         0.307449633
        -0.021434070        -0.191653205
          22           0.009002503    0    0
        -0.241025523        -0.328798113        -0.273981838        -0.011327357
         0.261570335         0.357270766         0.269302085         0.011804292
         0.032487875        -0.017071776        -0.021413313        -0.015263899
        -0.010529967         0.042532532         0.221854922        -0.209886139
         0.043433136         0.360495143         0.130631735        -0.019272390
         0.017306699        -0.058318713         0.210307042        -0.019461463
        -0.210604192        -0.028823499        -0.350133598        -0.148624986
        -0.020722225         0.069026951
          23           0.001720366    0    0
        -0.086014677         0.038898837         0.278091488         0.038346533
        -0.085396695         0.037931205         0.277448963        -0.030572426
        -0.023248918        -0.013163194         0.010386068        -0.010673325
         0.014270357         0.019332254         0.162635973         0.008308271
        -0.022583639        -0.160369720         0.136578569        -0.015666527
        -0.344304102         0.469799526         0.005323339        -0.348243782
         0.161532730        -0.022034437        -0.159032621         0.132013340
         0.019976395         0.471406118
          24           0.000697358    0    0
        -0.018159322        -0.027334913         0.049681924        -0.591163745
         0.008062256         0.008979180        -0.018678055        -0.592895250
        -0.291111349         0.173741833        -0.159094062        -0.157823025
         0.176482493        -0.286973340         0.011059193        -0.007374539
        -0.002773132         0.016739276         0.008351241         0.085050037
        -0.011246316        -0.024693336         0.004488862         0.000606068
        -0.019094241        -0.005324314        -0.014052577        -0.010078484
         0.083865369         0.007751267
$end
