$energy      SCF               SCFKIN            SCFPOT
     1 -379.7301256011      378.1986221488     -757.9287477499
     2 -379.7408836329      378.2362478583     -757.9771314912
     3 -379.7484399507      378.3106514397     -758.0590913904
     4 -379.7502446355      378.2932562119     -758.0435008473
     5 -379.7518514506      378.2628265064     -758.0146779570
     6 -379.7530279744      378.2530703716     -758.0060983459
     7 -379.7545098255      378.2473700740     -758.0018798995
     8 -379.7564967539      378.2490994520     -758.0055962059
     9 -379.7586710258      378.2580417661     -758.0167127919
    10 -379.7609138675      378.2652840202     -758.0261978877
    11 -379.7631178482      378.2700248906     -758.0331427389
    12 -379.7654018895      378.2680244834     -758.0334263729
    13 -379.7676839735      378.2720453317     -758.0397293052
    14 -379.7695542507      378.2345320014     -758.0040862521
    15 -379.7710768079      378.2939029516     -758.0649797595
    16 -379.7686191944      378.1632843062     -757.9319035006
    17 -379.7701219078      378.2145728680     -757.9846947758
    18 -379.7716057918      378.2994600057     -758.0710657974
    19 -379.7708254173      378.3133638314     -758.0841892487
    20 -379.7713651792      378.3042899301     -758.0756551093
    21 -379.7717722659      378.2926032079     -758.0643754738
    22 -379.7718076985      378.2896384914     -758.0614461900
    23 -379.7718245691      378.2899886931     -758.0618132622
    24 -379.7718222773      378.2837215502     -758.0555438275
    25 -379.7718262373      378.2885800030     -758.0604062403
    26 -379.7718269498      378.2886990240     -758.0605259738
    27 -379.7718271580      378.2883704966     -758.0601976547
    28 -379.7718271859      378.2880823580     -758.0599095440
$end
