$coord
   -6.59937716146310     -2.42674849472192      2.57032988567099       c
   -6.69116115933617      0.10954742344456      2.38171632117209       o
   -4.71913746198295     -3.56375890938676      1.87577994582603       o
   -8.17278203008776      1.02956058721861      2.92712907526158       h
   -0.97984189287971      3.56602658073631      0.16142040556553       c
   -2.85630214011061      4.70369839954476      0.86509772259243       o
   -0.87666284647514      1.03222510105433      0.37586652618807       o
    0.60204784604452      0.11172060848788     -0.17653821456254       h
   -8.19279422974755     -3.46545535638372      3.33839017176389       h
    0.60098959941473      4.60214451760737     -0.63555269023414       h
$end
