$coord
   -2.22218564173118      0.26270972584547      2.56343238531610       c
   -1.02723622408532     -1.97398901252283      2.31054923531868       o
   -3.68574073073135      0.61584284675429      4.31127787250497       o
   -1.29761823799678     -3.33908937043000      3.49690039909750       h
   -7.94452201149422     -1.32840187656693      7.21637274115341       h
   -8.32212708571694     -2.78685470503061      8.25279303420442       o
   -7.25964746940734     -5.05675593140859      7.79056602412095       c
   -5.78367687976839     -5.32214906835103      6.03771276270183       o
   -7.72096741095099     -6.65714608909291      8.98430601704705       h
   -1.87927593915659      1.75795552195562      1.20485158253890       h
$end
