$energy      SCF               SCFKIN            SCFPOT            MP2
     1 -2792.270714845      2792.18052     -5584.45123     -.8072874261497
     2 -2792.271100915      2792.22880     -5584.49990     -.8072543466233
     3 -2792.271137768      2792.24387     -5584.51501     -.8072492769825
     4 -2792.271155812      2792.24741     -5584.51857     -.8072476124366
     5 -2792.271179097      2792.25036     -5584.52154     -.8072460143071
     6 -2792.271201986      2792.25026     -5584.52146     -.8072431201213
     7 -2792.271231881      2792.25832     -5584.52955     -.8072379054270
     8 -2792.271232010      2792.25860     -5584.52983     -.8072378678448
     9 -2792.271232021      2792.25864     -5584.52987     -.8072377629055
$end
