$coord
   -5.30321401258228      2.80072529478536     -0.00000000000000       c
   -5.52194981150772      0.16563449482345     -0.00000000000000       c
   -3.35014426825906     -1.33964574700845      0.00000000000000       c
   -0.95986748774241     -0.21306662055156      0.00000000000000       c
   -0.74111279155573      2.42202417941036      0.00000000000000       c
   -2.91293723206564      3.92730442124226     -0.00000000000000       c
   -6.97911762620665      3.97139173172978     -0.00000000000000       h
   -7.36794767360965     -0.71269131064136     -0.00000000000000       h
    0.71605502314320     -1.38373305749597      0.00000000000000       h
    1.10486617328495      3.30034998487517      0.00000000000000       h
$end
