$energy      SCF               SCFKIN            SCFPOT
     1 -229.3240206275      228.8485334040     -458.1725540315
     2 -229.3397495695      229.1254537944     -458.4652033639
     3 -229.3512938231      229.4454943938     -458.7967882169
     4 -229.3539945304      229.4370972170     -458.7910917474
     5 -229.3549615105      229.3600384853     -458.7149999958
     6 -229.3550556858      229.3035136542     -458.6585693400
     7 -229.3550933916      229.3563797308     -458.7114731224
     8 -229.3550966591      229.3468885433     -458.7019852025
     9 -229.3550966732      229.3469123416     -458.7020090148
    10 -229.3550966925      229.3469563114     -458.7020530039
$end
