$energy      SCF               SCFKIN            SCFPOT            MP2
     1 -2792.269750018      2792.18966     -5584.45941     -.8087415318323
     2 -2792.270135351      2792.23769     -5584.50783     -.8087059402919
     3 -2792.270174292      2792.25282     -5584.52299     -.8086986147373
     4 -2792.270193199      2792.25634     -5584.52654     -.8086968350794
     5 -2792.270216191      2792.25917     -5584.52938     -.8086947664415
     6 -2792.270237575      2792.25921     -5584.52945     -.8086931377707
     7 -2792.270266808      2792.26721     -5584.53748     -.8086892119682
     8 -2792.270266931      2792.26751     -5584.53777     -.8086892170422
     9 -2792.270266955      2792.26756     -5584.53783     -.8086891120697
$end
