$hessian (projected)
 1  1   0.3691030710   0.0246093097   0.0000000000  -0.3691030710  -0.0246093097
 1  2   0.0000000000
 2  1   0.0246093097   0.0016407832   0.0000000000  -0.0246093097  -0.0016407832
 2  2   0.0000000000
 3  1   0.0000000000   0.0000000000   0.0000000000   0.0000000000   0.0000000000
 3  2   0.0000000000
 4  1  -0.3691030710  -0.0246093097   0.0000000000   0.3691030710   0.0246093097
 4  2   0.0000000000
 5  1  -0.0246093097  -0.0016407832   0.0000000000   0.0246093097   0.0016407832
 5  2   0.0000000000
 6  1   0.0000000000   0.0000000000   0.0000000000   0.0000000000   0.0000000000
 6  2   0.0000000000
$end
