$energy      SCF               SCFKIN            SCFPOT            MP2
     1 -2792.270706011      2792.18060     -5584.45131     -.8074339190721
     2 -2792.271091961      2792.22886     -5584.49995     -.8074005277012
     3 -2792.271128930      2792.24391     -5584.51504     -.8073952822165
     4 -2792.271147249      2792.24746     -5584.51861     -.8073935215853
     5 -2792.271170488      2792.25042     -5584.52159     -.8073918871910
     6 -2792.271193186      2792.25039     -5584.52158     -.8073891189720
     7 -2792.271223071      2792.25838     -5584.52960     -.8073840297352
     8 -2792.271223192      2792.25864     -5584.52987     -.8073840144953
     9 -2792.271223209      2792.25869     -5584.52992     -.8073839213753
$end
