$energy      SCF               SCFKIN            SCFPOT            MP2
     1 -2792.262259345      2792.24163     -5584.50389     -.8123290773451
     2 -2792.262632238      2792.28866     -5584.55129     -.8122918507506
     3 -2792.262670810      2792.30344     -5584.56612     -.8122822096207
     4 -2792.262686276      2792.30604     -5584.56873     -.8122788671494
     5 -2792.262701209      2792.30797     -5584.57068     -.8122758170730
     6 -2792.262713811      2792.30830     -5584.57102     -.8122755950726
     7 -2792.262736125      2792.31552     -5584.57826     -.8122729245229
     8 -2792.262736394      2792.31583     -5584.57856     -.8122728577405
     9 -2792.262736406      2792.31587     -5584.57861     -.8122727083191
$end
