$dipgrad          cartesian dipole gradients
  0.82965091547638D-03  0.23821211402616D-03  -.16186778117581D-03
  -.67357644771415D-04  0.85667290127206D-03  0.47738195226633D-03
  0.17613359058350D-03  0.39558306722171D-05  0.85203535521827D-03
  -.14140885065788D+00  -.14502949530099D-03  0.10389376240188D-03
  0.32624215961896D-02  0.68649429917503D-01  -.13780256812309D-03
  -.92830338326756D-03  0.52815206796659D-03  0.70638391771205D-01
  0.48790420993703D-01  -.30054190708449D-01  0.59882947775771D-01
  -.31351660467084D-01  0.36434703625812D-01  0.73244477916883D-01
  0.59390222822972D-01  0.73324303045352D-01  -.82806648310242D-01
  0.47858433416377D-01  -.37892545085401D-01  -.54808181980738D-01
  -.37459395826843D-01  0.10284124974607D-01  -.88134435776306D-01
  -.55483282878055D-01  -.87672514029421D-01  -.57676490587569D-01
  0.43930345333036D-01  0.67853553175301D-01  -.50167917762577D-02
  0.65615992342643D-01  -.11622493141825D+00  0.14550378475280D-01
  -.31547701522580D-02  0.13816103085444D-01  0.68992711772416D-01
$end
