$hessian (projected)
 1  1   0.5345268791  -0.0000118432  -0.0000152895  -0.3094465128  -0.0000184875
 1  2   0.0000112042  -0.0750158781  -0.0357620034   0.0747802737  -0.0750246150
 1  3  -0.0468463295  -0.0683357178  -0.0750398732   0.0826386635  -0.0064404706
 2  1  -0.0000118432   0.5345039666   0.0000130163  -0.0000168271  -0.0457120517
 2  2  -0.0000184699  -0.0357614238  -0.0893346134   0.0912238556  -0.0468536248
 2  3  -0.1206871505  -0.1093169924   0.0826437189  -0.2787701509   0.0180985904
 3  1  -0.0000152895   0.0000130163   0.5344715859   0.0000050103  -0.0000219139
 3  2  -0.0457144909   0.0747816220   0.0912284464  -0.2365157028  -0.0683338156
 3  3  -0.1093071841  -0.2051060440  -0.0064375272   0.0180876353  -0.0471353482
 4  1  -0.3094465128  -0.0000168271   0.0000050103   0.3363579985   0.0000142405
 4  2  -0.0000065947  -0.0089744613   0.0001912645  -0.0003930910  -0.0089688033
 4  3   0.0002459258   0.0003581640  -0.0089682211  -0.0004346037   0.0000365115
 5  1  -0.0000184875  -0.0457120517  -0.0000219139   0.0000142405   0.0448531469
 5  2   0.0000092607  -0.0135912613  -0.0007980530  -0.0013380885  -0.0178243179
 5  3  -0.0003361149   0.0016135211   0.0314198261   0.0019930728  -0.0002627795
 6  1   0.0000112042  -0.0000184699  -0.0457144909  -0.0000065947   0.0000092607
 6  2   0.0448506824   0.0284239822  -0.0013410686   0.0013695580  -0.0259892760
 6  3   0.0016100580   0.0009112894  -0.0024393156  -0.0002597803  -0.0014170388
 7  1  -0.0750158781  -0.0357614238   0.0747816220  -0.0089744613  -0.0135912613
 7  2   0.0284239822   0.0772398755   0.0395262573  -0.0826587356   0.0033755045
 7  3   0.0060679602  -0.0097208821   0.0033749594   0.0037584676  -0.0108259865
 8  1  -0.0357620034  -0.0893346134   0.0912284464   0.0001912645  -0.0007980530
 8  2  -0.0013410686   0.0395262573   0.0930719469  -0.1008410277   0.0075006484
 8  3   0.0080174513  -0.0152183939  -0.0114561668  -0.0109567317   0.0261720438
 9  1   0.0747802737   0.0912238556  -0.2365157028  -0.0003930910  -0.0013380885
 9  2   0.0013695580  -0.0826587356  -0.1008410277   0.2557494920   0.0086666475
 9  3   0.0108657477  -0.0197906367  -0.0003950946   0.0000895129  -0.0008127104
10  1  -0.0750246150  -0.0468536248  -0.0683338156  -0.0089688033  -0.0178243179
10  2  -0.0259892760   0.0033755045   0.0075006484   0.0086666475   0.0772369034
10  3   0.0517973185   0.0755311754   0.0033810104   0.0053799757   0.0101252687
11  1  -0.0468463295  -0.1206871505  -0.1093071841   0.0002459258  -0.0003361149
11  2   0.0016100580   0.0060679602   0.0080174513   0.0108657477   0.0517973185
11  3   0.1277244592   0.1208327601  -0.0112648751  -0.0147186450  -0.0240013818
12  1  -0.0683357178  -0.1093169924  -0.2051060440   0.0003581640   0.0016135211
12  2   0.0009112894  -0.0097208821  -0.0152183939  -0.0197906367   0.0755311754
12  3   0.1208327601   0.2210339830   0.0021672605   0.0020891051   0.0029514084
13  1  -0.0750398732   0.0826437189  -0.0064375272  -0.0089682211   0.0314198261
13  2  -0.0024393156   0.0033749594  -0.0114561668  -0.0003950946   0.0033810104
13  3  -0.0112648751   0.0021672605   0.0772521245  -0.0913425031   0.0071046769
14  1   0.0826386635  -0.2787701509   0.0180876353  -0.0004346037   0.0019930728
14  2  -0.0002597803   0.0037584676  -0.0109567317   0.0000895129   0.0053799757
14  3  -0.0147186450   0.0020891051  -0.0913425031   0.3024524549  -0.0200064729
15  1  -0.0064404706   0.0180985904  -0.0471353482   0.0000365115  -0.0002627795
15  2  -0.0014170388  -0.0108259865   0.0261720438  -0.0008127104   0.0101252687
15  3  -0.0240013818   0.0029514084   0.0071046769  -0.0200064729   0.0464136890
$end
