$vibrational normal modes
 1  1  -0.0090128490   0.0166323566  -0.0161043307   0.4150778947   0.0009312751
 1  2   0.0538739015   0.0348723446   0.0966634333   0.0712690294  -0.0000859392
 1  3  -0.0000073617   0.0000121367  -0.0380223662   0.0726260265  -0.0415242574
 2  1  -0.0411774941   0.0759863507   0.0553969939  -0.0113911769   0.3771758919
 2  2   0.0232769171   0.0941007675  -0.0681069405   0.0463269187   0.0000164858
 2  3  -0.0000105701   0.0001229105  -0.0396778785   0.0245022782   0.0791790185
 3  1   0.0374069353  -0.2927328883   0.1499989886   0.0264377276   0.0399730271
 3  2   0.0160467345  -0.0746254101  -0.0407042821   0.0917273727  -0.0000549508
 3  3  -0.0000329550   0.0001023989  -0.0736500068  -0.0506922343  -0.0212135672
 4  1  -0.0090176991   0.0166440668  -0.0160871510   0.4150777438   0.0009215678
 4  2   0.0538758609   0.0253319968   0.0700797993   0.0516973447  -0.0001082635
 4  3  -0.0000178757   0.4998846991   0.3574818036  -0.6810769676   0.3889827178
 5  1   0.1527418116  -0.2818764995  -0.4956832305  -0.0468892815   0.6756541083
 5  2   0.0760136848  -0.4546866321   0.3291170456  -0.2235097338   0.2033336855
 5  3   0.4567999002   0.0000615551  -0.0087430890   0.0053977288   0.0175364668
 6  1   0.2070989971  -0.1608602317   0.2155020702  -0.1721347498  -0.0603860068
 6  2   0.5908468312   0.3605924396   0.1963759386  -0.4434508170  -0.4564725043
 6  3   0.2036071764   0.0000195989  -0.0162925384  -0.0111965865  -0.0047256262
 7  1  -0.0744907550  -0.2410899988  -0.2959571006   0.5695383576   0.2076887320
 7  2  -0.4135824753   0.0415833503  -0.3947459933  -0.4102952564  -0.4707394912
 7  3  -0.0126694262  -0.1665733039  -0.1169791399  -0.2313224502  -0.1255648469
 8  1   0.3620970052   0.3992847510   0.3550765602   0.0842549888   0.3441167140
 8  2  -0.1531431948  -0.1983951572   0.4175999734  -0.3039442714   0.0840378729
 8  3  -0.4488694482  -0.2031860833  -0.1412262071  -0.2964048271  -0.1244606479
 9  1   0.2045787002  -0.2391467467   0.1836180826   0.1327081843   0.1051965012
 9  2  -0.2515151701  -0.1751944213   0.0115858954  -0.2759330806  -0.1443533002
 9  3  -0.2196291575   0.4250475469   0.2607113122   0.6199898729   0.2922214911
10  1   0.2263594262  -0.0716659551  -0.2590503996   0.2417504937   0.0820727093
10  2   0.5289268538  -0.1615089171  -0.5330155771  -0.1224003841   0.2469506218
10  3  -0.4017485712  -0.1671577944   0.2828190634   0.0228682449  -0.0470268315
11  1  -0.5335664902   0.0087878745   0.1330775424  -0.0761755016   0.2169443572
11  2   0.1509010920  -0.4432959588   0.2229039435   0.1307028080  -0.4009879576
11  3  -0.1354671879  -0.2673761163   0.4571219632   0.0163357325  -0.0430967896
12  1   0.2742058952  -0.2087900639   0.2008756813   0.1451778505   0.1150818038
12  2  -0.2751458052   0.3767904101   0.0423017291   0.0745318569   0.1690716091
12  3   0.2650936331  -0.3898871807   0.6630302023   0.0047106008  -0.0930294999
13  1  -0.1789046668   0.3626395178   0.5066764295   0.4339476769  -0.2869565417
13  2   0.0462675702  -0.3209514977  -0.2941769116  -0.3682561492   0.2249211999
13  3   0.4145235965  -0.1662982242  -0.0702404412   0.0241065089   0.2784194054
14  1  -0.1459752041   0.1777532019   0.2291199874  -0.0067535099   0.2719888876
14  2   0.0193334540  -0.0249437533  -0.1580465328  -0.1552886152   0.1134199517
14  3   0.1276626911   0.4690360214   0.1656559982  -0.0173021441  -0.7934903120
15  1  -0.5362561595  -0.5621347539   0.0000000000   0.0000000000   0.0000000000
15  2   0.0000000000   0.3270612456   0.2347759101  -0.4481876660   0.4324089990
15  3  -0.2486789538  -0.0364001687  -0.0298223812  -0.0094461966   0.0583182788
$end
