$hessian (projected)
 1  1   1.4865646159   0.0917699790   0.0000000000  -1.4865646159  -0.0917699790
 1  2   0.0000000000
 2  1   0.0917699790   0.0056652291   0.0000000000  -0.0917699790  -0.0056652291
 2  2   0.0000000000
 3  1   0.0000000000   0.0000000000   0.0000000000   0.0000000000   0.0000000000
 3  2   0.0000000000
 4  1  -1.4865646159  -0.0917699790   0.0000000000   1.4865646159   0.0917699790
 4  2   0.0000000000
 5  1  -0.0917699790  -0.0056652291   0.0000000000   0.0917699790   0.0056652291
 5  2   0.0000000000
 6  1   0.0000000000   0.0000000000   0.0000000000   0.0000000000   0.0000000000
 6  2   0.0000000000
$end
