$energy      SCF               SCFKIN            SCFPOT            MP2
     1 -2792.270713080      2792.18051     -5584.45123     -.8073536842207
     2 -2792.271099091      2792.22879     -5584.49988     -.8073204757561
     3 -2792.271135984      2792.24384     -5584.51497     -.8073153380960
     4 -2792.271154071      2792.24739     -5584.51855     -.8073136360463
     5 -2792.271177413      2792.25035     -5584.52153     -.8073120174531
     6 -2792.271200267      2792.25024     -5584.52144     -.8073091861347
     7 -2792.271230105      2792.25830     -5584.52953     -.8073040244840
     8 -2792.271230232      2792.25858     -5584.52981     -.8073039983651
     9 -2792.271230244      2792.25861     -5584.52984     -.8073038988118
$end
