$energy      SCF               SCFKIN            SCFPOT            MP2
     1 -2792.270319852      2792.18463     -5584.45495     -.8081769328669
     2 -2792.270705596      2792.23275     -5584.50346     -.8081419796144
     3 -2792.270743673      2792.24784     -5584.51858     -.8081358940476
     4 -2792.270762549      2792.25141     -5584.52217     -.8081337686494
     5 -2792.270786024      2792.25434     -5584.52512     -.8081319525891
     6 -2792.270808153      2792.25431     -5584.52512     -.8081299633709
     7 -2792.270837443      2792.26235     -5584.53318     -.8081258394891
     8 -2792.270837568      2792.26263     -5584.53347     -.8081258407501
     9 -2792.270837588      2792.26269     -5584.53353     -.8081257389649
$end
