$energy      SCF               SCFKIN            SCFPOT            MP2
     1 -2792.268389803      2792.20039     -5584.46878     -.8096882787581
     2 -2792.268773592      2792.24825     -5584.51702     -.8096518932225
     3 -2792.268813291      2792.26339     -5584.53220     -.8096437623635
     4 -2792.268832030      2792.26675     -5584.53559     -.8096413965482
     5 -2792.268853720      2792.26937     -5584.53823     -.8096388618887
     6 -2792.268873357      2792.26954     -5584.53842     -.8096376466192
     7 -2792.268902019      2792.27742     -5584.54632     -.8096338338819
     8 -2792.268902132      2792.27773     -5584.54663     -.8096338470782
     9 -2792.268902159      2792.27779     -5584.54669     -.8096337406496
$end
