$energy      SCF               SCFKIN            SCFPOT
     1 -2794.346401561      2789.650997267     -5583.997398828
     2 -2794.346406879      2789.655858786     -5584.002265666
     3 -2794.346407566      2789.658090395     -5584.004497961
     4 -2794.346407860      2789.658458406     -5584.004866266
     5 -2794.346408315      2789.658750740     -5584.005159055
     6 -2794.346408644      2789.658841091     -5584.005249735
     7 -2794.346409124      2789.659872864     -5584.006281988
     8 -2794.346409163      2789.659976566     -5584.006385729
$end
