$dipgrad          cartesian dipole gradients
  0.82734697308672D-01  0.18694914001324D-04  0.13356799666478D-04
  0.18893244641753D-04  0.82727431187259D-01  0.21952243047973D-04
  0.12896610907699D-04  0.20871500938674D-04  0.82777762174353D-01
  -.17945720073213D+00  -.93372769560673D-06  -.44747224167470D-05
  -.61621465599500D-05  0.58700933354887D-01  -.75565494401027D-05
  -.58239711692473D-05  -.74185848766147D-05  0.58695724221084D-01
  0.32244258309765D-01  -.32294337105504D-01  0.67520697997765D-01
  -.32292794951037D-01  0.19302532397663D-01  0.82384565730098D-01
  0.67520952893513D-01  0.82388988768975D-01  -.11361180180659D+00
  0.32243401199975D-01  -.42338664898037D-01  -.61728787426009D-01
  -.42339513340962D-01  -.90074023468689D-02  -.98750036797711D-01
  -.61728870678041D-01  -.98748229778091D-01  -.85283832348430D-01
  0.32234843914199D-01  0.74615240817410D-01  -.58007926490044D-02
  0.74619577194058D-01  -.15172349459222D+00  0.16351075374005D-01
  -.57991548552296D-02  0.16345788093068D-01  0.57422147760399D-01
$end
