$hessian (projected)
 1  1   0.5760561268  -0.0000251155  -0.0000272918  -0.3199350716  -0.0000031459
 1  2   0.0000029540  -0.0853771473  -0.0357743112   0.0748117082  -0.0853692589
 1  3  -0.0468863917  -0.0683630757  -0.0853746489   0.0826889642  -0.0064242947
 2  1  -0.0000251155   0.5760731786  -0.0000286427  -0.0000051531  -0.0560548531
 2  2   0.0000003000  -0.0357739246  -0.0997046797   0.0912795680  -0.0468859897
 2  3  -0.1310711566  -0.1093656441   0.0826901828  -0.2892424892   0.0181144187
 3  1  -0.0000272918  -0.0000286427   0.5759823137   0.0000020085   0.0000003000
 3  2  -0.0560559513   0.0748126465   0.0912816993  -0.2469446954  -0.0683632808
 3  3  -0.1093669098  -0.2155209152  -0.0064240824   0.0181135532  -0.0574607517
 4  1  -0.3199350716  -0.0000051531   0.0000020085   0.3493000495   0.0000054780
 4  2  -0.0000015584  -0.0097860909  -0.0000410630   0.0000858780  -0.0097867448
 4  3  -0.0000546938  -0.0000792171  -0.0097921422   0.0000954318  -0.0000071110
 5  1  -0.0000031459  -0.0560548531   0.0000003000   0.0000054780   0.0524990632
 5  2   0.0000017271  -0.0156534131   0.0000012737  -0.0014700377  -0.0205231535
 5  3   0.0005063865   0.0017602489   0.0361742345   0.0030481296  -0.0002922383
 6  1   0.0000029540   0.0000003000  -0.0560559513  -0.0000015584   0.0000017271
 6  2   0.0524992449   0.0327327551  -0.0014705692   0.0023718205  -0.0299232684
 6  3   0.0017603204   0.0018659058  -0.0028108822  -0.0002917783  -0.0006810198
 7  1  -0.0853771473  -0.0357739246   0.0748126465  -0.0097860909  -0.0156534131
 7  2   0.0327327551   0.0854756151   0.0402385415  -0.0841461115   0.0048449786
 7  3   0.0070098291  -0.0110233969   0.0048426445   0.0041789671  -0.0123758933
 8  1  -0.0357743112  -0.0997046797   0.0912816993  -0.0000410630   0.0000012737
 8  2  -0.0014705692   0.0402385415   0.1015940789  -0.1026681657   0.0086286678
 8  3   0.0101925478  -0.0173276323  -0.0130518352  -0.0120832207   0.0301846679
 9  1   0.0748117082   0.0912795680  -0.2469446954   0.0000858780  -0.0014700377
 9  2   0.0023718205  -0.0841461115  -0.1026681657   0.2672080124   0.0098073941
 9  3   0.0122208504  -0.0224530332  -0.0005588688   0.0006377850  -0.0001821044
10  1  -0.0853692589  -0.0468859897  -0.0683632808  -0.0097867448  -0.0205231535
10  2  -0.0299232684   0.0048449786   0.0086286678   0.0098073941   0.0854654969
10  3   0.0527408172   0.0768965067   0.0048455282   0.0060396582   0.0115826485
11  1  -0.0468863917  -0.1310711566  -0.1093669098  -0.0000546938   0.0005063865
11  2   0.0017603204   0.0070098291   0.0101925478   0.0122208504   0.0527408172
11  3   0.1368689979   0.1230186885  -0.0128095607  -0.0164967757  -0.0276329496
12  1  -0.0683630757  -0.1093656441  -0.2155209152  -0.0000792171   0.0017602489
12  2   0.0018659058  -0.0110233969  -0.0173276323  -0.0224530332   0.0768965067
12  3   0.1230186885   0.2318663213   0.0025691830   0.0019143389   0.0042417213
13  1  -0.0853746489   0.0826901828  -0.0064240824  -0.0097921422   0.0361742345
13  2  -0.0028108822   0.0048426445  -0.0130518352  -0.0005588688   0.0048455282
13  3  -0.0128095607   0.0025691830   0.0854786184  -0.0930030214   0.0072246505
14  1   0.0826889642  -0.2892424892   0.0181135532   0.0000954318   0.0030481296
14  2  -0.0002917783   0.0041789671  -0.0120832207   0.0006377850   0.0060396582
14  3  -0.0164967757   0.0019143389  -0.0930030214   0.3147743559  -0.0203738988
15  1  -0.0064242947   0.0181144187  -0.0574607517  -0.0000071110  -0.0002922383
15  2  -0.0006810198  -0.0123758933   0.0301846679  -0.0001821044   0.0115826485
15  3  -0.0276329496   0.0042417213   0.0072246505  -0.0203738988   0.0540821546
$end
