$vibrational normal modes
 1  1  -0.0119461302   0.0064149806  -0.0094122062   0.4443339230  -0.0112476757
 1  2  -0.0033266678   0.0430350318  -0.1015685756   0.0585466277  -0.0000010962
 1  3   0.0000083674   0.0000506616   0.0302202007   0.0707576952  -0.0506189508
 2  1   0.1501799968  -0.0806435783   0.0646247889   0.0151801944  -0.0324185668
 2  2   0.2555448685   0.0206030760  -0.0548427793  -0.1102884656   0.0000060157
 2  3   0.0000048833   0.0001764590   0.0350808368   0.0391263665   0.0756355763
 3  1  -0.1276830551  -0.0483099946   0.3332082260   0.0034648791  -0.0102754007
 3  2   0.0001243202   0.1154113399   0.0476639811  -0.0021411719   0.0000007830
 3  3  -0.0000044879   0.0001038320   0.0796115228  -0.0440996354  -0.0141117709
 4  1  -0.0119317181   0.0064086837  -0.0094056448   0.4443346678  -0.0112521811
 4  2  -0.0033421953   0.0317238448  -0.0748801995   0.0431518119  -0.0000036830
 4  3   0.0000071063   0.4995208660  -0.2838620056  -0.6625640075   0.4731172064
 5  1  -0.2598325812   0.1395173090  -0.1012547367   0.0034045323   0.2214733879
 5  2   0.7401562865  -0.0996638282   0.2653276349   0.5335060646   0.1744970291
 5  3   0.4685229782   0.0000463855   0.0073914350   0.0082335033   0.0159470572
 6  1   0.1839041507   0.0168714943   0.5771004071   0.0657705764   0.5093585523
 6  2  -0.1251875879  -0.5582494785  -0.2305400800   0.0103355760  -0.4685593153
 6  3   0.1745678559   0.0000245592   0.0167793856  -0.0092850719  -0.0029752606
 7  1  -0.4437380423   0.0405038690  -0.2843329362   0.3865493993  -0.3499675037
 7  2   0.3003596012  -0.3483305926   0.3115986230  -0.3269224174  -0.4695080272
 7  3  -0.0421545055  -0.1666559199   0.1450715806  -0.2306138934  -0.0930588932
 8  1   0.4497639785   0.3161895180   0.3478770188   0.0034494562  -0.2830745131
 8  2   0.1319051556  -0.2707040095   0.0459937712   0.4801668580   0.1118832802
 8  3  -0.4428572366  -0.2033205992   0.1766323785  -0.2913211233  -0.0845974429
 9  1  -0.1536569061   0.1548034153   0.3609052105  -0.0247910270  -0.2628808196
 9  2   0.0600228123  -0.2005782694   0.2279214419   0.1218683891  -0.1305018806
 9  3  -0.2283009101   0.4253062573  -0.3371380870   0.6171748985   0.2072707436
10  1   0.0116803128   0.1745195719   0.0917721149   0.4864993108   0.5281833157
10  2   0.1576734174   0.0056300697   0.4428829206  -0.3592877408   0.2712399531
10  3  -0.3855836253  -0.1672736881  -0.2825318957  -0.0173788965  -0.0502808364
11  1   0.1379356742  -0.5838883607  -0.0884659514   0.0334176425   0.0347154433
11  2   0.0593498786   0.2423636831   0.1878547737   0.4116976563  -0.3914906282
11  3  -0.1601704907  -0.2675722337  -0.4547834409  -0.0434045432  -0.0474662589
12  1  -0.1294142162   0.2247729390   0.3948268337  -0.0271201502  -0.2875803143
12  2   0.0656622922  -0.0595583468  -0.3433954295  -0.1671572811   0.1522184630
12  3   0.2751584559  -0.3901780543  -0.6571001662  -0.0845901291  -0.0953956075
13  1   0.3962006924  -0.1957730825   0.1643143295   0.4599514688  -0.2119613781
13  2  -0.4679957857  -0.2018364240   0.5307078880  -0.0545936944   0.1982848196
13  3   0.4276313165  -0.1661949510   0.0612130281   0.0673955021   0.2734069536
14  1   0.2728562835  -0.1943856932   0.1003467717   0.0204489189  -0.1027917096
14  2   0.0907678484  -0.1175057678   0.1543401432  -0.1111535842   0.1050386345
14  3   0.1344465586   0.4687437306  -0.1472698700  -0.1397445870  -0.7851703505
15  1  -0.4115658300  -0.5896879389   0.0000000000   0.0000000000   0.0000000000
15  2   0.0000000000  -0.5568759819  -0.2219584178   0.0604679020   0.4468334019
15  3  -0.2213719235  -0.0363900424   0.0287937858   0.0021994099   0.0592584990
$end
