$energy      SCF               SCFKIN            SCFPOT
     1 -2794.346351681      2789.647296455     -5583.993648136
     2 -2794.346356967      2789.652156649     -5583.998513616
     3 -2794.346357572      2789.654277836     -5584.000635408
     4 -2794.346357842      2789.654662156     -5584.001019998
     5 -2794.346358291      2789.655016132     -5584.001374423
     6 -2794.346358820      2789.655907249     -5584.002266068
     7 -2794.346358984      2789.656124116     -5584.002483100
     8 -2794.346359087      2789.656203274     -5584.002562361
$end
