$dipgrad          cartesian dipole gradients
  0.39838702674535D+00  0.31650333283172D+00  -.96598779295589D-01
  0.41682661469151D+00  0.30965316867656D+00  -.69531786715380D-01
  -.85846059819651D-01  -.66192749484168D-01  0.20046133890542D-01
  -.47438646159616D+00  -.47427710361370D+00  0.12775901622607D+00
  -.47731370976149D+00  -.24419138026175D+00  0.98438886232095D-01
  0.12789314185330D+00  0.98264525574633D-01  0.12199445373796D+00
  -.59895051335041D-01  -.24220243218397D-01  -.71093784069897D-01
  -.56229187233946D-01  0.87573489052254D-02  0.29677492236982D-01
  -.30020642888069D-01  0.43135780194142D-01  0.85238559541508D-03
  -.17852550155688D-01  -.35514951553610D-01  0.76117676812413D-01
  -.60820562911120D-01  0.60426939005961D-02  0.24632551189064D-02
  0.37834921079759D-01  -.30614296870341D-01  -.43255084944717D-01
  -.51882994448136D-01  0.94265931775367D-02  0.15784092209256D-01
  0.13982915390421D-01  -.97792338979128D-01  0.20202411996446D-03
  0.21863467114933D-01  -.42528080140112D-03  0.54036352343092D-01
  -.92625840207023D-01  0.36052552906067D-01  -.47026365116939D-01
  0.10187178003155D+00  -.11481233325962D+00  -.58308914912747D-01
  -.72131424894586D-01  -.25102643823694D-01  -.47479339899466D+00
  0.29825587289645D+00  0.17202981947037D+00  -.49418567652930D-02
  0.61682149793192D-01  0.13234284291773D+00  -.29409560797839D-02
  0.40659755403511D-03  -.19065334789052D-01  0.32111916027191D+00
$end
