$hessian (projected)
 1  1   0.4033366724  -0.1484222226   0.0325708943  -0.0058177830   0.0096612017
 1  2  -0.0033282792  -0.1697202813   0.0365277540  -0.1367231924  -0.0748573857
 1  3   0.0265006309   0.0879257553  -0.0925093277   0.1229758353   0.0071211058
 1  4  -0.0572662739  -0.0486279094   0.0124015796  -0.0031656209   0.0013847100
 1  5   0.0000321366
 2  1  -0.1484222226   0.4256233846   0.0308427189   0.0236904747  -0.0232715362
 2  2  -0.0042467742   0.0410856480  -0.0451486102   0.0289994477   0.0288630132
 2  3  -0.0470250413  -0.0476331736   0.1160494899  -0.2652338465  -0.0204478063
 2  4  -0.0597254140  -0.0504812308   0.0125335938  -0.0015409891   0.0055368806
 2  5  -0.0000480063
 3  1   0.0325708943   0.0308427189   0.5525060042  -0.0039015297  -0.0018012242
 3  2  -0.0230631050  -0.1425812495   0.0237548907  -0.1917577594   0.0937178215
 3  3  -0.0410968060  -0.2852259548   0.0071165584  -0.0218318964  -0.0505218099
 3  4   0.0128182337   0.0107435723   0.0001528512   0.0002592713  -0.0006112553
 3  5  -0.0020902264
 4  1  -0.0058177830   0.0236904747  -0.0039015297   0.0109294487  -0.0345733381
 4  2   0.0054153471  -0.0157407568  -0.0161800074   0.0039873331  -0.0113619961
 4  3  -0.0120605082   0.0010000616  -0.0007470751   0.0029320317  -0.0000393900
 4  4   0.0298311832   0.0493413359  -0.0086608422  -0.0070930209  -0.0131499887
 4  5   0.0021990201
 5  1   0.0096612017  -0.0232715362  -0.0018012242  -0.0345733381   0.0265444452
 5  2   0.0061721044  -0.0021773478  -0.0033728575   0.0025545097  -0.0025897000
 5  3  -0.0031383342  -0.0015636465  -0.0174034476  -0.0156919070   0.0036621413
 5  4   0.0341508011   0.0180610057  -0.0069416587   0.0129318306   0.0008691840
 5  5  -0.0020822260
 6  1  -0.0033282792  -0.0042467742  -0.0230631050   0.0054153471   0.0061721044
 6  2   0.0318793736  -0.0093475882  -0.0072229844  -0.0000440441   0.0138890291
 6  3   0.0128214252  -0.0044666870   0.0002561577  -0.0003838655  -0.0006207152
 6  4  -0.0077272795  -0.0093787925  -0.0053789727   0.0008426131   0.0022388870
 6  5   0.0016941504
 7  1  -0.1697202813   0.0410856480  -0.1425812495  -0.0157407568  -0.0021773478
 7  2  -0.0093475882   0.1784514633  -0.0388752533   0.1508046600   0.0105014776
 7  3  -0.0018270419   0.0095607232  -0.0065202141   0.0000497000  -0.0084029449
 7  4   0.0026292307   0.0022576842   0.0005500022   0.0003990806  -0.0005133892
 7  5  -0.0005836028
 8  1   0.0365277540  -0.0451486102   0.0237548907  -0.0161800074  -0.0033728575
 8  2  -0.0072229844  -0.0388752533   0.0454125657  -0.0324848348  -0.0036343493
 8  3   0.0021044542  -0.0033550528   0.0188202714  -0.0011093780   0.0202862695
 8  4   0.0030835910   0.0030605476  -0.0006129339   0.0002579935  -0.0009467219
 8  5  -0.0003653542
 9  1  -0.1367231924   0.0289994477  -0.1917577594   0.0039873331   0.0025545097
 9  2  -0.0000440441   0.1508046600  -0.0324848348   0.2020382219  -0.0201010673
 9  3   0.0039868699  -0.0152035198   0.0030094431  -0.0012396599   0.0039418155
 9  4  -0.0011776550  -0.0024501879   0.0008884354   0.0002004786   0.0006338554
 9  5   0.0001368504
10  1  -0.0748573857   0.0288630132   0.0937178215  -0.0113619961  -0.0025897000
10  2   0.0138890291   0.0105014776  -0.0036343493  -0.0201010673   0.0758341149
10  3  -0.0256536435  -0.0982101879  -0.0031142098   0.0007812006   0.0114060717
10  4   0.0024973390   0.0028630846  -0.0013115543   0.0005006601  -0.0006296057
10  5   0.0006098873
11  1   0.0265006309  -0.0470250413  -0.0410968060  -0.0120605082  -0.0031383342
11  2   0.0128214252  -0.0018270419   0.0021044542   0.0039868699  -0.0256536435
11  3   0.0475372742   0.0504315728   0.0096383691  -0.0016057230  -0.0258282679
11  4   0.0030259446   0.0029452568  -0.0006425872   0.0003762489  -0.0008178867
11  5   0.0003277932
12  1   0.0879257553  -0.0476331736  -0.2852259548   0.0010000616  -0.0015636465
12  2  -0.0044666870   0.0095607232  -0.0033550528  -0.0152035198  -0.0982101879
12  3   0.0504315728   0.3028932404  -0.0003333844   0.0011703046   0.0010906920
12  4   0.0003589776   0.0013011560   0.0008678061  -0.0003019453  -0.0003511605
12  5   0.0000444231
13  1  -0.0925093277   0.1160494899   0.0071165584  -0.0007470751  -0.0174034476
13  2   0.0002561577  -0.0065202141   0.0188202714   0.0030094431  -0.0031142098
13  3   0.0096383691  -0.0003333844   0.0993687480  -0.1278308291  -0.0093643861
13  4   0.0025683839   0.0008146272  -0.0005604981   0.0009536948  -0.0000884810
13  5  -0.0001238905
14  1   0.1229758353  -0.2652338465  -0.0218318964   0.0029320317  -0.0156919070
14  2  -0.0003838655   0.0000497000  -0.0011093780  -0.0012396599   0.0007812006
14  3  -0.0016057230   0.0011703046  -0.1278308291   0.2822226556   0.0225149146
14  4   0.0012274323   0.0016817463  -0.0002248418  -0.0001353709  -0.0002635474
14  5  -0.0000049556
15  1   0.0071211058  -0.0204478063  -0.0505218099  -0.0000393900   0.0036621413
15  2  -0.0006207152  -0.0084029449   0.0202862695   0.0039418155   0.0114060717
15  3  -0.0258282679   0.0010906920  -0.0093643861   0.0225149146   0.0459950093
15  4  -0.0005693316  -0.0002172250  -0.0002537346  -0.0001511249   0.0000299738
15  5   0.0003687429
16  1  -0.0572662739  -0.0597254140   0.0128182337   0.0298311832   0.0341508011
16  2  -0.0077272795   0.0026292307   0.0030835910  -0.0011776550   0.0024973390
16  3   0.0030259446   0.0003589776   0.0025683839   0.0012274323  -0.0005693316
16  4   0.2824833854  -0.2293840300  -0.0342921850  -0.2627432484   0.2476216750
16  5   0.0305892399
17  1  -0.0486279094  -0.0504812308   0.0107435723   0.0493413359   0.0180610057
17  2  -0.0093787925   0.0022576842   0.0030605476  -0.0024501879   0.0028630846
17  3   0.0029452568   0.0013011560   0.0008146272   0.0016817463  -0.0002172250
17  4  -0.2293840300   0.2789280896   0.0237503128   0.2227352076  -0.2541954152
17  5  -0.0237488356
18  1   0.0124015796   0.0125335938   0.0001528512  -0.0086608422  -0.0069416587
18  2  -0.0053789727   0.0005500022  -0.0006129339   0.0008884354  -0.0013115543
18  3  -0.0006425872   0.0008678061  -0.0005604981  -0.0002248418  -0.0002537346
18  4  -0.0342921850   0.0237503128   0.0080966282   0.0318734979  -0.0278618851
18  5  -0.0043730137
19  1  -0.0031656209  -0.0015409891   0.0002592713  -0.0070930209   0.0129318306
19  2   0.0008426131   0.0003990806   0.0002579935   0.0002004786   0.0005006601
19  3   0.0003762489  -0.0003019453   0.0009536948  -0.0001353709  -0.0001511249
19  4  -0.2627432484   0.2227352076   0.0318734979   0.2711484546  -0.2346249205
19  5  -0.0327227907
20  1   0.0013847100   0.0055368806  -0.0006112553  -0.0131499887   0.0008691840
20  2   0.0022388870  -0.0005133892  -0.0009467219   0.0006338554  -0.0006296057
20  3  -0.0008178867  -0.0003511605  -0.0000884810  -0.0002635474   0.0000299738
20  4   0.2476216750  -0.2541954152  -0.0278618851  -0.2346249205   0.2498175065
20  5   0.0259215846
21  1   0.0000321366  -0.0000480063  -0.0020902264   0.0021990201  -0.0020822260
21  2   0.0016941504  -0.0005836028  -0.0003653542   0.0001368504   0.0006098873
21  3   0.0003277932   0.0000444231  -0.0001238905  -0.0000049556   0.0003687429
21  4   0.0305892399  -0.0237488356  -0.0043730137  -0.0327227907   0.0259215846
21  5   0.0042190733
$end
