$vibrational normal modes
 1  1  -0.0032534734   0.0169267085   0.2378086939  -0.0775416555   0.0116874424
 1  2  -0.1314245581   0.3045368825  -0.0003607423   0.0112539777   0.0078676912
 1  3   0.2498029592  -0.0053182610   0.0229157450   0.1787279076  -0.0877594321
 1  4  -0.0360972199   0.0241026605   0.0545962652   0.1303382545  -0.0299032861
 1  5  -0.0004355102
 2  1  -0.0161888655   0.0021794359  -0.0133762448   0.4121113442  -0.0260166455
 2  2   0.0799395371  -0.0036707760   0.0001339936  -0.0012822014   0.0803925096
 2  3   0.1160011240  -0.1223378977   0.0107279034   0.1604103379   0.0983129954
 2  4   0.0107032373  -0.0662167911   0.0508331244  -0.1417358038  -0.0105169263
 2  5  -0.0007260392
 3  1   0.0012459172  -0.0057009597  -0.1962152365   0.0572517403   0.3968415266
 3  2  -0.0628605163   0.1200139019  -0.0014115008   0.0694159924  -0.0013621607
 3  3  -0.0473109854   0.0113498224   0.1330920798  -0.0368227999   0.0312301369
 3  4  -0.1302045755  -0.0037263169  -0.0112691959  -0.0126221235  -0.1904517070
 3  5   0.0001105522
 4  1   0.7330035099   0.0076058947   0.3370328246   0.0493738626   0.0531854974
 4  2  -0.1085694946   0.1418198326   0.0158006658   0.1168710991  -0.3050282810
 4  3  -0.3433831486  -0.0487795860  -0.1308251764   0.1567979556  -0.0463020205
 4  4  -0.0029310006  -0.4633026101   0.0092590574   0.0044392381  -0.0018170972
 4  5   0.0039607518
 5  1   0.5456047222   0.0016465084  -0.1015016028   0.2861237748  -0.1118122714
 5  2   0.0145596839   0.1299085634   0.0048362252   0.0042523716   0.4075248848
 5  3  -0.2284121584   0.4140448947  -0.0534706783   0.2235586878   0.0376680624
 5  4  -0.0065619927   0.4432129388   0.0023378035  -0.0028072043  -0.0003757279
 5  5   0.0076348064
 6  1  -0.1490268985  -0.0517595074  -0.1493803655   0.0544251016   0.1850444590
 6  2  -0.2652162187  -0.0084998297   0.0969686075   0.5979674008   0.0639548834
 6  3   0.0673018607  -0.0368157832  -0.7815245503  -0.0366485793   0.0085853957
 6  4  -0.0423081835   0.0561281813  -0.0016109984  -0.0001839070  -0.0097423628
 6  5  -0.0010475227
 7  1   0.1265201081  -0.2307728934   0.3238666155  -0.0769965961  -0.0530401974
 7  2   0.0070970767   0.2832277844   0.0938231740   0.3694331104  -0.0769680111
 7  3   0.2857063038   0.0583301011   0.2960947610  -0.2461203739   0.3558354657
 7  4  -0.1100366962   0.0645437283  -0.3859429710  -0.2953377531   0.4530757651
 7  5   0.0006345034
 8  1   0.1621064950   0.2583719633   0.0314446552   0.5487863789  -0.0920911034
 8  2  -0.2510923615  -0.2732772015  -0.0741469437   0.3490299139  -0.2272887284
 8  3   0.2920163885   0.0602305132   0.2514432794  -0.3896110250  -0.3578617882
 8  4   0.3798412664   0.1388405260   0.0996190085   0.0677353621  -0.1043238086
 8  5   0.0007711949
 9  1  -0.0666979188   0.2834155996  -0.2670987039   0.0869325657   0.4430066633
 9  2  -0.2660215369   0.0804593100  -0.1050489537  -0.1863058703   0.0104329793
 9  3  -0.0409097786  -0.0097029180  -0.0809459808   0.2271671432  -0.4863424263
 9  4   0.0202773122  -0.0023242983  -0.4193158693  -0.3150239043   0.4806943792
 9  5  -0.0002761096
10  1   0.1369495156   0.3577096245   0.1679536238  -0.0141172619   0.1229576431
10  2  -0.3130790677   0.2519687992  -0.1273137833  -0.4127009977  -0.0813633640
10  3   0.2578793393   0.0187458894  -0.3222865315  -0.3154715398   0.4803905438
10  4   0.2139261230   0.0550228289  -0.1967658899  -0.1245004353  -0.2524883094
10  5   0.0006856200
11  1   0.1590927395  -0.2473211784   0.0565868673   0.4412375552   0.1492361574
11  2   0.4875918781   0.0872211738   0.0686241909  -0.3499742253  -0.2340105844
11  3   0.2750854810   0.0275475050  -0.2704245026  -0.3949033054  -0.2613177438
11  4  -0.4516441886   0.1165422366   0.1108978494   0.0622407869   0.1259642341
11  5   0.0007044130
12  1   0.0094442678   0.1728174757  -0.2364723865   0.0757663603   0.4051531108
12  2  -0.2114890200   0.0822742184  -0.0623055478  -0.0220077069   0.0258319900
12  3  -0.0764559811  -0.0078584859   0.0474745441  -0.1069707587   0.3181607670
12  4   0.0546652105  -0.0236851779   0.5312923186   0.3275702580   0.6584950097
12  5   0.0000029374
13  1   0.1119098182  -0.0681383623   0.1520743790  -0.2297677891  -0.0633100434
13  2  -0.1050438609   0.4916948992   0.0302714617  -0.0251785748   0.4929767622
13  3  -0.1316315692  -0.2861892585   0.0179134210  -0.5003882182  -0.2836184385
13  4   0.1201519474  -0.0829760100   0.2656570373  -0.3606287502  -0.0209021168
13  5   0.0005175850
14  1   0.0552389843  -0.0033489240  -0.0632569239   0.3393172497  -0.0723380220
14  2   0.0503730787   0.0760564237   0.0028499762  -0.0048360381   0.3343416689
14  3  -0.0806472407  -0.2720015604   0.0252527140  -0.2048590295   0.0022711142
14  4   0.0120693792  -0.1175477753  -0.5034539387   0.7147881239   0.0414051106
14  5   0.0000750682
15  1  -0.0229708601  -0.4297677252  -0.1207903637   0.0121895508   0.4933184396
15  2   0.4236367463   0.2863029933   0.1423315690  -0.0974922190  -0.1035572598
15  3   0.0251618550   0.0573341135  -0.0604652517   0.1003706746  -0.0258548814
15  4   0.7453257059   0.0295554755  -0.0466650996   0.0629987238   0.0034587863
15  5  -0.0001126585
16  1  -0.1371309017  -0.0158935733   0.4309652865   0.1628125429   0.0863016892
16  2  -0.0796633284  -0.0048810235   0.0085262327  -0.0169666866   0.0086281809
16  3  -0.1680346276   0.0711065226  -0.0001704252  -0.0276533389  -0.0010660272
16  4  -0.0004049731   0.0034998275  -0.0021897960   0.0001947760   0.0000532253
16  5  -0.0456304703
17  1  -0.1080246735  -0.0015150401  -0.2075946463   0.1337340385  -0.2140203009
17  2  -0.0605633514   0.2927088452   0.0027048319  -0.0007413863  -0.0712621440
17  3  -0.0943775206   0.0980546582  -0.0032445066  -0.0318409549  -0.0041456381
17  4   0.0006727319  -0.0545236383  -0.0015217898   0.0007593541   0.0000089760
17  5   0.0427488956
18  1   0.0281862259  -0.1780561062  -0.0841982867   0.0432902975  -0.0319434749
18  2  -0.4024389809  -0.1210103640   0.0514210416  -0.0966890235  -0.0033096191
18  3   0.0327498633  -0.0162515754   0.0162381002   0.0060982592   0.0005742725
18  4  -0.0008099901   0.0022155724   0.0004310818  -0.0000754558   0.0003267191
18  5   0.0053409246
19  1   0.0008004601  -0.0821054042   0.3732949990   0.0563055070   0.0320741170
19  2  -0.0574637531   0.1255094153  -0.1561761310   0.0384499276  -0.2898842120
19  3  -0.4465107465  -0.5500035313   0.0075763687   0.1178071024   0.0510413196
19  4  -0.0052261899   0.5098388683  -0.0008272837  -0.0056636960   0.0000938952
19  5   0.7178914323
20  1   0.0652622298  -0.0206012223  -0.2775360277   0.0284488190  -0.2741119751
20  2  -0.0858869404   0.4134318498  -0.0488529332   0.0300999010  -0.3874295545
20  3  -0.3998340558  -0.5578113071   0.0179716327   0.1240853327   0.0516539812
20  4  -0.0057564078   0.4935214201  -0.0009421056  -0.0053977259  -0.0000399058
20  5  -0.6882503217
21  1  -0.0041819314  -0.5908733120   0.0000000000   0.0000000000   0.0000000000
21  2   0.0000000000   0.0000000000  -0.9431338770   0.1238003065   0.0754333693
21  3   0.0936872091   0.1168048516  -0.0944570383  -0.0254929547  -0.0107138795
21  4   0.0099750113  -0.1099975960   0.0001651287   0.0010278767   0.0006393098
21  5  -0.0832293369
$end
