$energy      SCF               SCFKIN            SCFPOT            MP2
     1 -2792.269214509      2792.19403     -5584.46325     -.8091557181606
     2 -2792.269599300      2792.24200     -5584.51159     -.8091197434778
     3 -2792.269638636      2792.25713     -5584.52677     -.8091120519853
     4 -2792.269657544      2792.26060     -5584.53026     -.8091099982335
     5 -2792.269680067      2792.26334     -5584.53302     -.8091077100835
     6 -2792.269700761      2792.26345     -5584.53315     -.8091062751537
     7 -2792.269729812      2792.27139     -5584.54112     -.8091023930911
     8 -2792.269729928      2792.27169     -5584.54142     -.8091024031669
     9 -2792.269729954      2792.27175     -5584.54148     -.8091022965555
$end
