$energy      SCF               SCFKIN            SCFPOT            MP2
     1 -2792.270713964      2792.18061     -5584.45133     -.8072437025248
     2 -2792.271100087      2792.22891     -5584.50001     -.8072107694757
     3 -2792.271136908      2792.24398     -5584.51512     -.8072057726276
     4 -2792.271154927      2792.24752     -5584.51868     -.8072041275900
     5 -2792.271178166      2792.25047     -5584.52165     -.8072025538618
     6 -2792.271201080      2792.25037     -5584.52158     -.8071996102262
     7 -2792.271231031      2792.25844     -5584.52967     -.8071943546420
     8 -2792.271231160      2792.25871     -5584.52994     -.8071943124614
     9 -2792.271231171      2792.25875     -5584.52998     -.8071942106953
$end
