$energy      SCF               SCFKIN            SCFPOT            MP2
     1 -2792.270713885      2792.18051     -5584.45122     -.8073352731731
     2 -2792.271099914      2792.22878     -5584.49988     -.8073021006849
     3 -2792.271136797      2792.24384     -5584.51498     -.8072969828577
     4 -2792.271154876      2792.24739     -5584.51855     -.8072952909988
     5 -2792.271178208      2792.25035     -5584.52152     -.8072936784147
     6 -2792.271201070      2792.25024     -5584.52144     -.8072908290987
     7 -2792.271230910      2792.25830     -5584.52954     -.8072856678036
     8 -2792.271231030      2792.25856     -5584.52979     -.8072856110407
     9 -2792.271231049      2792.25862     -5584.52985     -.8072855507103
$end
