$energy      SCF               SCFKIN            SCFPOT
     1 -2794.346261391      2789.646355802     -5583.992617193
     2 -2794.346266643      2789.651218429     -5583.997485072
     3 -2794.346267209      2789.653299387     -5583.999566596
     4 -2794.346267454      2789.653677909     -5583.999945363
     5 -2794.346267856      2789.654033589     -5584.000301445
     6 -2794.346268330      2789.654903336     -5584.001171666
     7 -2794.346268487      2789.655108004     -5584.001376491
     8 -2794.346268595      2789.655177023     -5584.001445618
$end
