$energy      SCF               SCFKIN            SCFPOT
     1 -600.3879650160      599.7473505602     -1200.135315576
     2 -600.4181696618      599.6241767990     -1200.042346461
     3 -600.4581548531      599.4629445590     -1199.921099412
     4 -600.4796623376      599.3670052641     -1199.846667602
     5 -600.4901264876      599.3014077240     -1199.791534212
     6 -600.4939380190      599.2596005927     -1199.753538612
     7 -600.4952920003      599.2342069160     -1199.729498916
     8 -600.4975664432      599.2246655888     -1199.722232032
     9 -600.5013027593      599.2158025754     -1199.717105335
    10 -600.5080973326      599.1974256512     -1199.705522984
    11 -600.5144495760      599.2639761240     -1199.778425700
    12 -600.5196621966      599.3198283194     -1199.839490516
    13 -600.5244904760      599.3747158755     -1199.899206351
    14 -600.5286917522      599.4122268482     -1199.940918600
    15 -600.5323683371      599.4311384192     -1199.963506756
    16 -600.5352229951      599.4384717908     -1199.973694786
    17 -600.5367168082      599.4557679102     -1199.992484718
    18 -600.5364911265      599.4648224632     -1200.001313590
    19 -600.5370009191      599.4346868932     -1199.971687812
    20 -600.5370811766      599.4432596804     -1199.980340857
    21 -600.5370978459      599.4398462620     -1199.976944108
    22 -600.5370977052      599.4401107198     -1199.977208425
    23 -600.5370977648      599.4401799063     -1199.977277671
$end
