$energy      SCF               SCFKIN            SCFPOT            MP2
     1 -567.0335758420      566.950871     -1133.98445     -.6813327705858
     2 -567.0339617804      566.999097     -1134.03306     -.6812993276880
     3 -567.0339990216      567.014141     -1134.04814     -.6812939294675
     4 -567.0340172459      567.017695     -1134.05171     -.6812921073604
     5 -567.0340406072      567.020670     -1134.05471     -.6812904574338
     6 -567.0340635013      567.020551     -1134.05461     -.6812877392388
     7 -567.0340930723      567.028619     -1134.06271     -.6812828083971
     8 -567.0340931887      567.028871     -1134.06296     -.6812826583775
     9 -567.0340932100      567.028931     -1134.06302     -.6812826090688
$end
