$energy      SCF               SCFKIN            SCFPOT            MP2
     1 -567.0335876777      566.950751     -1133.98434     -.6812885217449
     2 -567.0339736322      566.998989     -1134.03296     -.6812552190090
     3 -567.0340108016      567.014034     -1134.04804     -.6812498966223
     4 -567.0340289844      567.017595     -1134.05162     -.6812481097039
     5 -567.0340522933      567.020555     -1134.05461     -.6812464910846
     6 -567.0340752022      567.020460     -1134.05454     -.6812437228029
     7 -567.0341048340      567.028511     -1134.06262     -.6812387587684
     8 -567.0341049501      567.028762     -1134.06287     -.6812386123713
     9 -567.0341049708      567.028821     -1134.06293     -.6812385586375
$end
