$energy      SCF               SCFKIN            SCFPOT            MP2
     1 -567.0336052169      566.950607     -1133.98421     -.6811394619194
     2 -567.0339912898      566.998888     -1134.03288     -.6811066782810
     3 -567.0340282749      567.013952     -1134.04798     -.6811016036233
     4 -567.0340463344      567.017496     -1134.05154     -.6810999371371
     5 -567.0340695130      567.020459     -1134.05453     -.6810983996107
     6 -567.0340925310      567.020346     -1134.05444     -.6810954813421
     7 -567.0341222556      567.028419     -1134.06254     -.6810904075153
     8 -567.0341223737      567.028671     -1134.06279     -.6810902618279
     9 -567.0341223934      567.028729     -1134.06285     -.6810902048990
$end
