$energy      SCF               SCFKIN            SCFPOT            MP2
     1 -567.0336053021      566.950676     -1133.98428     -.6810479938623
     2 -567.0339914304      566.998969     -1134.03296     -.6810153471381
     3 -567.0340283809      567.014041     -1134.04807     -.6810103630747
     4 -567.0340463969      567.017582     -1134.05163     -.6810087226926
     5 -567.0340694589      567.020527     -1134.05460     -.6810070853904
     6 -567.0340925297      567.020441     -1134.05453     -.6810041954180
     7 -567.0341223698      567.028500     -1134.06262     -.6809990455333
     8 -567.0341224897      567.028753     -1134.06288     -.6809988932449
     9 -567.0341225094      567.028812     -1134.06293     -.6809988399081
$end
