$coord
    0.00000000000000      0.00000000000000     10.50000000000000  kr f
    0.00000000000000      0.00000000000000      0.00000000000000  h f
   -0.00013910893161      0.00000000001120     -2.06835262395230  c
    0.97400685599264      1.68678685122351     -2.75932148612540  h
    0.97400685599279     -1.68678685128358     -2.75932148597210  h
   -1.94783971770590     -0.00000000002991     -2.75913328389854  h
$redundant
     number_of_atoms             6
     degrees_of_freedom         12
     internal_coordinates       13
     frozen_coordinates          1
# definitions of redundant internals
   1 k  1.0000000000000 stre   1    2           val=  10.50000
   2 k  1.0000000000000 linc   1    3    2    6 val=   0.00385
   3 k  1.0000000000000 linp   1    3    2    6 val=   0.00000
   4 k  1.0000000000000 stre   3    2           val=   2.06835
   5 k  1.0000000000000 stre   3    4           val=   2.06680
   6 k  1.0000000000000 stre   3    5           val=   2.06680
   7 k  1.0000000000000 stre   3    6           val=   2.06657
   8 k -0.4081849443101 bend   4    2    3      val=  -0.04002
       -0.4081849443099 bend   5    2    3
        0.4083048478989 bend   5    4    3
       -0.4081645717018 bend   6    2    3
        0.4083251988715 bend   6    4    3
        0.4083251988717 bend   6    5    3
   9 k  0.2888016691091 bend   4    2    3      val=  -0.00538
        0.2888016959684 bend   5    2    3
        0.5770874532961 bend   5    4    3
       -0.5776321535698 bend   6    2    3
       -0.2885293383877 bend   6    4    3
       -0.2885293115538 bend   6    5    3
  10 k  0.5002358173969 bend   4    2    3      val=   0.00000
       -0.5002358018904 bend   5    2    3
        0.0000000154930 bend   5    4    3
       -0.0000000155076 bend   6    2    3
        0.4997640713455 bend   6    4    3
       -0.4997640868374 bend   6    5    3
  11 k  0.2885388976103 bend   4    2    3      val=   0.00415
        0.2885389544112 bend   5    2    3
       -0.5776225565803 bend   5    4    3
       -0.5770778524953 bend   6    2    3
        0.2888113081950 bend   6    4    3
        0.2888112513405 bend   6    5    3
  12 k  0.4997640954884 bend   4    2    3      val=   0.00000
       -0.4997640626945 bend   5    2    3
       -0.0000000328249 bend   5    4    3
       -0.0000000327940 bend   6    2    3
       -0.5002357932312 bend   6    4    3
        0.5002358260562 bend   6    5    3
  13 f  1.0000000000000 stre   1    2           val=  10.50000
        12 non zero eigenvalues  of BmBt
           1           3.629947400    2    0
         2
           2           3.629947379    3    0
         3
           3           2.076508490    4    0
         4
           4           0.895378624    5    0
         5
           5           0.895378623    6    0
         6
           6           0.894513172    7    0
         7
           7           0.698688552    8    0
         8
           8           0.698688548    9    0
         9
           9           0.411776084   10    0
        10
          10           0.098099697   11    0
        11
          11           0.098099697   12    0
        12
          12        1000.000000000    0    1
         0.000000000         0.000000000         0.000000000         0.000000000
         0.000000000         0.000000000         0.000000000         0.000000000
         0.000000000         0.000000000         0.000000000         0.000000000
         1.000000000
$end
