$coord
    0.00000000000000      0.00000000000000      0.00000000000000  c f
    0.00477383211296     -0.00087935911642     -3.54612077487433  cl
    0.00000000000000      0.00000000000000      4.25000000000000  f f
   -0.98004689192605      1.69608078213724      0.51952170943482  h
   -0.98009068699435     -1.69581990785310      0.52027181885553  h
    1.95740293726898      0.00002950606300      0.52392703564420  h
$redundant
     number_of_atoms             6
     degrees_of_freedom         12
     internal_coordinates       13
     frozen_coordinates          1
# definitions of redundant internals
   1 k  1.0000000000000 stre   1    4           val=   2.02659
   2 k  1.0000000000000 stre   1    5           val=   2.02659
   3 k  1.0000000000000 stre   1    6           val=   2.02631
   4 k  1.0000000000000 stre   1    2           val=   3.54612
   5 k  1.0000000000000 stre   1    3           val=   4.25000
   6 k  0.3136083884418 bend   5    4    1      val=  45.89087
        0.3136083844019 bend   6    4    1
        0.3136083844019 bend   6    5    1
        0.3427704146196 bend   2    4    1
        0.3427704146196 bend   2    5    1
        0.3427704134042 bend   2    6    1
       -0.3427704143622 bend   3    4    1
       -0.3427704143622 bend   3    5    1
       -0.3427704139191 bend   3    6    1
   7 k -0.7687122941315 bend   5    4    1      val=  -0.00679
        0.3843561490486 bend   6    4    1
        0.3843561490486 bend   6    5    1
       -0.0853358947661 bend   2    4    1
       -0.0853358947661 bend   2    5    1
        0.1706717930666 bend   2    6    1
       -0.1079574147282 bend   3    4    1
       -0.1079574147282 bend   3    5    1
        0.2159148272328 bend   3    6    1
   8 k  0.6657243757089 bend   6    4    1      val=   0.00328
       -0.6657243757089 bend   6    5    1
        0.1478061074011 bend   2    4    1
       -0.1478061074011 bend   2    5    1
        0.1869877274101 bend   3    4    1
       -0.1869877274101 bend   3    5    1
   9 k -0.0577856536756 bend   6    4    1      val=   0.00515
        0.0577856536756 bend   6    5    1
       -0.4380943321417 bend   2    4    1
        0.4380943321417 bend   2    5    1
        0.5520273311844 bend   3    4    1
       -0.5520273311844 bend   3    5    1
  10 k  0.0667251241738 bend   5    4    1      val=  -0.03288
       -0.0333625620493 bend   6    4    1
       -0.0333625620493 bend   6    5    1
        0.2529338800033 bend   2    4    1
        0.2529338800033 bend   2    5    1
       -0.5058677615199 bend   2    6    1
       -0.3187131277394 bend   3    4    1
       -0.3187131277394 bend   3    5    1
        0.6374262574384 bend   3    6    1
  11 k -0.2312398620834 bend   6    4    1      val=   0.00407
        0.2312398620834 bend   6    5    1
        0.5350015988390 bend   2    4    1
       -0.5350015988390 bend   2    5    1
        0.4003765920024 bend   3    4    1
       -0.4003765920024 bend   3    5    1
  12 k  0.2670127920500 bend   5    4    1      val=  -0.02083
       -0.1335063965151 bend   6    4    1
       -0.1335063965151 bend   6    5    1
       -0.3088833166618 bend   2    4    1
       -0.3088833166618 bend   2    5    1
        0.6177666348260 bend   2    6    1
       -0.2311575326249 bend   3    4    1
       -0.2311575326249 bend   3    5    1
        0.4623150674098 bend   3    6    1
  13 f  1.0000000000000 stre   1    3           val=   4.25000
        12 non zero eigenvalues  of BmBt
           1           4.870637030    1    0
         1
           2           3.090476241    2    0
         2
           3           3.090476237    3    0
         3
           4           1.000000000    4    0
         4
           5           0.790247547    6    0
         6
           6           0.764479018    7    0
         7
           7           0.764479018    8    0
         8
           8           0.525160318    9    0
         9
           9           0.525160317   10    0
        10
          10           0.156431220   11    0
        11
          11           0.156431219   12    0
        12
          12        1000.000000000    0    1
         0.000000000         0.000000000         0.000000000         0.000000000
         0.000000000         0.000000000         0.000000000         0.000000000
         0.000000000         0.000000000         0.000000000         0.000000000
         1.000000000
$end
