$energy      SCF               SCFKIN            SCFPOT
     1 -600.5220697240      599.8269861288     -1200.349055853
     2 -600.5542731747      599.6996690421     -1200.253942217
     3 -600.5981818980      599.5298601177     -1200.128042016
     4 -600.6229582048      599.4257792593     -1200.048737464
     5 -600.6352086425      599.3496760331     -1199.984884676
     6 -600.6387757888      599.3002685092     -1199.939044298
     7 -600.6392430573      599.2788003691     -1199.918043426
     8 -600.6396350167      599.2704210769     -1199.910056094
     9 -600.6408772725      599.2783205524     -1199.919197825
    10 -600.6414594299      599.2790973342     -1199.920556764
    11 -600.6434084676      599.2881743324     -1199.931582800
    12 -600.6464065853      599.3173948770     -1199.963801462
    13 -600.6490304791      599.3556783053     -1200.004708784
    14 -600.6514025425      599.3988034731     -1200.050206016
    15 -600.6533110555      599.5079454453     -1200.161256501
    16 -600.6545774424      599.5736832308     -1200.228260673
    17 -600.6556830337      599.6261730620     -1200.281856096
    18 -600.6563006964      599.6195320976     -1200.275832794
    19 -600.6575885776      599.4854904675     -1200.143079045
    20 -600.6578410248      599.5320932119     -1200.189934237
    21 -600.6578483361      599.5339558128     -1200.191804149
    22 -600.6578503118      599.5333155986     -1200.191165910
    23 -600.6578499235      599.5330095743     -1200.190859498
    24 -600.6578508443      599.5328934691     -1200.190744313
    25 -600.6578515673      599.5330331988     -1200.190884766
    26 -600.6578520608      599.5330674909     -1200.190919552
    27 -600.6578532069      599.5334746541     -1200.191327861
    28 -600.6578537711      599.5333907308     -1200.191244502
    29 -600.6578558519      599.5328789194     -1200.190734771
    30 -600.6578568819      599.5330306067     -1200.190887489
    31 -600.6578581353      599.5334991853     -1200.191357321
    32 -600.6578579193      599.5331921381     -1200.191050057
    33 -600.6578711326      599.5336319514     -1200.191503084
    34 -600.6578735903      599.5333569491     -1200.191230539
    35 -600.6578727251      599.5328459664     -1200.190718691
    36 -600.6578736720      599.5334893168     -1200.191362989
    37 -600.6578738232      599.5333944328     -1200.191268256
    38 -600.6578737604      599.5333848678     -1200.191258628
$end
