$coord
    0.00000000000000      0.00000000000000      0.00000000000000  c f
    0.00013597215889     -0.00004445251735     -6.47501484498108  cl
    0.00000000000000      0.00000000000000      2.50000000000000  f f
   -0.96395776298063      1.67011957236642     -0.71283640159474  h
   -0.96398262515918     -1.67008953996366     -0.71289815888291  h
    1.92812510674652      0.00003645410834     -0.71271754064740  h
$redundant
     number_of_atoms             6
     degrees_of_freedom         12
     internal_coordinates       13
     frozen_coordinates          1
# definitions of redundant internals
   1 k  1.0000000000000 stre   1    3           val=   2.50000
   2 k  1.0000000000000 stre   1    4           val=   2.05588
   3 k  1.0000000000000 stre   1    5           val=   2.05589
   4 k  1.0000000000000 stre   1    6           val=   2.05563
   5 k  1.0000000000000 stre   1    2           val=   6.47501
   6 k -0.3427704141588 bend   4    3    1      val=  20.18033
       -0.3427704141588 bend   5    3    1
        0.3136083886712 bend   5    4    1
       -0.3427704143258 bend   6    3    1
        0.3136083842872 bend   6    4    1
        0.3136083842872 bend   6    5    1
        0.3427704146289 bend   2    4    1
        0.3427704146289 bend   2    5    1
        0.3427704133856 bend   2    6    1
   7 k -0.2160483327178 bend   4    3    1      val=  -0.00463
       -0.2160483327178 bend   5    3    1
       -0.6833991853574 bend   5    4    1
        0.4320966635814 bend   6    3    1
        0.3416995947578 bend   6    4    1
        0.3416995947578 bend   6    5    1
       -0.0568434043032 bend   2    4    1
       -0.0568434043032 bend   2    5    1
        0.1136868123113 bend   2    6    1
   8 k -0.3742066904730 bend   4    3    1      val=   0.00067
        0.3742066904730 bend   5    3    1
       -0.5918410552404 bend   6    4    1
        0.5918410552404 bend   6    5    1
       -0.0984556658458 bend   2    4    1
        0.0984556658458 bend   2    5    1
   9 k -0.5388823609537 bend   4    3    1      val=   0.00057
        0.5388823609537 bend   5    3    1
        0.2805332275960 bend   6    4    1
       -0.2805332275960 bend   6    5    1
        0.3618105986114 bend   2    4    1
       -0.3618105986114 bend   2    5    1
  10 k  0.3111238761191 bend   4    3    1      val=  -0.00141
        0.3111238761191 bend   5    3    1
       -0.3239318660114 bend   5    4    1
       -0.6222477548212 bend   6    3    1
        0.1619659334879 bend   6    4    1
        0.1619659334879 bend   6    5    1
       -0.2088914456599 bend   2    4    1
       -0.2088914456599 bend   2    5    1
        0.4177828932096 bend   2    6    1
  11 k -0.2637710254334 bend   4    3    1      val=  -0.00064
        0.2637710254334 bend   5    3    1
        0.2665056726347 bend   6    4    1
       -0.2665056726347 bend   6    5    1
       -0.5994994350250 bend   2    4    1
        0.5994994350250 bend   2    5    1
  12 k -0.1522882722189 bend   4    3    1      val=   0.00163
       -0.1522882722189 bend   5    3    1
        0.3077342424149 bend   5    4    1
        0.3045765462210 bend   6    3    1
       -0.1538671218033 bend   6    4    1
       -0.1538671218033 bend   6    5    1
       -0.3461211597287 bend   2    4    1
       -0.3461211597287 bend   2    5    1
        0.6922423210543 bend   2    6    1
  13 f  1.0000000000000 stre   1    3           val=   2.50000
        12 non zero eigenvalues  of BmBt
           1           3.279593504    2    0
         2
           2           3.279593498    3    0
         3
           3           1.000000000    4    0
         4
           4           1.000000000    5    0
         5
           5           0.790247547    6    0
         6
           6           0.774532558    7    0
         7
           7           0.774532558    8    0
         8
           8           0.644800025    9    0
         9
           9           0.644800024   10    0
        10
          10           0.221317499   11    0
        11
          11           0.221317498   12    0
        12
          12        1000.000000000    0    1
         0.000000000         0.000000000         0.000000000         0.000000000
         0.000000000         0.000000000         0.000000000         0.000000000
         0.000000000         0.000000000         0.000000000         0.000000000
         1.000000000
$end
