$energy      SCF               SCFKIN            SCFPOT
     1 -600.4615827039      600.6062667556     -1201.067849459
     2 -600.5086449085      600.4709957819     -1200.979640690
     3 -600.5761186612      600.2838223184     -1200.859940980
     4 -600.6158237831      600.1654308576     -1200.781254641
     5 -600.6365752620      600.0646333073     -1200.701208569
     6 -600.6467746121      599.9769882647     -1200.623762877
     7 -600.6531055758      599.9169191413     -1200.570024717
     8 -600.6589744524      599.8780621158     -1200.537036568
     9 -600.6654725512      599.8533208612     -1200.518793412
    10 -600.6721597171      599.8361803325     -1200.508340050
    11 -600.6776140578      599.8159338509     -1200.493547909
    12 -600.6818136502      599.7920800809     -1200.473893731
    13 -600.6853454517      599.7628683241     -1200.448213776
    14 -600.6883068569      599.7319622105     -1200.420269067
    15 -600.6907000877      599.7021540261     -1200.392854114
    16 -600.6924851496      599.6761469016     -1200.368632051
    17 -600.6937874110      599.6542747584     -1200.348062169
    18 -600.6948228412      599.6336352478     -1200.328458089
    19 -600.6957107719      599.6156212429     -1200.311332015
    20 -600.6963767776      599.6019879315     -1200.298364709
    21 -600.6966006788      599.5913157093     -1200.287916388
    22 -600.6965551321      599.5802339363     -1200.276789068
    23 -600.6965618278      599.5850334524     -1200.281595280
    24 -600.6965596987      599.5870223069     -1200.283582006
    25 -600.6965589745      599.5866187751     -1200.283177750
    26 -600.6965588095      599.5865849068     -1200.283143716
$end
