$energy      SCF               SCFKIN            SCFPOT            MP2
     1 -2792.270714498      2792.18057     -5584.45128     -.8072572141714
     2 -2792.271100595      2792.22886     -5584.49996     -.8072242196936
     3 -2792.271137431      2792.24393     -5584.51506     -.8072191941351
     4 -2792.271155458      2792.24747     -5584.51862     -.8072175395723
     5 -2792.271178711      2792.25042     -5584.52160     -.8072159502576
     6 -2792.271201610      2792.25032     -5584.52152     -.8072130278360
     7 -2792.271231553      2792.25838     -5584.52961     -.8072077797106
     8 -2792.271231682      2792.25866     -5584.52989     -.8072077389511
     9 -2792.271231693      2792.25869     -5584.52993     -.8072076367407
$end
