$energy      SCF               SCFKIN            SCFPOT
     1 -229.3240206277      228.8485376113     -458.1725582390
     2 -229.3397495702      229.1254733128     -458.4652228829
     3 -229.3512940136      229.4454772126     -458.7967712263
     4 -229.3539946717      229.4370999650     -458.7910946368
     5 -229.3549617404      229.3600006587     -458.7149623991
     6 -229.3550553872      229.3033019105     -458.6583572976
     7 -229.3550933423      229.3561995033     -458.7112928456
     8 -229.3550966541      229.3470155599     -458.7021122141
     9 -229.3550966795      229.3470190058     -458.7021156852
    10 -229.3550966799      229.3469391477     -458.7020358277
$end
