$coord
   -9.81893975039688      2.40161284977183      0.00000000000000      c
  -10.02993926774018     -0.25789923102240      0.00000000000000      c
   -7.42861471414343      3.56221546252787      0.00000000000000      c
   -5.30190940908723      2.00884103676977      0.00000000000000      c
   -5.50328763037052     -0.58990603040996      0.00000000000000      c
   -7.85248426882829     -1.78204332879464      0.00000000000000      c
   -2.61868545584634      2.62430624072878      0.00000000000000      c
   -1.26173115793776      0.18702220876068      0.00000000000000      c
   -3.10863272846689     -1.76454450229004      0.00000000000000      n
   -1.70959920188204      4.74381634189938      0.00000000000000      o
    1.26173115793776     -0.18702220876068      0.00000000000000      c
    3.10863272846689      1.76454450229004      0.00000000000000      n
    5.50328763037052      0.58990603040996      0.00000000000000      c
    5.30190940908723     -2.00884103676977      0.00000000000000      c
    2.61868545584634     -2.62430624072878      0.00000000000000      c
    1.70959920188203     -4.74381634189938      0.00000000000000      o
    7.85248426882829      1.78204332879464      0.00000000000000      c
   10.02993926774018      0.25789923102239      0.00000000000000      c
    9.81893975039688     -2.40161284977183      0.00000000000000      c
    7.42861471414343     -3.56221546252787      0.00000000000000      c
  -11.50764248797084      3.55517542387040      0.00000000000000      h
  -11.87958995599220     -1.13032753337862      0.00000000000000      h
   -7.24812182086154      5.59931309068109      0.00000000000000      h
   -7.99800791019289     -3.82190586719878      0.00000000000000      h
   -2.80012342005640     -3.68441550904623      0.00000000000000      h
    2.80012342005640      3.68441550904623      0.00000000000000      h
    7.99800791019289      3.82190586719878      0.00000000000000      h
   11.87958995599220      1.13032753337862      0.00000000000000      h
   11.50764248797084     -3.55517542387040      0.00000000000000      h
    7.24812182086154     -5.59931309068109      0.00000000000000      h
$user-defined bonds
$end
