$energy      SCF               SCFKIN            SCFPOT
     1 -875.2834845286      866.8178430370     -1742.101327566
     2 -875.2903494224      866.6559847324     -1741.946334155
     3 -875.2931431657      866.6019996550     -1741.895142821
     4 -875.2947003732      866.4743335197     -1741.769033893
     5 -875.2959562568      866.3632584525     -1741.659214709
     6 -875.2964846833      866.2761971395     -1741.572681823
     7 -875.2968479921      866.3041180348     -1741.600966027
     8 -875.2971027105      866.3395381243     -1741.636640835
     9 -875.2972814939      866.3773294498     -1741.674610944
    10 -875.2973622536      866.3750885754     -1741.672450829
    11 -875.2974009884      866.3746750724     -1741.672076061
    12 -875.2974226856      866.3708342328     -1741.668256918
    13 -875.2974398445      866.3674675508     -1741.664907395
    14 -875.2974537316      866.3659188801     -1741.663372612
    15 -875.2974637847      866.3687373545     -1741.666201139
    16 -875.2974723119      866.3748982161     -1741.672370528
    17 -875.2974809047      866.3870745576     -1741.684555462
    18 -875.2974866698      866.3973924814     -1741.694879151
    19 -875.2974898189      866.4013125210     -1741.698802340
    20 -875.2974907101      866.4003680949     -1741.697858805
    21 -875.2974912565      866.3981389172     -1741.695630174
    22 -875.2974915421      866.3965807995     -1741.694072342
$end
