$grad          cartesian gradients
  cycle =      1    SCF energy =     -875.2834845286   |dE/dxyz| =  0.114971
   -9.81893975039688      2.40161284977183      0.00000000000000      c
  -10.02993926774018     -0.25789923102240      0.00000000000000      c
   -7.42861471414343      3.56221546252787      0.00000000000000      c
   -5.30190940908723      2.00884103676977      0.00000000000000      c
   -5.50328763037052     -0.58990603040996      0.00000000000000      c
   -7.85248426882829     -1.78204332879464      0.00000000000000      c
   -2.61868545584634      2.62430624072878      0.00000000000000      c
   -1.26173115793776      0.18702220876068      0.00000000000000      c
   -3.10863272846689     -1.76454450229004      0.00000000000000      n
   -1.70959920188204      4.74381634189938      0.00000000000000      o
    1.26173115793776     -0.18702220876068      0.00000000000000      c
    3.10863272846689      1.76454450229004      0.00000000000000      n
    5.50328763037052      0.58990603040996      0.00000000000000      c
    5.30190940908723     -2.00884103676977      0.00000000000000      c
    2.61868545584634     -2.62430624072878      0.00000000000000      c
    1.70959920188203     -4.74381634189938      0.00000000000000      o
    7.85248426882829      1.78204332879464      0.00000000000000      c
   10.02993926774018      0.25789923102239      0.00000000000000      c
    9.81893975039688     -2.40161284977183      0.00000000000000      c
    7.42861471414343     -3.56221546252787      0.00000000000000      c
  -11.50764248797084      3.55517542387040      0.00000000000000      h
  -11.87958995599220     -1.13032753337862      0.00000000000000      h
   -7.24812182086154      5.59931309068109      0.00000000000000      h
   -7.99800791019289     -3.82190586719878      0.00000000000000      h
   -2.80012342005640     -3.68441550904623      0.00000000000000      h
    2.80012342005640      3.68441550904623      0.00000000000000      h
    7.99800791019289      3.82190586719878      0.00000000000000      h
   11.87958995599220      1.13032753337862      0.00000000000000      h
   11.50764248797084     -3.55517542387040      0.00000000000000      h
    7.24812182086154     -5.59931309068109      0.00000000000000      h
  -.83562231830744D-02  0.97744452493422D-03  0.00000000000000D+00
  -.14754986348457D-01  -.49600667264604D-02  0.00000000000000D+00
  0.13681797474119D-01  0.82724206233231D-02  0.00000000000000D+00
  -.29884414423009D-02  -.16224865262329D-01  0.00000000000000D+00
  -.32536809359154D-02  0.41388357911334D-01  0.00000000000000D+00
  0.10609885224758D-01  -.29236492318732D-02  0.00000000000000D+00
  0.11409203085480D-01  -.34774682275895D-02  0.00000000000000D+00
  0.27730870965431D-01  0.32514886251687D-01  0.00000000000000D+00
  -.24028763133410D-03  -.23954566715837D-01  0.00000000000000D+00
  -.22071755355398D-01  -.20988665129079D-01  0.00000000000000D+00
  -.27730870965431D-01  -.32514886251685D-01  0.00000000000000D+00
  0.24028763133410D-03  0.23954566715836D-01  0.00000000000000D+00
  0.32536809359153D-02  -.41388357911334D-01  0.00000000000000D+00
  0.29884414423008D-02  0.16224865262329D-01  0.00000000000000D+00
  -.11409203085480D-01  0.34774682275894D-02  0.00000000000000D+00
  0.22071755355398D-01  0.20988665129079D-01  0.00000000000000D+00
  -.10609885224759D-01  0.29236492318731D-02  0.00000000000000D+00
  0.14754986348457D-01  0.49600667264604D-02  0.00000000000000D+00
  0.83562231830744D-02  -.97744452493422D-03  0.00000000000000D+00
  -.13681797474119D-01  -.82724206233232D-02  0.00000000000000D+00
  0.72244850819820D-02  -.45278949251070D-02  0.00000000000000D+00
  0.76317835694916D-02  0.40613515762956D-02  0.00000000000000D+00
  -.26490897411634D-02  -.79860477465573D-02  0.00000000000000D+00
  0.10746068281015D-02  0.86613927014037D-02  0.00000000000000D+00
  -.56340803257493D-02  -.11287570816543D-01  0.00000000000000D+00
  0.56340803257495D-02  0.11287570816543D-01  0.00000000000000D+00
  -.10746068281014D-02  -.86613927014037D-02  0.00000000000000D+00
  -.76317835694916D-02  -.40613515762957D-02  0.00000000000000D+00
  -.72244850819820D-02  0.45278949251070D-02  0.00000000000000D+00
  0.26490897411633D-02  0.79860477465573D-02  0.00000000000000D+00
  cycle =      2    SCF energy =     -875.2903494224   |dE/dxyz| =  0.063345
   -9.80804847576647      2.40029312439337      0.00000000000000      c
  -10.01068764111553     -0.25147339108218      0.00000000000000      c
   -7.44648114632798      3.55138899368057      0.00000000000000      c
   -5.29801956466031      2.02998519231273      0.00000000000000      c
   -5.49903996277531     -0.64392930562688      0.00000000000000      c
   -7.86631864600626     -1.77826448786538      0.00000000000000      c
   -2.63358264290186      2.62883134356894      0.00000000000000      c
   -1.29791177274720      0.14459514166639      0.00000000000000      c
   -3.10831123816312     -1.73330566512031      0.00000000000000      n
   -1.68082422829709      4.77119197949600      0.00000000000000      o
    1.29791177274720     -0.14459514166639      0.00000000000000      c
    3.10831123816312      1.73330566512031      0.00000000000000      n
    5.49903996277531      0.64392930562688      0.00000000000000      c
    5.29801956466031     -2.02998519231273      0.00000000000000      c
    2.63358264290186     -2.62883134356894      0.00000000000000      c
    1.68082422829708     -4.77119197949600      0.00000000000000      o
    7.86631864600626      1.77826448786538      0.00000000000000      c
   10.01068764111553      0.25147339108217      0.00000000000000      c
    9.80804847576647     -2.40029312439337      0.00000000000000      c
    7.44648114632798     -3.55138899368057      0.00000000000000      c
  -11.51708419572119      3.56103072641542      0.00000000000000      h
  -11.88954183125002     -1.13568008887635      0.00000000000000      h
   -7.24469098427989      5.60969945287731      0.00000000000000      h
   -7.99939261000620     -3.83324239735846      0.00000000000000      h
   -2.79275608782547     -3.66970158431047      0.00000000000000      h
    2.79275608782547      3.66970158431047      0.00000000000000      h
    7.99939261000620      3.83324239735846      0.00000000000000      h
   11.88954183125002      1.13568008887635      0.00000000000000      h
   11.51708419572119     -3.56103072641542      0.00000000000000      h
    7.24469098427989     -5.60969945287731      0.00000000000000      h
  0.84282944172622D-02  -.11959749534938D-02  0.00000000000000D+00
  0.63693771878211D-02  -.18031733394323D-02  0.00000000000000D+00
  -.17059190707476D-02  -.75440940018478D-02  0.00000000000000D+00
  0.46714377115494D-02  0.13238178657596D-01  0.00000000000000D+00
  0.11515118754559D-02  -.81091705349178D-02  0.00000000000000D+00
  -.69767427493372D-03  0.14725724196354D-01  0.00000000000000D+00
  -.40602541369703D-02  -.18865862656456D-01  0.00000000000000D+00
  -.13268065207032D-01  -.44732548831250D-02  0.00000000000000D+00
  0.28702020802336D-02  0.16334542173477D-01  0.00000000000000D+00
  -.11280037691802D-01  0.46721314669507D-02  0.00000000000000D+00
  0.13268065207032D-01  0.44732548831263D-02  0.00000000000000D+00
  -.28702020802336D-02  -.16334542173478D-01  0.00000000000000D+00
  -.11515118754560D-02  0.81091705349178D-02  0.00000000000000D+00
  -.46714377115494D-02  -.13238178657596D-01  0.00000000000000D+00
  0.40602541369701D-02  0.18865862656455D-01  0.00000000000000D+00
  0.11280037691802D-01  -.46721314669509D-02  0.00000000000000D+00
  0.69767427493361D-03  -.14725724196354D-01  0.00000000000000D+00
  -.63693771878211D-02  0.18031733394323D-02  0.00000000000000D+00
  -.84282944172622D-02  0.11959749534938D-02  0.00000000000000D+00
  0.17059190707476D-02  0.75440940018478D-02  0.00000000000000D+00
  0.10486850757261D-02  0.40886291741288D-04  0.00000000000000D+00
  -.24560946677462D-02  -.85444242169264D-03  0.00000000000000D+00
  -.44152093492515D-03  -.12162884986544D-03  0.00000000000000D+00
  0.32994901104472D-02  0.39570486717769D-02  0.00000000000000D+00
  -.60010114967094D-02  -.16896043155630D-01  0.00000000000000D+00
  0.60010114967096D-02  0.16896043155630D-01  0.00000000000000D+00
  -.32994901104472D-02  -.39570486717769D-02  0.00000000000000D+00
  0.24560946677462D-02  0.85444242169258D-03  0.00000000000000D+00
  -.10486850757261D-02  -.40886291741343D-04  0.00000000000000D+00
  0.44152093492505D-03  0.12162884986544D-03  0.00000000000000D+00
  cycle =      3    SCF energy =     -875.2931431657   |dE/dxyz| =  0.033829
   -9.81806295629808      2.40174317613416      0.00000000000000      c
  -10.01419516286775     -0.24616947997366      0.00000000000000      c
   -7.45023054559779      3.55990580654192      0.00000000000000      c
   -5.30436269864926      2.01573102135089      0.00000000000000      c
   -5.49938894292187     -0.65033566096417      0.00000000000000      c
   -7.87023336920719     -1.80138468677375      0.00000000000000      c
   -2.63232438000290      2.66182578018910      0.00000000000000      c
   -1.28916189906774      0.13643095062722      0.00000000000000      c
   -3.11295278112415     -1.74898358682006      0.00000000000000      n
   -1.65153458119418      4.77347932564404      0.00000000000000      o
    1.28916189906774     -0.13643095062722      0.00000000000000      c
    3.11295278112415      1.74898358682006      0.00000000000000      n
    5.49938894292187      0.65033566096417      0.00000000000000      c
    5.30436269864926     -2.01573102135089      0.00000000000000      c
    2.63232438000290     -2.66182578018910      0.00000000000000      c
    1.65153458119417     -4.77347932564404      0.00000000000000      o
    7.87023336920719      1.80138468677375      0.00000000000000      c
   10.01419516286775      0.24616947997365      0.00000000000000      c
    9.81806295629808     -2.40174317613416      0.00000000000000      c
    7.45023054559779     -3.55990580654192      0.00000000000000      c
  -11.52231483578025      3.56305304121834      0.00000000000000      h
  -11.88911173306168     -1.13629042630906      0.00000000000000      h
   -7.24272659300976      5.61367943149366      0.00000000000000      h
   -8.00536313601846     -3.84402513672012      0.00000000000000      h
   -2.78005879240232     -3.63623701059140      0.00000000000000      h
    2.78005879240232      3.63623701059140      0.00000000000000      h
    8.00536313601846      3.84402513672012      0.00000000000000      h
   11.88911173306168      1.13629042630906      0.00000000000000      h
   11.52231483578025     -3.56305304121834      0.00000000000000      h
    7.24272659300976     -5.61367943149366      0.00000000000000      h
  0.31190824410407D-02  -.38311857118965D-02  0.00000000000000D+00
  0.23269626984092D-02  0.55837848548074D-02  0.00000000000000D+00
  -.10742754516930D-02  0.11799469540564D-02  0.00000000000000D+00
  0.29983762075877D-02  -.44088480372555D-03  0.00000000000000D+00
  0.32519289157380D-02  -.15776162683923D-02  0.00000000000000D+00
  0.36475601866381D-03  0.27342963993604D-03  0.00000000000000D+00
  -.16011752869628D-02  0.42374966224569D-02  0.00000000000000D+00
  -.71709423292265D-03  -.11104697621664D-01  0.00000000000000D+00
  -.84857153312079D-04  -.88222359127037D-02  0.00000000000000D+00
  -.10455164870509D-01  -.29549029964734D-02  0.00000000000000D+00
  0.71709423292265D-03  0.11104697621665D-01  0.00000000000000D+00
  0.84857153312079D-04  0.88222359127028D-02  0.00000000000000D+00
  -.32519289157381D-02  0.15776162683923D-02  0.00000000000000D+00
  -.29983762075877D-02  0.44088480372555D-03  0.00000000000000D+00
  0.16011752869626D-02  -.42374966224571D-02  0.00000000000000D+00
  0.10455164870509D-01  0.29549029964732D-02  0.00000000000000D+00
  -.36475601866393D-03  -.27342963993615D-03  0.00000000000000D+00
  -.23269626984093D-02  -.55837848548074D-02  0.00000000000000D+00
  -.31190824410407D-02  0.38311857118965D-02  0.00000000000000D+00
  0.10742754516930D-02  -.11799469540565D-02  0.00000000000000D+00
  0.24052216624678D-02  -.28764962401123D-03  0.00000000000000D+00
  -.16559671270785D-02  -.11736168273034D-02  0.00000000000000D+00
  -.68867333699826D-03  -.12348088210457D-02  0.00000000000000D+00
  0.37311612638147D-02  0.78560403780576D-02  0.00000000000000D+00
  -.72390060766830D-02  0.24349728915878D-02  0.00000000000000D+00
  0.72390060766833D-02  -.24349728915878D-02  0.00000000000000D+00
  -.37311612638146D-02  -.78560403780576D-02  0.00000000000000D+00
  0.16559671270785D-02  0.11736168273034D-02  0.00000000000000D+00
  -.24052216624678D-02  0.28764962401118D-03  0.00000000000000D+00
  0.68867333699816D-03  0.12348088210457D-02  0.00000000000000D+00
  cycle =      4    SCF energy =     -875.2947003732   |dE/dxyz| =  0.028400
   -9.82906685628133      2.41029527192329      0.00000000000000      c
  -10.02044533144558     -0.25533010234737      0.00000000000000      c
   -7.44993917250593      3.56121675167327      0.00000000000000      c
   -5.31349351650257      2.01025999356960      0.00000000000000      c
   -5.50626047695930     -0.65061755602125      0.00000000000000      c
   -7.87293070425286     -1.81263004715011      0.00000000000000      c
   -2.62859070599767      2.66826511980570      0.00000000000000      c
   -1.28401789739505      0.15529256665965      0.00000000000000      c
   -3.11490189842658     -1.73756814518836      0.00000000000000      n
   -1.61602198469517      4.78095369853187      0.00000000000000      o
    1.28401789739505     -0.15529256665965      0.00000000000000      c
    3.11490189842658      1.73756814518836      0.00000000000000      n
    5.50626047695930      0.65061755602125      0.00000000000000      c
    5.31349351650257     -2.01025999356960      0.00000000000000      c
    2.62859070599767     -2.66826511980570      0.00000000000000      c
    1.61602198469516     -4.78095369853187      0.00000000000000      o
    7.87293070425286      1.81263004715011      0.00000000000000      c
   10.02044533144558      0.25533010234736      0.00000000000000      c
    9.82906685628133     -2.41029527192329      0.00000000000000      c
    7.44993917250593     -3.56121675167327      0.00000000000000      c
  -11.52985054340407      3.56456738215662      0.00000000000000      h
  -11.88556835195322     -1.13426928143261      0.00000000000000      h
   -7.24039090710188      5.61814220040991      0.00000000000000      h
   -8.01586125055820     -3.86550201195940      0.00000000000000      h
   -2.75905283053277     -3.62572770761921      0.00000000000000      h
    2.75905283053277      3.62572770761921      0.00000000000000      h
    8.01586125055820      3.86550201195940      0.00000000000000      h
   11.88556835195322      1.13426928143261      0.00000000000000      h
   11.52985054340407     -3.56456738215662      0.00000000000000      h
    7.24039090710188     -5.61814220040991      0.00000000000000      h
  -.24248094772359D-02  0.41197397051142D-02  0.00000000000000D+00
  -.30281750370529D-02  -.24463184946384D-02  0.00000000000000D+00
  0.40169031015366D-02  0.46061256795947D-03  0.00000000000000D+00
  -.28568155911277D-02  -.59673624508156D-02  0.00000000000000D+00
  0.10008642241809D-02  0.92713610971679D-03  0.00000000000000D+00
  0.28704914939309D-02  0.12421075689337D-02  0.00000000000000D+00
  -.46659270672053D-02  -.27633597921343D-02  0.00000000000000D+00
  0.69074275507317D-02  -.36276733444007D-02  0.00000000000000D+00
  -.31446394512318D-02  -.79690326932653D-02  0.00000000000000D+00
  -.29724255216143D-02  0.55532256175271D-02  0.00000000000000D+00
  -.69074275507317D-02  0.36276733444021D-02  0.00000000000000D+00
  0.31446394512318D-02  0.79690326932644D-02  0.00000000000000D+00
  -.10008642241810D-02  -.92713610971679D-03  0.00000000000000D+00
  0.28568155911277D-02  0.59673624508156D-02  0.00000000000000D+00
  0.46659270672050D-02  0.27633597921340D-02  0.00000000000000D+00
  0.29724255216143D-02  -.55532256175272D-02  0.00000000000000D+00
  -.28704914939310D-02  -.12421075689338D-02  0.00000000000000D+00
  0.30281750370528D-02  0.24463184946384D-02  0.00000000000000D+00
  0.24248094772359D-02  -.41197397051142D-02  0.00000000000000D+00
  -.40169031015366D-02  -.46061256795953D-03  0.00000000000000D+00
  0.42053098526026D-02  -.16553369724217D-02  0.00000000000000D+00
  0.25558290021034D-02  0.11438514380199D-02  0.00000000000000D+00
  -.86977371062415D-03  -.39940589959486D-04  0.00000000000000D+00
  0.27905117735227D-02  0.37599812409941D-02  0.00000000000000D+00
  -.62433540769674D-02  0.47437953199592D-03  0.00000000000000D+00
  0.62433540769676D-02  -.47437953199592D-03  0.00000000000000D+00
  -.27905117735226D-02  -.37599812409941D-02  0.00000000000000D+00
  -.25558290021034D-02  -.11438514380199D-02  0.00000000000000D+00
  -.42053098526026D-02  0.16553369724217D-02  0.00000000000000D+00
  0.86977371062405D-03  0.39940589959486D-04  0.00000000000000D+00
  cycle =      5    SCF energy =     -875.2959562568   |dE/dxyz| =  0.029227
   -9.83777825613114      2.40830760184269      0.00000000000000      c
  -10.02118719972877     -0.25716482891199      0.00000000000000      c
   -7.46049902578514      3.56466354475547      0.00000000000000      c
   -5.31738553312838      2.01504836651043      0.00000000000000      c
   -5.51667094573430     -0.65117742767667      0.00000000000000      c
   -7.88377108456784     -1.83516695924553      0.00000000000000      c
   -2.61022437441022      2.69219051130727      0.00000000000000      c
   -1.29226279652480      0.18600570349473      0.00000000000000      c
   -3.10964174155853     -1.71074096151933      0.00000000000000      n
   -1.56408766112669      4.77192004521498      0.00000000000000      o
    1.29226279652480     -0.18600570349473      0.00000000000000      c
    3.10964174155853      1.71074096151933      0.00000000000000      n
    5.51667094573430      0.65117742767667      0.00000000000000      c
    5.31738553312838     -2.01504836651043      0.00000000000000      c
    2.61022437441022     -2.69219051130727      0.00000000000000      c
    1.56408766112668     -4.77192004521498      0.00000000000000      o
    7.88377108456784      1.83516695924553      0.00000000000000      c
   10.02118719972877      0.25716482891198      0.00000000000000      c
    9.83777825613114     -2.40830760184269      0.00000000000000      c
    7.46049902578514     -3.56466354475547      0.00000000000000      c
  -11.55024892014052      3.57078083192004      0.00000000000000      h
  -11.88800373780189     -1.13518164136459      0.00000000000000      h
   -7.23526507530960      5.62324075416073      0.00000000000000      h
   -8.03624244756828     -3.90083874379313      0.00000000000000      h
   -2.71648343342596     -3.60716646172810      0.00000000000000      h
    2.71648343342596      3.60716646172810      0.00000000000000      h
    8.03624244756828      3.90083874379313      0.00000000000000      h
   11.88800373780189      1.13518164136459      0.00000000000000      h
   11.55024892014052     -3.57078083192004      0.00000000000000      h
    7.23526507530960     -5.62324075416073      0.00000000000000      h
  0.36414276621390D-03  0.94901643704831D-03  0.00000000000000D+00
  -.12650681096731D-02  0.36503416360256D-03  0.00000000000000D+00
  0.70303425547982D-03  0.79225101834893D-03  0.00000000000000D+00
  -.31490404124079D-02  -.96097389383473D-02  0.00000000000000D+00
  -.13788804864867D-02  0.90409321219731D-03  0.00000000000000D+00
  -.22875510800657D-04  -.13977539298811D-02  0.00000000000000D+00
  0.45631855111976D-02  0.98052969823321D-02  0.00000000000000D+00
  -.57062619525832D-02  0.67420570956944D-02  0.00000000000000D+00
  -.15072010566435D-02  0.70696249903124D-03  0.00000000000000D+00
  -.41616726906475D-02  -.58586825512576D-02  0.00000000000000D+00
  0.57062619525832D-02  -.67420570956931D-02  0.00000000000000D+00
  0.15072010566435D-02  -.70696249903213D-03  0.00000000000000D+00
  0.13788804864867D-02  -.90409321219731D-03  0.00000000000000D+00
  0.31490404124079D-02  0.96097389383473D-02  0.00000000000000D+00
  -.45631855111978D-02  -.98052969823323D-02  0.00000000000000D+00
  0.41616726906475D-02  0.58586825512575D-02  0.00000000000000D+00
  0.22875510800546D-04  0.13977539298810D-02  0.00000000000000D+00
  0.12650681096730D-02  -.36503416360256D-03  0.00000000000000D+00
  -.36414276621390D-03  -.94901643704830D-03  0.00000000000000D+00
  -.70303425547982D-03  -.79225101834898D-03  0.00000000000000D+00
  0.18692216702065D-03  0.16345652982623D-02  0.00000000000000D+00
  0.25364107159244D-02  0.78644061429332D-03  0.00000000000000D+00
  0.37359266882728D-03  0.89599319794992D-03  0.00000000000000D+00
  0.18543302806973D-02  -.14627625135771D-02  0.00000000000000D+00
  -.42483187877824D-02  -.57068191631104D-02  0.00000000000000D+00
  0.42483187877826D-02  0.57068191631104D-02  0.00000000000000D+00
  -.18543302806972D-02  0.14627625135771D-02  0.00000000000000D+00
  -.25364107159244D-02  -.78644061429338D-03  0.00000000000000D+00
  -.18692216702065D-03  -.16345652982624D-02  0.00000000000000D+00
  -.37359266882738D-03  -.89599319794992D-03  0.00000000000000D+00
  cycle =      6    SCF energy =     -875.2964846833   |dE/dxyz| =  0.021039
   -9.84244285286783      2.40468514611723      0.00000000000000      c
  -10.01982352272956     -0.25735354973542      0.00000000000000      c
   -7.46591776357673      3.56597520842490      0.00000000000000      c
   -5.31305202146069      2.03270636261507      0.00000000000000      c
   -5.51822910772590     -0.65054164887577      0.00000000000000      c
   -7.88781506695639     -1.84370525334930      0.00000000000000      c
   -2.60970160622490      2.68722255946112      0.00000000000000      c
   -1.28351571176639      0.18685009046105      0.00000000000000      c
   -3.10472045393166     -1.70470688704652      0.00000000000000      n
   -1.53692682137499      4.77600956862120      0.00000000000000      o
    1.28351571176639     -0.18685009046105      0.00000000000000      c
    3.10472045393166      1.70470688704652      0.00000000000000      n
    5.51822910772590      0.65054164887577      0.00000000000000      c
    5.31305202146069     -2.03270636261507      0.00000000000000      c
    2.60970160622490     -2.68722255946112      0.00000000000000      c
    1.53692682137498     -4.77600956862120      0.00000000000000      o
    7.88781506695639      1.84370525334930      0.00000000000000      c
   10.01982352272956      0.25735354973541      0.00000000000000      c
    9.84244285286783     -2.40468514611723      0.00000000000000      c
    7.46591776357673     -3.56597520842490      0.00000000000000      c
  -11.55874153456445      3.57021199253235      0.00000000000000      h
  -11.89353634065923     -1.13711066647826      0.00000000000000      h
   -7.23399191772265      5.62304717175216      0.00000000000000      h
   -8.04781343135528     -3.91164784301873      0.00000000000000      h
   -2.69167475564396     -3.58769868652522      0.00000000000000      h
    2.69167475564396      3.58769868652522      0.00000000000000      h
    8.04781343135528      3.91164784301873      0.00000000000000      h
   11.89353634065923      1.13711066647826      0.00000000000000      h
   11.55874153456445     -3.57021199253235      0.00000000000000      h
    7.23399191772265     -5.62304717175216      0.00000000000000      h
  0.23425079389518D-03  -.14990501142371D-02  0.00000000000000D+00
  0.20562280167394D-02  0.32099997713629D-02  0.00000000000000D+00
  -.16385473461897D-03  -.74725138998993D-03  0.00000000000000D+00
  -.11026569682462D-02  0.20160252639470D-03  0.00000000000000D+00
  -.28019116638720D-02  -.14760093185280D-02  0.00000000000000D+00
  -.26957794689270D-02  -.35779616950899D-02  0.00000000000000D+00
  -.46612931199425D-02  -.38799463457818D-02  0.00000000000000D+00
  0.57570130298403D-02  0.48447128131746D-02  0.00000000000000D+00
  0.42932312544064D-03  -.23674080172561D-02  0.00000000000000D+00
  0.25478073805292D-02  0.53954311236530D-02  0.00000000000000D+00
  -.57570130298403D-02  -.48447128131737D-02  0.00000000000000D+00
  -.42932312544064D-03  0.23674080172552D-02  0.00000000000000D+00
  0.28019116638720D-02  0.14760093185280D-02  0.00000000000000D+00
  0.11026569682461D-02  -.20160252639470D-03  0.00000000000000D+00
  0.46612931199422D-02  0.38799463457816D-02  0.00000000000000D+00
  -.25478073805292D-02  -.53954311236531D-02  0.00000000000000D+00
  0.26957794689269D-02  0.35779616950899D-02  0.00000000000000D+00
  -.20562280167395D-02  -.32099997713629D-02  0.00000000000000D+00
  -.23425079389518D-03  0.14990501142371D-02  0.00000000000000D+00
  0.16385473461897D-03  0.74725138998987D-03  0.00000000000000D+00
  -.12263701321674D-02  0.27564098470823D-02  0.00000000000000D+00
  0.41748784700324D-03  -.20893057224197D-03  0.00000000000000D+00
  0.13057754566115D-02  0.37823646629831D-03  0.00000000000000D+00
  0.13149060401511D-02  -.26588958835559D-02  0.00000000000000D+00
  -.40550318193224D-02  -.11611697588447D-02  0.00000000000000D+00
  0.40550318193227D-02  0.11611697588447D-02  0.00000000000000D+00
  -.13149060401510D-02  0.26588958835559D-02  0.00000000000000D+00
  -.41748784700324D-03  0.20893057224192D-03  0.00000000000000D+00
  0.12263701321674D-02  -.27564098470823D-02  0.00000000000000D+00
  -.13057754566116D-02  -.37823646629831D-03  0.00000000000000D+00
  cycle =      7    SCF energy =     -875.2968479921   |dE/dxyz| =  0.013429
   -9.84475042716022      2.40706386978921      0.00000000000000      c
  -10.02351669616624     -0.26431739212289      0.00000000000000      c
   -7.46599985475714      3.56715599449104      0.00000000000000      c
   -5.30952774276569      2.03934797585906      0.00000000000000      c
   -5.51327044279514     -0.64699177638952      0.00000000000000      c
   -7.88323719540003     -1.83826108677312      0.00000000000000      c
   -2.60400264002991      2.68698009122333      0.00000000000000      c
   -1.28735077112914      0.17681434522194      0.00000000000000      c
   -3.10417569524970     -1.70045687158644      0.00000000000000      n
   -1.53416310807505      4.77088903277805      0.00000000000000      o
    1.28735077112914     -0.17681434522194      0.00000000000000      c
    3.10417569524970      1.70045687158644      0.00000000000000      n
    5.51327044279514      0.64699177638952      0.00000000000000      c
    5.30952774276569     -2.03934797585906      0.00000000000000      c
    2.60400264002991     -2.68698009122333      0.00000000000000      c
    1.53416310807504     -4.77088903277805      0.00000000000000      o
    7.88323719540003      1.83826108677312      0.00000000000000      c
   10.02351669616624      0.26431739212288      0.00000000000000      c
    9.84475042716022     -2.40706386978921      0.00000000000000      c
    7.46599985475714     -3.56715599449104      0.00000000000000      c
  -11.55781114736823      3.56410674279412      0.00000000000000      h
  -11.89583893840967     -1.13719845499746      0.00000000000000      h
   -7.23636407954967      5.62176632044068      0.00000000000000      h
   -8.05313609477028     -3.90847347542154      0.00000000000000      h
   -2.67809865078551     -3.57987440789755      0.00000000000000      h
    2.67809865078551      3.57987440789755      0.00000000000000      h
    8.05313609477028      3.90847347542154      0.00000000000000      h
   11.89583893840967      1.13719845499746      0.00000000000000      h
   11.55781114736823     -3.56410674279412      0.00000000000000      h
    7.23636407954967     -5.62176632044068      0.00000000000000      h
  -.21983449144363D-02  0.34225766587974D-02  0.00000000000000D+00
  -.78874282072608D-03  -.26168190413505D-02  0.00000000000000D+00
  0.78547484760699D-03  -.95091727878081D-04  0.00000000000000D+00
  -.85560767794881D-03  0.25441304654238D-02  0.00000000000000D+00
  -.37530137067590D-03  -.32000727674255D-02  0.00000000000000D+00
  -.96368624183987D-03  -.99788077106722D-03  0.00000000000000D+00
  -.18596156885573D-02  -.48148410857518D-03  0.00000000000000D+00
  0.26908027182238D-03  -.25175291293833D-02  0.00000000000000D+00
  0.31758843011787D-03  0.14863006402333D-02  0.00000000000000D+00
  0.28637642193186D-04  0.22384380295432D-02  0.00000000000000D+00
  -.26908027182238D-03  0.25175291293846D-02  0.00000000000000D+00
  -.31758843011787D-03  -.14863006402341D-02  0.00000000000000D+00
  0.37530137067584D-03  0.32000727674255D-02  0.00000000000000D+00
  0.85560767794878D-03  -.25441304654238D-02  0.00000000000000D+00
  0.18596156885571D-02  0.48148410857496D-03  0.00000000000000D+00
  -.28637642193186D-04  -.22384380295433D-02  0.00000000000000D+00
  0.96368624183976D-03  0.99788077106711D-03  0.00000000000000D+00
  0.78874282072600D-03  0.26168190413505D-02  0.00000000000000D+00
  0.21983449144363D-02  -.34225766587974D-02  0.00000000000000D+00
  -.78547484760699D-03  0.95091727878027D-04  0.00000000000000D+00
  0.71171596577946D-03  0.10249105628476D-02  0.00000000000000D+00
  0.13573929105752D-02  0.85474886483485D-03  0.00000000000000D+00
  0.12555375803362D-02  -.65033343196075D-03  0.00000000000000D+00
  0.39612680841668D-03  -.34923638760785D-02  0.00000000000000D+00
  -.31551969409391D-02  -.38812154731938D-03  0.00000000000000D+00
  0.31551969409394D-02  0.38812154731938D-03  0.00000000000000D+00
  -.39612680841659D-03  0.34923638760785D-02  0.00000000000000D+00
  -.13573929105752D-02  -.85474886483490D-03  0.00000000000000D+00
  -.71171596577946D-03  -.10249105628476D-02  0.00000000000000D+00
  -.12555375803363D-02  0.65033343196075D-03  0.00000000000000D+00
  cycle =      8    SCF energy =     -875.2971027105   |dE/dxyz| =  0.009302
   -9.84163697663351      2.40168023951875      0.00000000000000      c
  -10.02382818370534     -0.26423488048160      0.00000000000000      c
   -7.46779034420407      3.56704034759411      0.00000000000000      c
   -5.30552536230864      2.04017566682085      0.00000000000000      c
   -5.50972191471814     -0.63884484632947      0.00000000000000      c
   -7.87843767987842     -1.83173583307147      0.00000000000000      c
   -2.59797972223330      2.68368090372246      0.00000000000000      c
   -1.28945387551551      0.17634800178533      0.00000000000000      c
   -3.10435966409823     -1.69876540920398      0.00000000000000      n
   -1.52946169155386      4.76604290044812      0.00000000000000      o
    1.28945387551551     -0.17634800178533      0.00000000000000      c
    3.10435966409823      1.69876540920398      0.00000000000000      n
    5.50972191471814      0.63884484632947      0.00000000000000      c
    5.30552536230864     -2.04017566682085      0.00000000000000      c
    2.59797972223330     -2.68368090372246      0.00000000000000      c
    1.52946169155385     -4.76604290044812      0.00000000000000      o
    7.87843767987842      1.83173583307147      0.00000000000000      c
   10.02382818370534      0.26423488048159      0.00000000000000      c
    9.84163697663351     -2.40168023951875      0.00000000000000      c
    7.46779034420407     -3.56704034759411      0.00000000000000      c
  -11.55924829704395      3.55773847940765      0.00000000000000      h
  -11.90048444555016     -1.13920750769791      0.00000000000000      h
   -7.24060799701639      5.62269868153648      0.00000000000000      h
   -8.05806815613601     -3.90001198015629      0.00000000000000      h
   -2.66094661785088     -3.57415736740700      0.00000000000000      h
    2.66094661785088      3.57415736740700      0.00000000000000      h
    8.05806815613601      3.90001198015629      0.00000000000000      h
   11.90048444555016      1.13920750769791      0.00000000000000      h
   11.55924829704395     -3.55773847940765      0.00000000000000      h
    7.24060799701639     -5.62269868153648      0.00000000000000      h
  0.23563905806822D-03  0.52816913018310D-03  0.00000000000000D+00
  -.52376338010264D-03  -.50979804566670D-03  0.00000000000000D+00
  -.14897380309212D-02  0.25611772258675D-03  0.00000000000000D+00
  0.29180898412855D-03  -.34588340792149D-03  0.00000000000000D+00
  0.97779630196995D-03  0.37735552202361D-03  0.00000000000000D+00
  0.70820690348417D-03  -.57633356924575D-03  0.00000000000000D+00
  0.59684109133928D-04  -.56081114981110D-03  0.00000000000000D+00
  -.29417526808952D-02  -.24891723148239D-02  0.00000000000000D+00
  -.10611112906447D-02  0.14225988245454D-02  0.00000000000000D+00
  -.11527967431390D-02  0.66379797453463D-03  0.00000000000000D+00
  0.29417526808952D-02  0.24891723148253D-02  0.00000000000000D+00
  0.10611112906447D-02  -.14225988245463D-02  0.00000000000000D+00
  -.97779630197001D-03  -.37735552202361D-03  0.00000000000000D+00
  -.29180898412858D-03  0.34588340792149D-03  0.00000000000000D+00
  -.59684109134150D-04  0.56081114981088D-03  0.00000000000000D+00
  0.11527967431390D-02  -.66379797453477D-03  0.00000000000000D+00
  -.70820690348428D-03  0.57633356924564D-03  0.00000000000000D+00
  0.52376338010256D-03  0.50979804566670D-03  0.00000000000000D+00
  -.23563905806822D-03  -.52816913018309D-03  0.00000000000000D+00
  0.14897380309212D-02  -.25611772258680D-03  0.00000000000000D+00
  -.26174624401915D-03  0.13851015597780D-02  0.00000000000000D+00
  -.33963423764638D-03  0.24252328145911D-03  0.00000000000000D+00
  0.13719429372231D-02  -.33173873120318D-03  0.00000000000000D+00
  -.38585135433594D-03  -.30296166555699D-02  0.00000000000000D+00
  -.20989271174456D-02  0.42875389221431D-04  0.00000000000000D+00
  0.20989271174459D-02  -.42875389221431D-04  0.00000000000000D+00
  0.38585135433603D-03  0.30296166555699D-02  0.00000000000000D+00
  0.33963423764638D-03  -.24252328145917D-03  0.00000000000000D+00
  0.26174624401915D-03  -.13851015597781D-02  0.00000000000000D+00
  -.13719429372232D-02  0.33173873120318D-03  0.00000000000000D+00
  cycle =      9    SCF energy =     -875.2972814939   |dE/dxyz| =  0.008766
   -9.84128224271760      2.39702855853034      0.00000000000000      c
  -10.02337316644581     -0.26572783903634      0.00000000000000      c
   -7.46641323192751      3.56637949333656      0.00000000000000      c
   -5.30221832212412      2.04595072615999      0.00000000000000      c
   -5.50885684882257     -0.63454697538921      0.00000000000000      c
   -7.87664154544878     -1.82487314335938      0.00000000000000      c
   -2.59049490234457      2.68433924386544      0.00000000000000      c
   -1.28637393671781      0.18071948225015      0.00000000000000      c
   -3.10060705262219     -1.69589737740013      0.00000000000000      n
   -1.51677833582466      4.75873009133733      0.00000000000000      o
    1.28637393671781     -0.18071948225015      0.00000000000000      c
    3.10060705262219      1.69589737740013      0.00000000000000      n
    5.50885684882257      0.63454697538921      0.00000000000000      c
    5.30221832212412     -2.04595072615999      0.00000000000000      c
    2.59049490234457     -2.68433924386544      0.00000000000000      c
    1.51677833582465     -4.75873009133733      0.00000000000000      o
    7.87664154544878      1.82487314335938      0.00000000000000      c
   10.02337316644581      0.26572783903633      0.00000000000000      c
    9.84128224271760     -2.39702855853034      0.00000000000000      c
    7.46641323192751     -3.56637949333656      0.00000000000000      c
  -11.56129266906669      3.54759493331301      0.00000000000000      h
  -11.90425510237120     -1.14168474500215      0.00000000000000      h
   -7.24786677219310      5.62440749542368      0.00000000000000      h
   -8.06434028477445     -3.88786792449239      0.00000000000000      h
   -2.63368239564496     -3.56583281246012      0.00000000000000      h
    2.63368239564496      3.56583281246012      0.00000000000000      h
    8.06434028477445      3.88786792449239      0.00000000000000      h
   11.90425510237120      1.14168474500215      0.00000000000000      h
   11.56129266906669     -3.54759493331301      0.00000000000000      h
    7.24786677219310     -5.62440749542368      0.00000000000000      h
  -.36572132818523D-03  -.66289435225763D-03  0.00000000000000D+00
  0.13495239427122D-02  -.78841939943469D-03  0.00000000000000D+00
  -.55240022651115D-04  -.77720041198218D-03  0.00000000000000D+00
  -.42026564623140D-03  0.10558258614343D-02  0.00000000000000D+00
  -.76189914703840D-03  0.65954190799217D-03  0.00000000000000D+00
  0.57370376973701D-03  0.28131349470462D-03  0.00000000000000D+00
  0.21224037336696D-02  0.12550512877794D-02  0.00000000000000D+00
  -.14007583111653D-03  -.67187247636635D-03  0.00000000000000D+00
  -.97401127727670D-03  0.37901419318864D-03  0.00000000000000D+00
  -.25003384675915D-02  -.29626748378216D-02  0.00000000000000D+00
  0.14007583111653D-03  0.67187247636769D-03  0.00000000000000D+00
  0.97401127727670D-03  -.37901419318953D-03  0.00000000000000D+00
  0.76189914703833D-03  -.65954190799217D-03  0.00000000000000D+00
  0.42026564623136D-03  -.10558258614343D-02  0.00000000000000D+00
  -.21224037336698D-02  -.12550512877796D-02  0.00000000000000D+00
  0.25003384675915D-02  0.29626748378215D-02  0.00000000000000D+00
  -.57370376973712D-03  -.28131349470473D-03  0.00000000000000D+00
  -.13495239427123D-02  0.78841939943469D-03  0.00000000000000D+00
  0.36572132818521D-03  0.66289435225765D-03  0.00000000000000D+00
  0.55240022651115D-04  0.77720041198213D-03  0.00000000000000D+00
  -.18242995718720D-03  0.80144748873232D-03  0.00000000000000D+00
  -.18205166678000D-02  -.19975938070056D-03  0.00000000000000D+00
  0.12790156667090D-02  0.16350001992155D-03  0.00000000000000D+00
  -.91517427563388D-03  -.13458287549069D-02  0.00000000000000D+00
  -.90235969322061D-03  0.50236977387530D-03  0.00000000000000D+00
  0.90235969322083D-03  -.50236977387530D-03  0.00000000000000D+00
  0.91517427563396D-03  0.13458287549069D-02  0.00000000000000D+00
  0.18205166678000D-02  0.19975938070051D-03  0.00000000000000D+00
  0.18242995718720D-03  -.80144748873237D-03  0.00000000000000D+00
  -.12790156667091D-02  -.16350001992155D-03  0.00000000000000D+00
  cycle =     10    SCF energy =     -875.2973622536   |dE/dxyz| =  0.006062
   -9.84042723564298      2.39547117283788      0.00000000000000      c
  -10.02615141790896     -0.26485858057684      0.00000000000000      c
   -7.46660531409585      3.56822013725152      0.00000000000000      c
   -5.29926316859386      2.04656707991393      0.00000000000000      c
   -5.50646238082132     -0.63336118653927      0.00000000000000      c
   -7.87692693550523     -1.82280772822522      0.00000000000000      c
   -2.58878260921658      2.68528205359604      0.00000000000000      c
   -1.28680502652632      0.18413297765119      0.00000000000000      c
   -3.09648314264578     -1.69401088424059      0.00000000000000      n
   -1.50389588665850      4.75862165338980      0.00000000000000      o
    1.28680502652632     -0.18413297765119      0.00000000000000      c
    3.09648314264578      1.69401088424059      0.00000000000000      n
    5.50646238082132      0.63336118653927      0.00000000000000      c
    5.29926316859386     -2.04656707991393      0.00000000000000      c
    2.58878260921658     -2.68528205359604      0.00000000000000      c
    1.50389588665849     -4.75862165338980      0.00000000000000      o
    7.87692693550523      1.82280772822522      0.00000000000000      c
   10.02615141790896      0.26485858057683      0.00000000000000      c
    9.84042723564298     -2.39547117283788      0.00000000000000      c
    7.46660531409585     -3.56822013725152      0.00000000000000      c
  -11.56285946063959      3.54060667388997      0.00000000000000      h
  -11.90290263788849     -1.14279545080995      0.00000000000000      h
   -7.25420765212077      5.62496316082171      0.00000000000000      h
   -8.06678922822531     -3.87986408656383      0.00000000000000      h
   -2.61523836153697     -3.56103530044129      0.00000000000000      h
    2.61523836153697      3.56103530044129      0.00000000000000      h
    8.06678922822531      3.87986408656383      0.00000000000000      h
   11.90290263788849      1.14279545080995      0.00000000000000      h
   11.56285946063959     -3.54060667388997      0.00000000000000      h
    7.25420765212077     -5.62496316082171      0.00000000000000      h
  -.18638488566112D-03  -.14080233542807D-02  0.00000000000000D+00
  -.98666164595104D-03  -.11591812143319D-03  0.00000000000000D+00
  -.38038008129265D-03  0.94575047655918D-03  0.00000000000000D+00
  0.72377971562965D-03  -.53871552713844D-03  0.00000000000000D+00
  -.16854504516335D-03  0.15254823368261D-02  0.00000000000000D+00
  0.22424195404969D-03  -.17824772033280D-02  0.00000000000000D+00
  0.17249593494184D-03  -.79770794130540D-03  0.00000000000000D+00
  -.11837566544175D-02  0.26778453346621D-03  0.00000000000000D+00
  -.28879056901276D-03  0.47964001590795D-03  0.00000000000000D+00
  -.70617727068745D-03  -.10776955959264D-02  0.00000000000000D+00
  0.11837566544175D-02  -.26778453346532D-03  0.00000000000000D+00
  0.28879056901276D-03  -.47964001590883D-03  0.00000000000000D+00
  0.16854504516328D-03  -.15254823368261D-02  0.00000000000000D+00
  -.72377971562968D-03  0.53871552713844D-03  0.00000000000000D+00
  -.17249593494206D-03  0.79770794130518D-03  0.00000000000000D+00
  0.70617727068745D-03  0.10776955959263D-02  0.00000000000000D+00
  -.22424195404980D-03  0.17824772033279D-02  0.00000000000000D+00
  0.98666164595096D-03  0.11591812143319D-03  0.00000000000000D+00
  0.18638488566110D-03  0.14080233542807D-02  0.00000000000000D+00
  0.38038008129265D-03  -.94575047655923D-03  0.00000000000000D+00
  -.58931445019561D-04  0.21771860871425D-03  0.00000000000000D+00
  -.89265558043344D-03  0.36658032530085D-04  0.00000000000000D+00
  0.99335265522279D-03  -.42097560817711D-03  0.00000000000000D+00
  -.92976692573978D-03  0.67896891919289D-03  0.00000000000000D+00
  -.33775731253272D-03  0.60667928424030D-03  0.00000000000000D+00
  0.33775731253294D-03  -.60667928424030D-03  0.00000000000000D+00
  0.92976692573986D-03  -.67896891919289D-03  0.00000000000000D+00
  0.89265558043344D-03  -.36658032530140D-04  0.00000000000000D+00
  0.58931445019561D-04  -.21771860871431D-03  0.00000000000000D+00
  -.99335265522289D-03  0.42097560817711D-03  0.00000000000000D+00
  cycle =     11    SCF energy =     -875.2974009884   |dE/dxyz| =  0.003531
   -9.83890960657500      2.39703495365225      0.00000000000000      c
  -10.02520138229226     -0.26310136704634      0.00000000000000      c
   -7.46630772703245      3.56727393926234      0.00000000000000      c
   -5.29949164809954      2.04614696081581      0.00000000000000      c
   -5.50481676472254     -0.63548013405974      0.00000000000000      c
   -7.87737445767391     -1.81861926050115      0.00000000000000      c
   -2.58836293019742      2.68822108044739      0.00000000000000      c
   -1.28520505941661      0.18522851945739      0.00000000000000      c
   -3.09444669130888     -1.69534220504935      0.00000000000000      n
   -1.49853527785410      4.76038489383670      0.00000000000000      o
    1.28520505941661     -0.18522851945739      0.00000000000000      c
    3.09444669130888      1.69534220504935      0.00000000000000      n
    5.50481676472254      0.63548013405974      0.00000000000000      c
    5.29949164809954     -2.04614696081581      0.00000000000000      c
    2.58836293019742     -2.68822108044739      0.00000000000000      c
    1.49853527785409     -4.76038489383670      0.00000000000000      o
    7.87737445767391      1.81861926050115      0.00000000000000      c
   10.02520138229226      0.26310136704633      0.00000000000000      c
    9.83890960657500     -2.39703495365225      0.00000000000000      c
    7.46630772703245     -3.56727393926234      0.00000000000000      c
  -11.56335414507223      3.53759347780528      0.00000000000000      h
  -11.90028226707935     -1.14347842853509      0.00000000000000      h
   -7.25896658240585      5.62598653709402      0.00000000000000      h
   -8.06513476650051     -3.87760206692125      0.00000000000000      h
   -2.60831347168154     -3.56101191014863      0.00000000000000      h
    2.60831347168154      3.56101191014863      0.00000000000000      h
    8.06513476650051      3.87760206692125      0.00000000000000      h
   11.90028226707935      1.14347842853509      0.00000000000000      h
   11.56335414507223     -3.53759347780528      0.00000000000000      h
    7.25896658240585     -5.62598653709402      0.00000000000000      h
  0.62787306823174D-03  -.58510840816405D-03  0.00000000000000D+00
  -.65005064388081D-03  -.47059659542309D-03  0.00000000000000D+00
  -.43542762403506D-03  -.30697200605315D-03  0.00000000000000D+00
  -.37438000917152D-03  -.54377549608620D-03  0.00000000000000D+00
  -.46142999890905D-03  0.18838285325157D-03  0.00000000000000D+00
  -.51466194659960D-03  0.39295905276571D-03  0.00000000000000D+00
  -.39819989513579D-03  -.46679652279769D-03  0.00000000000000D+00
  0.66289728996960D-03  0.35571470853180D-03  0.00000000000000D+00
  -.27132319488299D-03  -.27138219466749D-03  0.00000000000000D+00
  0.13956210124755D-03  -.32856755806568D-03  0.00000000000000D+00
  -.66289728996960D-03  -.35571470853091D-03  0.00000000000000D+00
  0.27132319488299D-03  0.27138219466660D-03  0.00000000000000D+00
  0.46142999890898D-03  -.18838285325157D-03  0.00000000000000D+00
  0.37438000917148D-03  0.54377549608620D-03  0.00000000000000D+00
  0.39819989513556D-03  0.46679652279746D-03  0.00000000000000D+00
  -.13956210124755D-03  0.32856755806554D-03  0.00000000000000D+00
  0.51466194659949D-03  -.39295905276582D-03  0.00000000000000D+00
  0.65005064388073D-03  0.47059659542309D-03  0.00000000000000D+00
  -.62787306823175D-03  0.58510840816406D-03  0.00000000000000D+00
  0.43542762403506D-03  0.30697200605310D-03  0.00000000000000D+00
  0.12854273720608D-04  -.21165441865165D-03  0.00000000000000D+00
  -.68996996450094D-03  -.28617201805664D-04  0.00000000000000D+00
  0.69953716967911D-03  0.13406688784973D-03  0.00000000000000D+00
  -.75872280059189D-03  0.13139179525140D-03  0.00000000000000D+00
  -.20756231178720D-03  0.76403590395913D-03  0.00000000000000D+00
  0.20756231178742D-03  -.76403590395913D-03  0.00000000000000D+00
  0.75872280059197D-03  -.13139179525140D-03  0.00000000000000D+00
  0.68996996450094D-03  0.28617201805609D-04  0.00000000000000D+00
  -.12854273720608D-04  0.21165441865159D-03  0.00000000000000D+00
  -.69953716967921D-03  -.13406688784973D-03  0.00000000000000D+00
  cycle =     12    SCF energy =     -875.2974226856   |dE/dxyz| =  0.003049
   -9.83945558383608      2.39886186390867      0.00000000000000      c
  -10.02310460202204     -0.26068042483035      0.00000000000000      c
   -7.46486828448587      3.56749392662254      0.00000000000000      c
   -5.29886324320327      2.04641477970259      0.00000000000000      c
   -5.50307994689980     -0.63673825412264      0.00000000000000      c
   -7.87630010018954     -1.81779553674393      0.00000000000000      c
   -2.58809683757545      2.68992562540696      0.00000000000000      c
   -1.28531384285799      0.18513416082043      0.00000000000000      c
   -3.09306914944512     -1.69651120862953      0.00000000000000      n
   -1.49785874316631      4.76255287989129      0.00000000000000      o
    1.28531384285799     -0.18513416082043      0.00000000000000      c
    3.09306914944512      1.69651120862953      0.00000000000000      n
    5.50307994689980      0.63673825412264      0.00000000000000      c
    5.29886324320327     -2.04641477970259      0.00000000000000      c
    2.58809683757545     -2.68992562540696      0.00000000000000      c
    1.49785874316630     -4.76255287989129      0.00000000000000      o
    7.87630010018954      1.81779553674393      0.00000000000000      c
   10.02310460202204      0.26068042483034      0.00000000000000      c
    9.83945558383608     -2.39886186390867      0.00000000000000      c
    7.46486828448587     -3.56749392662254      0.00000000000000      c
  -11.56322283676830      3.53692969511445      0.00000000000000      h
  -11.89718518364416     -1.14376497586557      0.00000000000000      h
   -7.26277689421179      5.62597836843361      0.00000000000000      h
   -8.06173321260849     -3.87633117030670      0.00000000000000      h
   -2.60659958198267     -3.56376724936588      0.00000000000000      h
    2.60659958198267      3.56376724936588      0.00000000000000      h
    8.06173321260849      3.87633117030670      0.00000000000000      h
   11.89718518364416      1.14376497586557      0.00000000000000      h
   11.56322283676830     -3.53692969511445      0.00000000000000      h
    7.26277689421179     -5.62597836843361      0.00000000000000      h
  -.59110302204628D-03  -.91736832972568D-04  0.00000000000000D+00
  -.20620139229811D-03  0.16226435388472D-03  0.00000000000000D+00
  0.54094468381316D-03  -.24691511273207D-03  0.00000000000000D+00
  -.70101329456152D-03  -.30125838396519D-03  0.00000000000000D+00
  -.21858319159129D-03  -.46316543234465D-03  0.00000000000000D+00
  -.85394979432163D-03  0.16489455919882D-03  0.00000000000000D+00
  -.55628633477189D-03  -.25218136613370D-03  0.00000000000000D+00
  0.25407413719147D-03  0.68934405632159D-04  0.00000000000000D+00
  -.18626162414703D-03  0.11108967448370D-03  0.00000000000000D+00
  0.33764805966463D-03  0.15441754386325D-03  0.00000000000000D+00
  -.25407413719147D-03  -.68934405631271D-04  0.00000000000000D+00
  0.18626162414703D-03  -.11108967448459D-03  0.00000000000000D+00
  0.21858319159122D-03  0.46316543234465D-03  0.00000000000000D+00
  0.70101329456148D-03  0.30125838396519D-03  0.00000000000000D+00
  0.55628633477167D-03  0.25218136613347D-03  0.00000000000000D+00
  -.33764805966463D-03  -.15441754386339D-03  0.00000000000000D+00
  0.85394979432152D-03  -.16489455919894D-03  0.00000000000000D+00
  0.20620139229803D-03  -.16226435388472D-03  0.00000000000000D+00
  0.59110302204626D-03  0.91736832972582D-04  0.00000000000000D+00
  -.54094468381316D-03  0.24691511273201D-03  0.00000000000000D+00
  0.48287695537963D-03  -.65266714742518D-03  0.00000000000000D+00
  -.67762713919600D-03  -.14927911215520D-03  0.00000000000000D+00
  0.32870736755498D-03  -.10149144661759D-03  0.00000000000000D+00
  -.49935052928585D-03  0.33880018530780D-03  0.00000000000000D+00
  -.11374864128122D-03  0.58724555755285D-04  0.00000000000000D+00
  0.11374864128144D-03  -.58724555755285D-04  0.00000000000000D+00
  0.49935052928593D-03  -.33880018530780D-03  0.00000000000000D+00
  0.67762713919600D-03  0.14927911215515D-03  0.00000000000000D+00
  -.48287695537963D-03  0.65266714742512D-03  0.00000000000000D+00
  -.32870736755508D-03  0.10149144661759D-03  0.00000000000000D+00
  cycle =     13    SCF energy =     -875.2974398445   |dE/dxyz| =  0.002867
   -9.83838162768845      2.40084648025892      0.00000000000000      c
  -10.02090037120827     -0.25945081899962      0.00000000000000      c
   -7.46482789922564      3.56794042598980      0.00000000000000      c
   -5.29678442771595      2.04765263375434      0.00000000000000      c
   -5.50118029744768     -0.63701730038338      0.00000000000000      c
   -7.87340791991260     -1.81693820914007      0.00000000000000      c
   -2.58691713377312      2.69150205643192      0.00000000000000      c
   -1.28506421084349      0.18504139560591      0.00000000000000      c
   -3.09123340213055     -1.69803716417795      0.00000000000000      n
   -1.49754698630051      4.76449201384794      0.00000000000000      o
    1.28506421084349     -0.18504139560591      0.00000000000000      c
    3.09123340213055      1.69803716417795      0.00000000000000      n
    5.50118029744768      0.63701730038338      0.00000000000000      c
    5.29678442771595     -2.04765263375434      0.00000000000000      c
    2.58691713377312     -2.69150205643192      0.00000000000000      c
    1.49754698630050     -4.76449201384794      0.00000000000000      o
    7.87340791991260      1.81693820914007      0.00000000000000      c
   10.02090037120827      0.25945081899961      0.00000000000000      c
    9.83838162768845     -2.40084648025892      0.00000000000000      c
    7.46482789922564     -3.56794042598980      0.00000000000000      c
  -11.56425410149107      3.53750794166947      0.00000000000000      h
  -11.89268782543154     -1.14372613214726      0.00000000000000      h
   -7.26714257398243      5.62627694878153      0.00000000000000      h
   -8.05756795689731     -3.87587598789259      0.00000000000000      h
   -2.60434908007739     -3.56610959171076      0.00000000000000      h
    2.60434908007739      3.56610959171076      0.00000000000000      h
    8.05756795689731      3.87587598789259      0.00000000000000      h
   11.89268782543154      1.14372613214726      0.00000000000000      h
   11.56425410149107     -3.53750794166947      0.00000000000000      h
    7.26714257398243     -5.62627694878153      0.00000000000000      h
  0.89543668237227D-04  0.66731192476133D-03  0.00000000000000D+00
  -.80661428999691D-03  0.12453247460259D-03  0.00000000000000D+00
  -.13074623245829D-03  -.36941761563226D-03  0.00000000000000D+00
  -.98788192839101D-04  0.18271444588769D-04  0.00000000000000D+00
  -.71325138715063D-03  -.10960497663268D-02  0.00000000000000D+00
  -.20302835753949D-03  0.22740929460585D-03  0.00000000000000D+00
  -.39740818211420D-03  0.73410971058840D-04  0.00000000000000D+00
  0.82196206038887D-04  -.61804422686773D-04  0.00000000000000D+00
  0.12149755523039D-03  -.12313694384225D-03  0.00000000000000D+00
  0.17540859423482D-03  0.24020857636665D-03  0.00000000000000D+00
  -.82196206038887D-04  0.61804422687661D-04  0.00000000000000D+00
  -.12149755523039D-03  0.12313694384136D-03  0.00000000000000D+00
  0.71325138715056D-03  0.10960497663268D-02  0.00000000000000D+00
  0.98788192839067D-04  -.18271444588769D-04  0.00000000000000D+00
  0.39740818211398D-03  -.73410971059062D-04  0.00000000000000D+00
  -.17540859423482D-03  -.24020857636679D-03  0.00000000000000D+00
  0.20302835753938D-03  -.22740929460596D-03  0.00000000000000D+00
  0.80661428999683D-03  -.12453247460259D-03  0.00000000000000D+00
  -.89543668237241D-04  -.66731192476131D-03  0.00000000000000D+00
  0.13074623245829D-03  0.36941761563221D-03  0.00000000000000D+00
  0.12570227111480D-03  -.53908611129347D-03  0.00000000000000D+00
  -.14717991460039D-03  0.20480166004533D-04  0.00000000000000D+00
  0.51669324234394D-04  -.28961062909200D-03  0.00000000000000D+00
  -.39222822986219D-03  0.23871486561078D-03  0.00000000000000D+00
  -.65152424199022D-04  -.32049052276517D-03  0.00000000000000D+00
  0.65152424199244D-04  0.32049052276517D-03  0.00000000000000D+00
  0.39222822986228D-03  -.23871486561078D-03  0.00000000000000D+00
  0.14717991460039D-03  -.20480166004588D-04  0.00000000000000D+00
  -.12570227111480D-03  0.53908611129341D-03  0.00000000000000D+00
  -.51669324234491D-04  0.28961062909200D-03  0.00000000000000D+00
  cycle =     14    SCF energy =     -875.2974537316   |dE/dxyz| =  0.002398
   -9.83820957357890      2.40124021941722      0.00000000000000      c
  -10.01703588145334     -0.25924936016531      0.00000000000000      c
   -7.46421829890730      3.56897682341283      0.00000000000000      c
   -5.29497818058490      2.04938096816436      0.00000000000000      c
   -5.49769712646661     -0.63507201324539      0.00000000000000      c
   -7.87070943199423     -1.81635487741170      0.00000000000000      c
   -2.58489525091303      2.69256651921129      0.00000000000000      c
   -1.28482533043873      0.18499214814677      0.00000000000000      c
   -3.08970517491124     -1.69836059321148      0.00000000000000      n
   -1.49625696192387      4.76583954515630      0.00000000000000      o
    1.28482533043873     -0.18499214814677      0.00000000000000      c
    3.08970517491124      1.69836059321148      0.00000000000000      n
    5.49769712646661      0.63507201324539      0.00000000000000      c
    5.29497818058490     -2.04938096816436      0.00000000000000      c
    2.58489525091303     -2.69256651921129      0.00000000000000      c
    1.49625696192386     -4.76583954515630      0.00000000000000      o
    7.87070943199423      1.81635487741170      0.00000000000000      c
   10.01703588145334      0.25924936016530      0.00000000000000      c
    9.83820957357890     -2.40124021941722      0.00000000000000      c
    7.46421829890730     -3.56897682341283      0.00000000000000      c
  -11.56549965432906      3.53860958347489      0.00000000000000      h
  -11.88855400639246     -1.14391217071221      0.00000000000000      h
   -7.27135397029091      5.62728045422205      0.00000000000000      h
   -8.05347921075065     -3.87626169177754      0.00000000000000      h
   -2.60062047444645     -3.56678703207872      0.00000000000000      h
    2.60062047444645      3.56678703207872      0.00000000000000      h
    8.05347921075065      3.87626169177754      0.00000000000000      h
   11.88855400639246      1.14391217071221      0.00000000000000      h
   11.56549965432906     -3.53860958347489      0.00000000000000      h
    7.27135397029091     -5.62728045422205      0.00000000000000      h
  -.20831364143830D-03  0.32499388771502D-03  0.00000000000000D+00
  -.46820866145658D-04  0.11107698735885D-03  0.00000000000000D+00
  0.28060059910454D-03  -.12674449021698D-03  0.00000000000000D+00
  -.14860359763172D-03  -.61090293970112D-04  0.00000000000000D+00
  0.39885548674126D-03  -.42637029297771D-03  0.00000000000000D+00
  -.94473343374410D-03  0.27915331604766D-03  0.00000000000000D+00
  -.99677508349494D-05  0.11997990629042D-03  0.00000000000000D+00
  -.32350680101967D-03  -.32405324426676D-03  0.00000000000000D+00
  -.65653060902005D-04  -.15387496985408D-03  0.00000000000000D+00
  -.49521302776800D-04  0.28173276210647D-03  0.00000000000000D+00
  0.32350680101967D-03  0.32405324426765D-03  0.00000000000000D+00
  0.65653060902005D-04  0.15387496985320D-03  0.00000000000000D+00
  -.39885548674132D-03  0.42637029297771D-03  0.00000000000000D+00
  0.14860359763168D-03  0.61090293970112D-04  0.00000000000000D+00
  0.99677508347273D-05  -.11997990629065D-03  0.00000000000000D+00
  0.49521302776800D-04  -.28173276210661D-03  0.00000000000000D+00
  0.94473343374399D-03  -.27915331604778D-03  0.00000000000000D+00
  0.46820866145575D-04  -.11107698735885D-03  0.00000000000000D+00
  0.20831364143829D-03  -.32499388771500D-03  0.00000000000000D+00
  -.28060059910454D-03  0.12674449021693D-03  0.00000000000000D+00
  -.33087770919060D-03  -.15312150160479D-03  0.00000000000000D+00
  -.91613411438152D-04  0.92723443748749D-04  0.00000000000000D+00
  -.20007849966713D-03  -.43366021497454D-03  0.00000000000000D+00
  -.36744745910193D-03  -.79568271575681D-04  0.00000000000000D+00
  0.13834720930350D-03  -.63829821041095D-03  0.00000000000000D+00
  -.13834720930328D-03  0.63829821041095D-03  0.00000000000000D+00
  0.36744745910201D-03  0.79568271575681D-04  0.00000000000000D+00
  0.91613411438152D-04  -.92723443748804D-04  0.00000000000000D+00
  0.33087770919060D-03  0.15312150160474D-03  0.00000000000000D+00
  0.20007849966703D-03  0.43366021497454D-03  0.00000000000000D+00
  cycle =     15    SCF energy =     -875.2974637847   |dE/dxyz| =  0.001904
   -9.83810906269031      2.40070424697722      0.00000000000000      c
  -10.01448244099777     -0.25975924981274      0.00000000000000      c
   -7.46449005285512      3.56982677072283      0.00000000000000      c
   -5.29357875141073      2.05114517040089      0.00000000000000      c
   -5.49652961563619     -0.63309522602485      0.00000000000000      c
   -7.86673695932061     -1.81676321771217      0.00000000000000      c
   -2.58336323679503      2.69298137397271      0.00000000000000      c
   -1.28433327827365      0.18554784389638      0.00000000000000      c
   -3.08852595922012     -1.69724285101002      0.00000000000000      n
   -1.49453041330853      4.76581728102760      0.00000000000000      o
    1.28433327827365     -0.18554784389638      0.00000000000000      c
    3.08852595922012      1.69724285101002      0.00000000000000      n
    5.49652961563619      0.63309522602485      0.00000000000000      c
    5.29357875141073     -2.05114517040089      0.00000000000000      c
    2.58336323679503     -2.69298137397271      0.00000000000000      c
    1.49453041330852     -4.76581728102760      0.00000000000000      o
    7.86673695932061      1.81676321771217      0.00000000000000      c
   10.01448244099777      0.25975924981273      0.00000000000000      c
    9.83810906269031     -2.40070424697722      0.00000000000000      c
    7.46449005285512     -3.56982677072283      0.00000000000000      c
  -11.56547418057855      3.53928540197619      0.00000000000000      h
  -11.88610035714465     -1.14445134398210      0.00000000000000      h
   -7.27343240219531      5.62897692657006      0.00000000000000      h
   -8.05048770247534     -3.87668611619286      0.00000000000000      h
   -2.59764114511087     -3.56518677967241      0.00000000000000      h
    2.59764114511087      3.56518677967241      0.00000000000000      h
    8.05048770247534      3.87668611619286      0.00000000000000      h
   11.88610035714465      1.14445134398210      0.00000000000000      h
   11.56547418057855     -3.53928540197619      0.00000000000000      h
    7.27343240219531     -5.62897692657006      0.00000000000000      h
  -.36595362668617D-03  0.91595402551506D-04  0.00000000000000D+00
  -.28083643807394D-04  0.36610419753108D-03  0.00000000000000D+00
  -.19910384017191D-04  -.20601643501969D-03  0.00000000000000D+00
  0.27795747961378D-03  -.17064109541215D-03  0.00000000000000D+00
  -.21011493931940D-03  -.39554788720586D-04  0.00000000000000D+00
  0.11441283551306D-03  -.28447925698116D-04  0.00000000000000D+00
  0.17451019726533D-03  0.96165725978592D-04  0.00000000000000D+00
  -.16573237517115D-03  -.34673382892247D-03  0.00000000000000D+00
  0.12600103774307D-03  -.21136037845704D-03  0.00000000000000D+00
  -.23778442828448D-03  0.19225840246342D-04  0.00000000000000D+00
  0.16573237517115D-03  0.34673382892336D-03  0.00000000000000D+00
  -.12600103774307D-03  0.21136037845615D-03  0.00000000000000D+00
  0.21011493931934D-03  0.39554788720586D-04  0.00000000000000D+00
  -.27795747961382D-03  0.17064109541215D-03  0.00000000000000D+00
  -.17451019726555D-03  -.96165725978814D-04  0.00000000000000D+00
  0.23778442828448D-03  -.19225840246481D-04  0.00000000000000D+00
  -.11441283551317D-03  0.28447925698005D-04  0.00000000000000D+00
  0.28083643807311D-04  -.36610419753108D-03  0.00000000000000D+00
  0.36595362668616D-03  -.91595402551492D-04  0.00000000000000D+00
  0.19910384017191D-04  0.20601643501964D-03  0.00000000000000D+00
  -.47588605886273D-03  0.10226033054220D-03  0.00000000000000D+00
  -.14143962132862D-03  0.16051920082015D-03  0.00000000000000D+00
  -.21508626068645D-03  -.19528703048405D-03  0.00000000000000D+00
  -.48837165008526D-03  -.13676111543792D-03  0.00000000000000D+00
  0.25099232233949D-03  -.57888950779783D-03  0.00000000000000D+00
  -.25099232233927D-03  0.57888950779783D-03  0.00000000000000D+00
  0.48837165008535D-03  0.13676111543792D-03  0.00000000000000D+00
  0.14143962132862D-03  -.16051920082021D-03  0.00000000000000D+00
  0.47588605886273D-03  -.10226033054225D-03  0.00000000000000D+00
  0.21508626068636D-03  0.19528703048405D-03  0.00000000000000D+00
  cycle =     16    SCF energy =     -875.2974723119   |dE/dxyz| =  0.001886
   -9.83715629302265      2.39990738912210      0.00000000000000      c
  -10.01223232696726     -0.26107779103702      0.00000000000000      c
   -7.46469066663099      3.57104876252134      0.00000000000000      c
   -5.29310830841835      2.05291040137185      0.00000000000000      c
   -5.49490707866962     -0.63140107975668      0.00000000000000      c
   -7.86391324850787     -1.81724200707135      0.00000000000000      c
   -2.58241154775477      2.69324147913101      0.00000000000000      c
   -1.28392720919567      0.18673445635140      0.00000000000000      c
   -3.08795233953635     -1.69578083221303      0.00000000000000      n
   -1.49294396961081      4.76557761814305      0.00000000000000      o
    1.28392720919567     -0.18673445635140      0.00000000000000      c
    3.08795233953635      1.69578083221303      0.00000000000000      n
    5.49490707866962      0.63140107975668      0.00000000000000      c
    5.29310830841835     -2.05291040137185      0.00000000000000      c
    2.58241154775477     -2.69324147913101      0.00000000000000      c
    1.49294396961080     -4.76557761814305      0.00000000000000      o
    7.86391324850787      1.81724200707135      0.00000000000000      c
   10.01223232696726      0.26107779103701      0.00000000000000      c
    9.83715629302265     -2.39990738912210      0.00000000000000      c
    7.46469066663099     -3.57104876252134      0.00000000000000      c
  -11.56438769375526      3.53966310531484      0.00000000000000      h
  -11.88378907162075     -1.14536674535590      0.00000000000000      h
   -7.27456161453234      5.63066452508513      0.00000000000000      h
   -8.04679480399384     -3.87688043187581      0.00000000000000      h
   -2.59608777052196     -3.56270059812899      0.00000000000000      h
    2.59608777052196      3.56270059812899      0.00000000000000      h
    8.04679480399384      3.87688043187581      0.00000000000000      h
   11.88378907162075      1.14536674535590      0.00000000000000      h
   11.56438769375526     -3.53966310531484      0.00000000000000      h
    7.27456161453234     -5.63066452508513      0.00000000000000      h
  -.22161512030960D-03  -.43183055152163D-04  0.00000000000000D+00
  0.84929529188260D-05  0.12674911582311D-03  0.00000000000000D+00
  -.21542589647514D-03  -.14994892791328D-03  0.00000000000000D+00
  0.13376597311392D-03  -.54998268667755D-04  0.00000000000000D+00
  0.13387582530977D-03  0.13920738421808D-03  0.00000000000000D+00
  0.30558878933701D-03  -.32595648746903D-03  0.00000000000000D+00
  0.30023015647629D-03  -.19418788578529D-03  0.00000000000000D+00
  -.81801517930025D-04  0.27491905170152D-05  0.00000000000000D+00
  -.13174543237682D-04  -.48022134537484D-03  0.00000000000000D+00
  -.33195169464717D-03  -.17229302165342D-03  0.00000000000000D+00
  0.81801517930025D-04  -.27491905161270D-05  0.00000000000000D+00
  0.13174543237682D-04  0.48022134537395D-03  0.00000000000000D+00
  -.13387582530983D-03  -.13920738421808D-03  0.00000000000000D+00
  -.13376597311395D-03  0.54998268667755D-04  0.00000000000000D+00
  -.30023015647651D-03  0.19418788578507D-03  0.00000000000000D+00
  0.33195169464717D-03  0.17229302165328D-03  0.00000000000000D+00
  -.30558878933712D-03  0.32595648746891D-03  0.00000000000000D+00
  -.84929529189093D-05  -.12674911582311D-03  0.00000000000000D+00
  0.22161512030958D-03  0.43183055152177D-04  0.00000000000000D+00
  0.21542589647514D-03  0.14994892791323D-03  0.00000000000000D+00
  -.55114474431717D-03  0.33463731224523D-03  0.00000000000000D+00
  -.92010029282330D-04  0.24086116663936D-03  0.00000000000000D+00
  -.18517224105166D-03  -.49433553357459D-04  0.00000000000000D+00
  -.50718030140903D-03  -.19924584855890D-04  0.00000000000000D+00
  0.24411301060179D-03  -.20729922611440D-03  0.00000000000000D+00
  -.24411301060157D-03  0.20729922611440D-03  0.00000000000000D+00
  0.50718030140912D-03  0.19924584855890D-04  0.00000000000000D+00
  0.92010029282330D-04  -.24086116663942D-03  0.00000000000000D+00
  0.55114474431717D-03  -.33463731224528D-03  0.00000000000000D+00
  0.18517224105156D-03  0.49433553357459D-04  0.00000000000000D+00
  cycle =     17    SCF energy =     -875.2974809047   |dE/dxyz| =  0.002053
   -9.83522840394334      2.39860479466402      0.00000000000000      c
  -10.00894648728272     -0.26261816793582      0.00000000000000      c
   -7.46439085098853      3.57317494420418      0.00000000000000      c
   -5.29235150831365      2.05477032154798      0.00000000000000      c
   -5.49344802532845     -0.62905811643787      0.00000000000000      c
   -7.86034889435509     -1.81713055927494      0.00000000000000      c
   -2.58197442330152      2.69455637073108      0.00000000000000      c
   -1.28310047904493      0.18811458131447      0.00000000000000      c
   -3.08690736972689     -1.69282322129497      0.00000000000000      n
   -1.49051115755969      4.76577095567017      0.00000000000000      o
    1.28310047904493     -0.18811458131447      0.00000000000000      c
    3.08690736972689      1.69282322129497      0.00000000000000      n
    5.49344802532845      0.62905811643787      0.00000000000000      c
    5.29235150831365     -2.05477032154798      0.00000000000000      c
    2.58197442330152     -2.69455637073108      0.00000000000000      c
    1.49051115755968     -4.76577095567017      0.00000000000000      o
    7.86034889435509      1.81713055927494      0.00000000000000      c
   10.00894648728272      0.26261816793581      0.00000000000000      c
    9.83522840394334     -2.39860479466402      0.00000000000000      c
    7.46439085098853     -3.57317494420418      0.00000000000000      c
  -11.56146764028674      3.53939334654229      0.00000000000000      h
  -11.88008027882260     -1.14742268230056      0.00000000000000      h
   -7.27585988461340      5.63303669152308      0.00000000000000      h
   -8.03980261738771     -3.87718857775860      0.00000000000000      h
   -2.59512029482263     -3.55940056004502      0.00000000000000      h
    2.59512029482263      3.55940056004502      0.00000000000000      h
    8.03980261738771      3.87718857775860      0.00000000000000      h
   11.88008027882260      1.14742268230056      0.00000000000000      h
   11.56146764028674     -3.53939334654229      0.00000000000000      h
    7.27585988461340     -5.63303669152308      0.00000000000000      h
  -.26818988508023D-03  -.35769430070857D-03  0.00000000000000D+00
  0.27450921796397D-03  -.67376377155481D-04  0.00000000000000D+00
  -.37501976310339D-03  0.31677070608580D-03  0.00000000000000D+00
  0.17547542103536D-03  -.44540774873086D-03  0.00000000000000D+00
  -.71239025734485D-04  0.21406164953147D-03  0.00000000000000D+00
  0.41436891760802D-03  -.11536440075549D-03  0.00000000000000D+00
  -.90876357183522D-04  -.20307550595589D-03  0.00000000000000D+00
  0.40234279490026D-03  -.11751714743813D-03  0.00000000000000D+00
  0.17955135734926D-03  -.93744966434328D-04  0.00000000000000D+00
  -.24703303384421D-03  -.36891517070438D-03  0.00000000000000D+00
  -.40234279490026D-03  0.11751714743902D-03  0.00000000000000D+00
  -.17955135734926D-03  0.93744966433440D-04  0.00000000000000D+00
  0.71239025734429D-04  -.21406164953147D-03  0.00000000000000D+00
  -.17547542103540D-03  0.44540774873086D-03  0.00000000000000D+00
  0.90876357183300D-04  0.20307550595589D-03  0.00000000000000D+00
  0.24703303384421D-03  0.36891517070424D-03  0.00000000000000D+00
  -.41436891760813D-03  0.11536440075538D-03  0.00000000000000D+00
  -.27450921796406D-03  0.67376377155481D-04  0.00000000000000D+00
  0.26818988508021D-03  0.35769430070858D-03  0.00000000000000D+00
  0.37501976310339D-03  -.31677070608585D-03  0.00000000000000D+00
  -.34397763667171D-03  0.44618765764504D-03  0.00000000000000D+00
  -.34324693688303D-04  0.25643835625194D-03  0.00000000000000D+00
  -.17365220731930D-03  0.19177274698745D-04  0.00000000000000D+00
  -.42569754010152D-03  -.74762260427352D-04  0.00000000000000D+00
  0.23471757926996D-03  -.23036623545858D-04  0.00000000000000D+00
  -.23471757926974D-03  0.23036623545858D-04  0.00000000000000D+00
  0.42569754010160D-03  0.74762260427352D-04  0.00000000000000D+00
  0.34324693688303D-04  -.25643835625200D-03  0.00000000000000D+00
  0.34397763667171D-03  -.44618765764509D-03  0.00000000000000D+00
  0.17365220731921D-03  -.19177274698745D-04  0.00000000000000D+00
  cycle =     18    SCF energy =     -875.2974866698   |dE/dxyz| =  0.001701
   -9.83276351662611      2.39809012863499      0.00000000000000      c
  -10.00689793268620     -0.26333360741409      0.00000000000000      c
   -7.46328825524085      3.57400858680921      0.00000000000000      c
   -5.29201974896464      2.05689949749498      0.00000000000000      c
   -5.49226439768420     -0.62729479540660      0.00000000000000      c
   -7.85794851905415     -1.81703641630808      0.00000000000000      c
   -2.58147164225573      2.69615314028494      0.00000000000000      c
   -1.28321136842945      0.18968295872310      0.00000000000000      c
   -3.08651202975306     -1.69086982075186      0.00000000000000      n
   -1.48861843347214      4.76684745554154      0.00000000000000      o
    1.28321136842945     -0.18968295872310      0.00000000000000      c
    3.08651202975306      1.69086982075186      0.00000000000000      n
    5.49226439768420      0.62729479540660      0.00000000000000      c
    5.29201974896464     -2.05689949749498      0.00000000000000      c
    2.58147164225573     -2.69615314028494      0.00000000000000      c
    1.48861843347213     -4.76684745554154      0.00000000000000      o
    7.85794851905415      1.81703641630808      0.00000000000000      c
   10.00689793268620      0.26333360741408      0.00000000000000      c
    9.83276351662611     -2.39809012863499      0.00000000000000      c
    7.46328825524085     -3.57400858680921      0.00000000000000      c
  -11.55816336271871      3.53817903585461      0.00000000000000      h
  -11.87677533347469     -1.14987033601898      0.00000000000000      h
   -7.27654890627384      5.63498757050963      0.00000000000000      h
   -8.03252230591755     -3.87709025947248      0.00000000000000      h
   -2.59562874779534     -3.55690594326057      0.00000000000000      h
    2.59562874779534      3.55690594326057      0.00000000000000      h
    8.03252230591755      3.87709025947248      0.00000000000000      h
   11.87677533347469      1.14987033601898      0.00000000000000      h
   11.55816336271871     -3.53817903585461      0.00000000000000      h
    7.27654890627384     -5.63498757050963      0.00000000000000      h
  -.68358710737626D-04  -.66542228365864D-04  0.00000000000000D+00
  0.11456473016534D-03  -.66938767135094D-04  0.00000000000000D+00
  -.17489634382634D-03  -.28696344230980D-03  0.00000000000000D+00
  -.45561886348651D-03  -.56513454138624D-04  0.00000000000000D+00
  0.10127366046905D-03  0.86736172743518D-04  0.00000000000000D+00
  0.26471481572932D-03  -.28786824343896D-03  0.00000000000000D+00
  -.25418198546512D-03  -.33062712305409D-03  0.00000000000000D+00
  -.10680389399109D-03  0.16568869401512D-03  0.00000000000000D+00
  0.28421565436432D-03  -.27009873435890D-03  0.00000000000000D+00
  -.14234800908408D-03  -.31321926697477D-03  0.00000000000000D+00
  0.10680389399109D-03  -.16568869401423D-03  0.00000000000000D+00
  -.28421565436432D-03  0.27009873435802D-03  0.00000000000000D+00
  -.10127366046911D-03  -.86736172743518D-04  0.00000000000000D+00
  0.45561886348647D-03  0.56513454138624D-04  0.00000000000000D+00
  0.25418198546490D-03  0.33062712305409D-03  0.00000000000000D+00
  0.14234800908408D-03  0.31321926697463D-03  0.00000000000000D+00
  -.26471481572943D-03  0.28786824343885D-03  0.00000000000000D+00
  -.11456473016543D-03  0.66938767135094D-04  0.00000000000000D+00
  0.68358710737612D-04  0.66542228365878D-04  0.00000000000000D+00
  0.17489634382634D-03  0.28696344230975D-03  0.00000000000000D+00
  0.11314394529116D-04  0.26225078045081D-03  0.00000000000000D+00
  0.14419671482202D-03  0.18899954001063D-03  0.00000000000000D+00
  -.16860660584433D-03  0.36356150071115D-03  0.00000000000000D+00
  -.22185467833249D-03  0.57255260043521D-04  0.00000000000000D+00
  0.11811464458500D-03  0.29731485915252D-03  0.00000000000000D+00
  -.11811464458478D-03  -.29731485915252D-03  0.00000000000000D+00
  0.22185467833258D-03  -.57255260043521D-04  0.00000000000000D+00
  -.14419671482202D-03  -.18899954001068D-03  0.00000000000000D+00
  -.11314394529116D-04  -.26225078045086D-03  0.00000000000000D+00
  0.16860660584423D-03  -.36356150071115D-03  0.00000000000000D+00
  cycle =     19    SCF energy =     -875.2974898189   |dE/dxyz| =  0.001243
   -9.83109176601464      2.39786217656937      0.00000000000000      c
  -10.00624486744933     -0.26353798118331      0.00000000000000      c
   -7.46229475671092      3.57495738286541      0.00000000000000      c
   -5.29089384081242      2.05798662939098      0.00000000000000      c
   -5.49192376246015     -0.62656721035737      0.00000000000000      c
   -7.85729126457854     -1.81643681490828      0.00000000000000      c
   -2.58074392022150      2.69763320182068      0.00000000000000      c
   -1.28286132824787      0.19033159013429      0.00000000000000      c
   -3.08711161271566     -1.68961375749369      0.00000000000000      n
   -1.48759929763367      4.76822547750340      0.00000000000000      o
    1.28286132824787     -0.19033159013429      0.00000000000000      c
    3.08711161271566      1.68961375749369      0.00000000000000      n
    5.49192376246015      0.62656721035737      0.00000000000000      c
    5.29089384081242     -2.05798662939098      0.00000000000000      c
    2.58074392022150     -2.69763320182068      0.00000000000000      c
    1.48759929763366     -4.76822547750340      0.00000000000000      o
    7.85729126457854      1.81643681490828      0.00000000000000      c
   10.00624486744933      0.26353798118330      0.00000000000000      c
    9.83109176601464     -2.39786217656937      0.00000000000000      c
    7.46229475671092     -3.57495738286541      0.00000000000000      c
  -11.55631393062300      3.53678843377940      0.00000000000000      h
  -11.87536521753646     -1.15175353359032      0.00000000000000      h
   -7.27642277963557      5.63511647675700      0.00000000000000      h
   -8.02792522709529     -3.87702791753759      0.00000000000000      h
   -2.59665672200121     -3.55633200096960      0.00000000000000      h
    2.59665672200121      3.55633200096960      0.00000000000000      h
    8.02792522709529      3.87702791753759      0.00000000000000      h
   11.87536521753646      1.15175353359032      0.00000000000000      h
   11.55631393062300     -3.53678843377940      0.00000000000000      h
    7.27642277963557     -5.63511647675700      0.00000000000000      h
  0.13420510504646D-04  0.20854730737443D-04  0.00000000000000D+00
  0.56128872860134D-04  -.33572189173658D-04  0.00000000000000D+00
  -.16599093244388D-03  0.14588732864965D-03  0.00000000000000D+00
  -.28541470601552D-03  -.59248833008035D-04  0.00000000000000D+00
  0.16020548856333D-03  -.36778617071587D-03  0.00000000000000D+00
  0.41054555707798D-05  -.44689282203303D-04  0.00000000000000D+00
  -.33305680021789D-03  -.15921594992485D-03  0.00000000000000D+00
  0.15902351083241D-03  0.96770880158914D-04  0.00000000000000D+00
  -.17242039523735D-03  0.16043130841348D-03  0.00000000000000D+00
  -.11602017046641D-03  -.25762686989893D-03  0.00000000000000D+00
  -.15902351083241D-03  -.96770880158026D-04  0.00000000000000D+00
  0.17242039523735D-03  -.16043130841437D-03  0.00000000000000D+00
  -.16020548856338D-03  0.36778617071587D-03  0.00000000000000D+00
  0.28541470601549D-03  0.59248833008035D-04  0.00000000000000D+00
  0.33305680021767D-03  0.15921594992485D-03  0.00000000000000D+00
  0.11602017046641D-03  0.25762686989879D-03  0.00000000000000D+00
  -.41054555708908D-05  0.44689282203192D-04  0.00000000000000D+00
  -.56128872860217D-04  0.33572189173658D-04  0.00000000000000D+00
  -.13420510504659D-04  -.20854730737430D-04  0.00000000000000D+00
  0.16599093244388D-03  -.14588732864970D-03  0.00000000000000D+00
  0.23868189020515D-03  0.64296549404902D-04  0.00000000000000D+00
  0.18006595570030D-03  0.57320323529730D-04  0.00000000000000D+00
  -.18675769530731D-03  0.59994369122462D-04  0.00000000000000D+00
  -.52968195601702D-04  -.16917315182885D-04  0.00000000000000D+00
  0.14977197229604D-03  0.65105075196081D-04  0.00000000000000D+00
  -.14977197229582D-03  -.65105075196081D-04  0.00000000000000D+00
  0.52968195601785D-04  0.16917315182885D-04  0.00000000000000D+00
  -.18006595570030D-03  -.57320323529786D-04  0.00000000000000D+00
  -.23868189020515D-03  -.64296549404957D-04  0.00000000000000D+00
  0.18675769530722D-03  -.59994369122462D-04  0.00000000000000D+00
  cycle =     20    SCF energy =     -875.2974907101   |dE/dxyz| =  0.000994
   -9.83022892651901      2.39772258500965      0.00000000000000      c
  -10.00614006090686     -0.26377636998702      0.00000000000000      c
   -7.46130727796056      3.57497726937216      0.00000000000000      c
   -5.28974060789125      2.05878368758472      0.00000000000000      c
   -5.49212977236750     -0.62547585291865      0.00000000000000      c
   -7.85714468958317     -1.81595755984742      0.00000000000000      c
   -2.57963422218543      2.69874925505128      0.00000000000000      c
   -1.28302714082307      0.19046406011178      0.00000000000000      c
   -3.08702110362103     -1.68928739097081      0.00000000000000      n
   -1.48663422041115      4.76965781036209      0.00000000000000      o
    1.28302714082307     -0.19046406011178      0.00000000000000      c
    3.08702110362103      1.68928739097081      0.00000000000000      n
    5.49212977236750      0.62547585291865      0.00000000000000      c
    5.28974060789125     -2.05878368758472      0.00000000000000      c
    2.57963422218543     -2.69874925505128      0.00000000000000      c
    1.48663422041114     -4.76965781036209      0.00000000000000      o
    7.85714468958317      1.81595755984742      0.00000000000000      c
   10.00614006090686      0.26377636998701      0.00000000000000      c
    9.83022892651901     -2.39772258500965      0.00000000000000      c
    7.46130727796056     -3.57497726937216      0.00000000000000      c
  -11.55585077445712      3.53562727703862      0.00000000000000      h
  -11.87508562496172     -1.15303495749084      0.00000000000000      h
   -7.27589108375325      5.63495156736248      0.00000000000000      h
   -8.02534656042165     -3.87699824068339      0.00000000000000      h
   -2.59748889631472     -3.55612419725120      0.00000000000000      h
    2.59748889631472      3.55612419725120      0.00000000000000      h
    8.02534656042165      3.87699824068339      0.00000000000000      h
   11.87508562496172      1.15303495749084      0.00000000000000      h
   11.55585077445712     -3.53562727703862      0.00000000000000      h
    7.27589108375325     -5.63495156736248      0.00000000000000      h
  0.29683300036838D-04  0.12102374160973D-03  0.00000000000000D+00
  0.12590580099400D-03  -.54992527827646D-04  0.00000000000000D+00
  0.51207183373675D-04  0.98444746273766D-04  0.00000000000000D+00
  -.16778889548510D-03  -.50663475457374D-04  0.00000000000000D+00
  -.16765394317071D-03  -.20609968751562D-03  0.00000000000000D+00
  -.21037293426729D-03  0.98653990929176D-04  0.00000000000000D+00
  -.27126507531394D-03  -.85736347618548D-04  0.00000000000000D+00
  -.19918484520964D-03  -.42811148374788D-04  0.00000000000000D+00
  0.11614172023267D-03  0.10724240574023D-04  0.00000000000000D+00
  -.66768443956478D-04  -.26591726867017D-04  0.00000000000000D+00
  0.19918484520964D-03  0.42811148375677D-04  0.00000000000000D+00
  -.11614172023267D-03  -.10724240574911D-04  0.00000000000000D+00
  0.16765394317066D-03  0.20609968751562D-03  0.00000000000000D+00
  0.16778889548507D-03  0.50663475457374D-04  0.00000000000000D+00
  0.27126507531372D-03  0.85736347618548D-04  0.00000000000000D+00
  0.66768443956478D-04  0.26591726866879D-04  0.00000000000000D+00
  0.21037293426718D-03  -.98653990929287D-04  0.00000000000000D+00
  -.12590580099409D-03  0.54992527827646D-04  0.00000000000000D+00
  -.29683300036852D-04  -.12102374160972D-03  0.00000000000000D+00
  -.51207183373675D-04  -.98444746273816D-04  0.00000000000000D+00
  0.26080847970406D-03  -.48519226237720D-04  0.00000000000000D+00
  0.11624858888587D-03  -.58441644307100D-04  0.00000000000000D+00
  -.17907782799288D-03  -.25954295463482D-04  0.00000000000000D+00
  0.23140455404719D-04  -.10756663048772D-03  0.00000000000000D+00
  0.95467528473669D-04  0.97692066803878D-04  0.00000000000000D+00
  -.95467528473447D-04  -.97692066803878D-04  0.00000000000000D+00
  -.23140455404635D-04  0.10756663048772D-03  0.00000000000000D+00
  -.11624858888587D-03  0.58441644307045D-04  0.00000000000000D+00
  -.26080847970406D-03  0.48519226237664D-04  0.00000000000000D+00
  0.17907782799278D-03  0.25954295463482D-04  0.00000000000000D+00
  cycle =     21    SCF energy =     -875.2974912565   |dE/dxyz| =  0.000850
   -9.82988596892584      2.39735280922506      0.00000000000000      c
  -10.00641613415681     -0.26400131901677      0.00000000000000      c
   -7.46081370017160      3.57465879178352      0.00000000000000      c
   -5.28865603228436      2.05964079613999      0.00000000000000      c
   -5.49170653271084     -0.62451398295944      0.00000000000000      c
   -7.85663052058732     -1.81588821426084      0.00000000000000      c
   -2.57823545731279      2.69966476242483      0.00000000000000      c
   -1.28266631054189      0.19058534806802      0.00000000000000      c
   -3.08726672262553     -1.68878237407962      0.00000000000000      n
   -1.48551298226874      4.77063748385808      0.00000000000000      o
    1.28266631054189     -0.19058534806802      0.00000000000000      c
    3.08726672262553      1.68878237407962      0.00000000000000      n
    5.49170653271084      0.62451398295944      0.00000000000000      c
    5.28865603228436     -2.05964079613999      0.00000000000000      c
    2.57823545731279     -2.69966476242483      0.00000000000000      c
    1.48551298226873     -4.77063748385808      0.00000000000000      o
    7.85663052058732      1.81588821426084      0.00000000000000      c
   10.00641613415681      0.26400131901676      0.00000000000000      c
    9.82988596892584     -2.39735280922506      0.00000000000000      c
    7.46081370017160     -3.57465879178352      0.00000000000000      c
  -11.55625585662140      3.53476686174439      0.00000000000000      h
  -11.87521717528982     -1.15382014561653      0.00000000000000      h
   -7.27519477701598      5.63484627501251      0.00000000000000      h
   -8.02387348298785     -3.87685767241005      0.00000000000000      h
   -2.59779601082132     -3.55614638131028      0.00000000000000      h
    2.59779601082132      3.55614638131028      0.00000000000000      h
    8.02387348298785      3.87685767241005      0.00000000000000      h
   11.87521717528982      1.15382014561653      0.00000000000000      h
   11.55625585662140     -3.53476686174439      0.00000000000000      h
    7.27519477701598     -5.63484627501251      0.00000000000000      h
  0.16722727908249D-03  0.50582179124854D-04  0.00000000000000D+00
  -.13425456466742D-03  0.10992527514375D-03  0.00000000000000D+00
  0.97968428824119D-04  -.13235683195926D-03  0.00000000000000D+00
  -.85045506485942D-04  0.30852935145098D-04  0.00000000000000D+00
  0.66722298972116D-05  -.70819110022657D-04  0.00000000000000D+00
  -.16872827992376D-03  -.16322451773443D-03  0.00000000000000D+00
  -.31669542600143D-04  0.30990835992339D-04  0.00000000000000D+00
  0.64431614816840D-04  -.18490894446099D-03  0.00000000000000D+00
  -.15158565545725D-03  0.19481127900955D-03  0.00000000000000D+00
  -.11928912113179D-03  0.20923694039096D-04  0.00000000000000D+00
  -.64431614816840D-04  0.18490894446188D-03  0.00000000000000D+00
  0.15158565545725D-03  -.19481127901044D-03  0.00000000000000D+00
  -.66722298972671D-05  0.70819110022657D-04  0.00000000000000D+00
  0.85045506485908D-04  -.30852935145098D-04  0.00000000000000D+00
  0.31669542599921D-04  -.30990835992339D-04  0.00000000000000D+00
  0.11928912113179D-03  -.20923694039235D-04  0.00000000000000D+00
  0.16872827992365D-03  0.16322451773432D-03  0.00000000000000D+00
  0.13425456466734D-03  -.10992527514375D-03  0.00000000000000D+00
  -.16722727908250D-03  -.50582179124840D-04  0.00000000000000D+00
  -.97968428824119D-04  0.13235683195921D-03  0.00000000000000D+00
  0.11944442238365D-03  -.43760480828076D-04  0.00000000000000D+00
  0.82143832098480D-04  -.10565591536198D-03  0.00000000000000D+00
  -.11921554293267D-03  0.38842769531366D-04  0.00000000000000D+00
  0.31260403635366D-04  -.64683313862335D-04  0.00000000000000D+00
  0.15122263960954D-03  -.10541277404941D-03  0.00000000000000D+00
  -.15122263960932D-03  0.10541277404941D-03  0.00000000000000D+00
  -.31260403635283D-04  0.64683313862335D-04  0.00000000000000D+00
  -.82143832098480D-04  0.10565591536192D-03  0.00000000000000D+00
  -.11944442238365D-03  0.43760480828020D-04  0.00000000000000D+00
  0.11921554293257D-03  -.38842769531366D-04  0.00000000000000D+00
$end
