           1           2   1.02627859106340     
           2           3   1.97806310953538     
           4           5   1.92678238165841     
           1           6   1.00289073458230     
           5           6   1.00962506401462     
           1           7  0.953916617084347     
           1           8  0.963502622752683     
           2           9  0.965556400618937     
           3          10  0.971474406239998     
           3          11  0.976424163086993     
           5          12  0.930861293633264     
           6          13  0.961063572145788     
           6          14  0.934399224374192     
