$energy      SCF               SCFKIN            SCFPOT            MP2
     1 -2792.270714304      2792.18058     -5584.45130     -.8072522551352
     2 -2792.271100410      2792.22888     -5584.49998     -.8072192819409
     3 -2792.271137242      2792.24395     -5584.51508     -.8072142658580
     4 -2792.271155265      2792.24749     -5584.51864     -.8072126138195
     5 -2792.271178514      2792.25043     -5584.52161     -.8072110274620
     6 -2792.271201413      2792.25035     -5584.52155     -.8072080982752
     7 -2792.271231366      2792.25840     -5584.52963     -.8072028465040
     8 -2792.271231493      2792.25867     -5584.52991     -.8072028050151
     9 -2792.271231504      2792.25871     -5584.52994     -.8072027047419
$end
