$energy      SCF               SCFKIN            SCFPOT            MP2
     1 -567.0327673911      566.958102     -1133.99087     -.6822278821307
     2 -567.0331534251      567.006184     -1134.03934     -.6821927780533
     3 -567.0331923226      567.021297     -1134.05449     -.6821860841241
     4 -567.0332112808      567.024786     -1134.05800     -.6821833920793
     5 -567.0332344435      567.027613     -1134.06085     -.6821809234298
     6 -567.0332559144      567.027633     -1134.06089     -.6821790171016
     7 -567.0332857803      567.035605     -1134.06889     -.6821741320218
     8 -567.0332858982      567.035909     -1134.06919     -.6821740506722
     9 -567.0332859195      567.035966     -1134.06925     -.6821739568529
$end
