$energy      SCF               SCFKIN            SCFPOT            MP2
     1 -567.0335949434      566.950680     -1133.98427     -.6812520735415
     2 -567.0339809140      566.998927     -1134.03291     -.6812188959393
     3 -567.0340180317      567.013974     -1134.04799     -.6812136371456
     4 -567.0340361860      567.017532     -1134.05157     -.6812118780509
     5 -567.0340594731      567.020497     -1134.05456     -.6812102758796
     6 -567.0340824139      567.020387     -1134.05447     -.6812074708179
     7 -567.0341120465      567.028443     -1134.06255     -.6812024813759
     8 -567.0341121738      567.028719     -1134.06283     -.6812023561826
     9 -567.0341121860      567.028757     -1134.06287     -.6812022517988
$end
