$coord
    0.00000000000000      0.00000000000000      0.00000000000000  c f
    0.00115550584164      0.00000129420609     -3.40797177391050  cl
    0.00000000000000      0.00000000000000      6.25000000000000  f f
   -0.96215868853042      1.66707496147653      0.67450990115739  h
   -0.96215895062611     -1.66707635143928      0.67450978168598  h
    1.92503946571836     -0.00000048294939      0.67432733649198  h
$redundant
     number_of_atoms             6
     degrees_of_freedom         12
     internal_coordinates       13
     frozen_coordinates          1
# definitions of redundant internals
   1 k  1.0000000000000 stre   1    4           val=   2.03957
   2 k  1.0000000000000 stre   1    5           val=   2.03957
   3 k  1.0000000000000 stre   1    6           val=   2.03973
   4 k  1.0000000000000 stre   1    2           val=   3.40797
   5 k  1.0000000000000 stre   1    3           val=   6.25000
   6 k  0.3136083883909 bend   5    4    1      val=  47.65971
        0.3136083844273 bend   6    4    1
        0.3136083844273 bend   6    5    1
        0.3427704146184 bend   2    4    1
        0.3427704146184 bend   2    5    1
        0.3427704134066 bend   2    6    1
       -0.3427704144162 bend   3    4    1
       -0.3427704144162 bend   3    5    1
       -0.3427704138110 bend   3    6    1
   7 k -0.7827694442583 bend   5    4    1      val=  -0.00882
        0.3913847240805 bend   6    4    1
        0.3913847240805 bend   6    5    1
       -0.0954555665288 bend   2    4    1
       -0.0954555665288 bend   2    5    1
        0.1909111365666 bend   2    6    1
       -0.0661279074458 bend   3    4    1
       -0.0661279074458 bend   3    5    1
        0.1322558124783 bend   3    6    1
   8 k -0.6778982249847 bend   6    4    1      val=  -0.00001
        0.6778982249847 bend   6    5    1
       -0.1653338932648 bend   2    4    1
        0.1653338932648 bend   2    5    1
       -0.1145368949311 bend   3    4    1
        0.1145368949311 bend   3    5    1
   9 k  0.0270989389705 bend   6    4    1      val=   0.00000
       -0.0270989389705 bend   6    5    1
       -0.4740776402318 bend   2    4    1
        0.4740776402318 bend   2    5    1
        0.5239427817414 bend   3    4    1
       -0.5239427817414 bend   3    5    1
  10 k -0.0312911598454 bend   5    4    1      val=   0.00990
        0.0156455801449 bend   6    4    1
        0.0156455801449 bend   6    5    1
        0.2737088526721 bend   2    4    1
        0.2737088526721 bend   2    5    1
       -0.5474177067708 bend   2    6    1
       -0.3024985055745 bend   3    4    1
       -0.3024985055745 bend   3    5    1
        0.6049970127707 bend   3    6    1
  11 k  0.1992978777339 bend   6    4    1      val=   0.00001
       -0.1992978777339 bend   6    5    1
       -0.4979107297198 bend   2    4    1
        0.4979107297198 bend   2    5    1
       -0.4608310549004 bend   3    4    1
        0.4608310549004 bend   3    5    1
  12 k  0.2301293656756 bend   5    4    1      val=  -0.00489
       -0.1150646832472 bend   6    4    1
       -0.1150646832472 bend   6    5    1
       -0.2874688934292 bend   2    4    1
       -0.2874688934292 bend   2    5    1
        0.5749377883259 bend   2    6    1
       -0.2660609329129 bend   3    4    1
       -0.2660609329129 bend   3    5    1
        0.5321218681123 bend   3    6    1
  13 f  1.0000000000000 stre   1    3           val=   6.25000
        12 non zero eigenvalues  of BmBt
           1           4.870637030    1    0
         1
           2           3.035036931    2    0
         2
           3           3.035036927    3    0
         3
           4           1.000000000    4    0
         4
           5           0.790247547    6    0
         6
           6           0.765467732    7    0
         7
           7           0.765467732    8    0
         8
           8           0.490840734    9    0
         9
           9           0.490840733   10    0
        10
          10           0.124008919   11    0
        11
          11           0.124008919   12    0
        12
          12        1000.000000000    0    1
         0.000000000         0.000000000         0.000000000         0.000000000
         0.000000000         0.000000000         0.000000000         0.000000000
         0.000000000         0.000000000         0.000000000         0.000000000
         1.000000000
$end
