$energy      SCF               SCFKIN            SCFPOT
     1 -600.3903229473      599.7457804336     -1200.136103381
     2 -600.4210931124      599.6228774944     -1200.043970607
     3 -600.4620618208      599.4607597110     -1199.922821532
     4 -600.4842581717      599.3633499072     -1199.847608079
     5 -600.4951023408      599.2959799598     -1199.791082301
     6 -600.4989965092      599.2521948358     -1199.751191345
     7 -600.5002570526      599.2266968149     -1199.726953867
     8 -600.5022928944      599.2146609643     -1199.716953859
     9 -600.5057696055      599.2091034424     -1199.714873048
    10 -600.5118720586      599.1993018286     -1199.711173887
    11 -600.5180122233      599.2643186403     -1199.782330864
    12 -600.5229329464      599.3080373927     -1199.830970339
    13 -600.5275797607      599.3591844213     -1199.886764182
    14 -600.5316945158      599.3952200275     -1199.926914543
    15 -600.5353251517      599.4203036118     -1199.955628763
    16 -600.5381581151      599.4277558501     -1199.965913965
    17 -600.5397787665      599.4432754784     -1199.983054245
    18 -600.5384355651      599.4680815601     -1200.006517125
    19 -600.5401410527      599.4528422592     -1199.992983312
    20 -600.5403286458      599.4289384605     -1199.969267106
    21 -600.5403488434      599.4323504973     -1199.972699341
    22 -600.5403496667      599.4312205239     -1199.971570191
    23 -600.5403495202      599.4313859845     -1199.971735505
$end
