$dipgrad          cartesian dipole gradients
  -.44895543371556D+00  0.42445829826440D-01  0.16143162694974D-01
  0.45388693008254D-01  -.42962146820743D+00  0.19787737103429D-01
  0.10861896560165D-02  0.26282283527302D-01  -.47540439967098D+00
  0.17895232688969D+00  -.48143227961692D-01  -.17521640668236D-01
  -.27073879433035D-01  0.25755963937049D+00  0.52044837613587D-02
  0.45051206210926D-02  -.72266495025472D-03  0.24470406090524D+00
  0.27000310682592D+00  0.56973981352165D-02  0.13784779732613D-02
  -.18314813575142D-01  0.17206182883687D+00  -.24992220864788D-01
  -.55913102770591D-02  -.25559618577080D-01  0.23070033876571D+00
$end
