$hessian (projected)
 1  1   0.5752348666  -0.0822465557  -0.0300352453  -0.4902337839  -0.0563513644
 1  2  -0.0205840103  -0.0850010828   0.1385979202   0.0506192556
 2  1  -0.0822465557   0.4531140862   0.1654892122   0.0039740919  -0.0476910288
 2  2  -0.0174180494   0.0782724638  -0.4054230574  -0.1480711628
 3  1  -0.0300352453   0.1654892122   0.0604410240   0.0014485028  -0.0174184117
 3  2  -0.0063616736   0.0285867425  -0.1480708004  -0.0540793504
 4  1  -0.4902337839   0.0039740919   0.0014485028   0.5070500900   0.0036721462
 4  2   0.0013442143  -0.0168163061  -0.0076462382  -0.0027927172
 5  1  -0.0563513644  -0.0476910288  -0.0174184117   0.0036721462   0.0475668626
 5  2   0.0173727464   0.0526792182   0.0001241662   0.0000456653
 6  1  -0.0205840103  -0.0174180494  -0.0063616736   0.0013442143   0.0173727464
 6  2   0.0063450121   0.0192397960   0.0000453030   0.0000166615
 7  1  -0.0850010828   0.0782724638   0.0285867425  -0.0168163061   0.0526792182
 7  2   0.0192397960   0.1018173889  -0.1309516820  -0.0478265384
 8  1   0.1385979202  -0.4054230574  -0.1480708004  -0.0076462382   0.0001241662
 8  2   0.0000453030  -0.1309516820   0.4052988912   0.1480254975
 9  1   0.0506192556  -0.1480711628  -0.0540793504  -0.0027927172   0.0000456653
 9  2   0.0000166615  -0.0478265384   0.1480254975   0.0540626890
$end
