$vibrational normal modes
 1  1   0.0536435420   0.0152988653  -0.0027895311   0.5387499875  -0.0052739982
 1  2  -0.0035200211   0.0408539794   0.0289939800  -0.0572125923
 2  1  -0.0001685570   0.0221611608  -0.0175811746  -0.0083126708   0.5963802344
 2  2   0.0214653604   0.0542628744   0.0380159786   0.0382625775
 3  1  -0.0000612394   0.0080939563   0.9052752475  -0.0030362564  -0.0121416665
 3  2   0.0078397179   0.0198185371   0.0138846534   0.0139742003
 4  1   0.0368581760  -0.0112950566   0.0049559403   0.5387524709   0.0093615330
 4  2  -0.0007467132   0.0242501167  -0.7091314835   0.7014783053
 5  1   0.0614971819   0.7648486380   0.0905544433   0.1148874354   0.1712270424
 5  2  -0.0375386124  -0.6621210252   0.0142881310   0.0292644262
 6  1   0.9390070696  -0.2693793977   0.0981097936  -0.3403907581   0.1855215742
 6  2  -0.0137101365  -0.2418246337   0.0052141582   0.0106923856
 7  1  -0.3102788765  -0.5615121333   0.1650962625   0.5387598814   0.3121703393
 7  2   0.0566196321  -0.6727209618   0.2489131395   0.2066510531
 8  1  -0.1182144317  -0.1619480237   0.3674954028  -0.0094183804   0.6948960119
 8  2  -0.3031787567  -0.1991877756  -0.6177116938  -0.6366022259
 9  1   0.0000000000   0.0000000000   0.0000000000   0.0000000000   0.0000000000
 9  2   0.9501287137  -0.0727528859  -0.2256037770  -0.2325033719
$end
