$coord
    0.00000000000000      0.00000000000000      0.00000000000000  c f
    0.00148937094690      0.00149368724631     -3.38351990581653  cl
    0.00000000000000      0.00000000000000      6.75000000000000  f f
   -0.96950355697806      1.67970815617500      0.63659425970256  h
   -0.96959038038863     -1.68012265977455      0.63522478451568  h
    1.93968660340225     -0.00019301792108      0.63622997523814  h
$redundant
     number_of_atoms             6
     degrees_of_freedom         12
     internal_coordinates       13
     frozen_coordinates          1
# definitions of redundant internals
   1 k  1.0000000000000 stre   1    4           val=   2.04123
   2 k  1.0000000000000 stre   1    5           val=   2.04118
   3 k  1.0000000000000 stre   1    6           val=   2.04137
   4 k  1.0000000000000 stre   1    2           val=   3.38352
   5 k  1.0000000000000 stre   1    3           val=   6.75000
   6 k  0.3136083883846 bend   5    4    1      val=  47.21960
        0.3136083844305 bend   6    4    1
        0.3136083844305 bend   6    5    1
        0.3427704146183 bend   2    4    1
        0.3427704146183 bend   2    5    1
        0.3427704134068 bend   2    6    1
       -0.3427704144236 bend   3    4    1
       -0.3427704144236 bend   3    5    1
       -0.3427704137962 bend   3    6    1
   7 k -0.7840283700984 bend   5    4    1      val=  -0.01251
        0.3920141869957 bend   6    4    1
        0.3920141869957 bend   6    5    1
       -0.0968543346604 bend   2    4    1
       -0.0968543346604 bend   2    5    1
        0.1937086728267 bend   2    6    1
       -0.0600897878768 bend   3    4    1
       -0.0600897878768 bend   3    5    1
        0.1201795733122 bend   3    6    1
   8 k -0.6789884867561 bend   6    4    1      val=   0.00475
        0.6789884867561 bend   6    5    1
       -0.1677566307661 bend   2    4    1
        0.1677566307661 bend   2    5    1
       -0.1040785649720 bend   3    4    1
        0.1040785649720 bend   3    5    1
   9 k -0.0388710107351 bend   6    4    1      val=   0.00926
        0.0388710107351 bend   6    5    1
        0.4790868905902 bend   2    4    1
       -0.4790868905902 bend   2    5    1
       -0.5186181599106 bend   3    4    1
        0.5186181599106 bend   3    5    1
  10 k -0.0448843773397 bend   5    4    1      val=   0.00440
        0.0224421889172 bend   6    4    1
        0.0224421889172 bend   6    5    1
        0.2766009447213 bend   2    4    1
        0.2766009447213 bend   2    5    1
       -0.5532018908583 bend   2    6    1
       -0.2994243337396 bend   3    4    1
       -0.2994243337396 bend   3    5    1
        0.5988486690497 bend   3    6    1
  11 k  0.1935553651466 bend   6    4    1      val=   0.00842
       -0.1935553651466 bend   6    5    1
       -0.4922737694603 bend   2    4    1
        0.4922737694603 bend   2    5    1
       -0.4692577719381 bend   3    4    1
        0.4692577719381 bend   3    5    1
  12 k  0.2234984833300 bend   5    4    1      val=  -0.00577
       -0.1117492420605 bend   6    4    1
       -0.1117492420605 bend   6    5    1
       -0.2842143929126 bend   2    4    1
       -0.2842143929126 bend   2    5    1
        0.5684287872889 bend   2    6    1
       -0.2709261002430 bend   3    4    1
       -0.2709261002430 bend   3    5    1
        0.5418522027870 bend   3    6    1
  13 f  1.0000000000000 stre   1    3           val=   6.75000
        12 non zero eigenvalues  of BmBt
           1           4.870637030    1    0
         1
           2           3.027816503    2    0
         2
           3           3.027816499    3    0
         3
           4           1.000000000    4    0
         4
           5           0.790247547    6    0
         6
           6           0.765762216    7    0
         7
           7           0.765762216    8    0
         8
           8           0.486568672    9    0
         9
           9           0.486568671   10    0
        10
          10           0.119228855   11    0
        11
          11           0.119228854   12    0
        12
          12        1000.000000000    0    1
         0.000000000         0.000000000         0.000000000         0.000000000
         0.000000000         0.000000000         0.000000000         0.000000000
         0.000000000         0.000000000         0.000000000         0.000000000
         1.000000000
$end
