$energy      SCF               SCFKIN            SCFPOT
     1 -600.5248725259      599.7334947139     -1200.258367240
     2 -600.5525991286      599.6116925564     -1200.164291685
     3 -600.5884956647      599.4514739481     -1200.039969613
     4 -600.6073666013      599.3608208850     -1199.968187486
     5 -600.6165802281      599.3059692741     -1199.922549502
     6 -600.6201564414      599.2721060198     -1199.892262461
     7 -600.6218658008      599.2470020606     -1199.868867861
     8 -600.6254776098      599.2342626823     -1199.859740292
     9 -600.6318633275      599.2230723885     -1199.854935716
    10 -600.6392534071      599.2594966687     -1199.898750076
    11 -600.6450840021      599.3275402642     -1199.972624266
    12 -600.6503050607      599.3835715499     -1200.033876611
    13 -600.6549765887      599.4212658009     -1200.076242390
    14 -600.6589654923      599.4467528029     -1200.105718295
    15 -600.6619287239      599.4610304454     -1200.122959169
    16 -600.6640325933      599.4759307741     -1200.139963367
    17 -600.6647489062      599.4925939967     -1200.157342903
    18 -600.6642685665      599.4758208539     -1200.140089420
    19 -600.6645731652      599.4730057119     -1200.137578877
    20 -600.6648613664      599.4702339380     -1200.135095304
    21 -600.6649222047      599.4646594173     -1200.129581622
    22 -600.6649224042      599.4656129873     -1200.130535392
    23 -600.6649231939      599.4655336911     -1200.130456885
    24 -600.6648937512      599.4654598278     -1200.130353579
    25 -600.6648903032      599.4648374160     -1200.129727719
    26 -600.6649238291      599.4654341315     -1200.130357961
    27 -600.6649238060      599.4654059315     -1200.130329738
    28 -600.6649238188      599.4654442352     -1200.130368054
$end
