$energy      SCF               SCFKIN            SCFPOT
     1 -568.0575836380      567.1195058364     -1135.177089474
     2 -568.0575890530      567.1249773870     -1135.182566440
     3 -568.0575896433      567.1270501262     -1135.184639769
     4 -568.0575899084      567.1274720376     -1135.185061946
     5 -568.0575903069      567.1278252726     -1135.185415579
     6 -568.0575908012      567.1285535220     -1135.186144323
     7 -568.0575909780      567.1288385774     -1135.186429555
     8 -568.0575910945      567.1289511169     -1135.186542211
     9 -568.0575911468      567.1289389100     -1135.186530057
$end
