$energy      SCF               SCFKIN            SCFPOT            MP2
     1 -2792.270700230      2792.18068     -5584.45138     -.8074721796825
     2 -2792.271086155      2792.22893     -5584.50001     -.8074386843027
     3 -2792.271123162      2792.24397     -5584.51509     -.8074333826198
     4 -2792.271141516      2792.24753     -5584.51867     -.8074315972940
     5 -2792.271164784      2792.25048     -5584.52165     -.8074299418408
     6 -2792.271187438      2792.25045     -5584.52164     -.8074272139693
     7 -2792.271217315      2792.25844     -5584.52966     -.8074221540510
     8 -2792.271217434      2792.25871     -5584.52993     -.8074221390925
     9 -2792.271217452      2792.25876     -5584.52998     -.8074220475232
$end
