$coord
    0.00000000000000      0.00000000000000      4.50000000000000  ar f
    0.00000000000000      0.00000000000000      0.00000000000000  h f
   -0.00010479665924      0.00000000000435     -2.06703338554545  c
    0.97376161968997      1.68638995736288     -2.76105836668240  h
    0.97376161968936     -1.68638995737015     -2.76105836665477  h
   -1.94734678411824     -0.00000000000416     -2.76074455068375  h
$redundant
     number_of_atoms             6
     degrees_of_freedom         12
     internal_coordinates       13
     frozen_coordinates          1
# definitions of redundant internals
   1 k  1.0000000000000 stre   1    2           val=   4.50000
   2 k  1.0000000000000 linc   1    3    2    6 val=   0.00290
   3 k  1.0000000000000 linp   1    3    2    6 val=   0.00000
   4 k  1.0000000000000 stre   3    2           val=   2.06703
   5 k  1.0000000000000 stre   3    4           val=   2.06736
   6 k  1.0000000000000 stre   3    5           val=   2.06736
   7 k  1.0000000000000 stre   3    6           val=   2.06712
   8 k -0.4081849443101 bend   4    2    3      val=  -0.12331
       -0.4081849443099 bend   5    2    3
        0.4083048478989 bend   5    4    3
       -0.4081645717018 bend   6    2    3
        0.4083251988715 bend   6    4    3
        0.4083251988717 bend   6    5    3
   9 k  0.2888016691091 bend   4    2    3      val=  -0.00380
        0.2888016959684 bend   5    2    3
        0.5770874532961 bend   5    4    3
       -0.5776321535698 bend   6    2    3
       -0.2885293383877 bend   6    4    3
       -0.2885293115538 bend   6    5    3
  10 k  0.5002358173969 bend   4    2    3      val=   0.00000
       -0.5002358018904 bend   5    2    3
        0.0000000154930 bend   5    4    3
       -0.0000000155076 bend   6    2    3
        0.4997640713455 bend   6    4    3
       -0.4997640868374 bend   6    5    3
  11 k  0.2885388976103 bend   4    2    3      val=   0.00503
        0.2885389544112 bend   5    2    3
       -0.5776225565803 bend   5    4    3
       -0.5770778524953 bend   6    2    3
        0.2888113081950 bend   6    4    3
        0.2888112513405 bend   6    5    3
  12 k  0.4997640954884 bend   4    2    3      val=   0.00000
       -0.4997640626945 bend   5    2    3
       -0.0000000328249 bend   5    4    3
       -0.0000000327940 bend   6    2    3
       -0.5002357932312 bend   6    4    3
        0.5002358260562 bend   6    5    3
  13 f  1.0000000000000 stre   1    2           val=   4.50000
        12 non zero eigenvalues  of BmBt
           1           3.669810671    2    0
         2
           2           3.662692260    3    0
         3
           3           2.076508490    4    0
         4
           4           1.000417170    5    0
         5
           5           1.000417169    6    0
         6
           6           0.894513172    7    0
         7
           7           0.698610816    8    0
         8
           8           0.698610813    9    0
         9
           9           0.411776084   10    0
        10
          10           0.156622817   11    0
        11
          11           0.156622816   12    0
        12
          12        1000.000000000    0    1
         0.000000000         0.000000000         0.000000000         0.000000000
         0.000000000         0.000000000         0.000000000         0.000000000
         0.000000000         0.000000000         0.000000000         0.000000000
         1.000000000
$end
