$dipgrad          cartesian dipole gradients
  -.40045654454236D+00  0.51821062488358D-01  0.18751469260332D-01
  0.51963836643188D-01  -.38978599795320D+00  0.81142369470864D-01
  0.20426268349979D-01  0.80504291300677D-01  -.58209964504771D+00
  0.10597756678123D+00  -.45012688964297D-01  -.16406335877472D-01
  -.68750509902061D-01  0.27717599023151D+00  -.10485742899666D-01
  -.29355604612838D-01  -.85362121729795D-02  0.30175521133764D+00
  0.29447897776079D+00  -.68083735239040D-02  -.23451333828608D-02
  0.16786673258890D-01  0.11261000772176D+00  -.70656626571201D-01
  0.89293362629113D-02  -.71968079127735D-01  0.28034443371016D+00
$end
