$hessian (projected)
 1  1   0.5696379948  -0.0943340813  -0.0344499752  -0.4902748240  -0.0496975788
 1  2  -0.0181538653  -0.0793631708   0.1440316601   0.0526038405
 2  1  -0.0943340813   0.4403257114   0.1608184740   0.0073156412  -0.0386062878
 2  2  -0.0141000324   0.0870184402  -0.4017194237  -0.1467184415
 3  1  -0.0344499752   0.1608184740   0.0587351156   0.0026689281  -0.0141003749
 3  2  -0.0051498281   0.0317810470  -0.1467180991  -0.0535852876
 4  1  -0.4902748240   0.0073156412   0.0026689281   0.5073094612   0.0027738906
 4  2   0.0010161483  -0.0170346372  -0.0100895318  -0.0036850764
 5  1  -0.0496975788  -0.0386062878  -0.0141003749   0.0027738906   0.0414790905
 5  2   0.0151493195   0.0469236882  -0.0028728027  -0.0010489446
 6  1  -0.0181538653  -0.0141000324  -0.0051498281   0.0010161483   0.0151493195
 6  2   0.0055329536   0.0171377171  -0.0010492870  -0.0003831255
 7  1  -0.0793631708   0.0870184402   0.0317810470  -0.0170346372   0.0469236882
 7  2   0.0171377171   0.0963978080  -0.1339421283  -0.0489187641
 8  1   0.1440316601  -0.4017194237  -0.1467180991  -0.0100895318  -0.0028728027
 8  2  -0.0010492870  -0.1339421283   0.4045922264   0.1477673861
 9  1   0.0526038405  -0.1467184415  -0.0535852876  -0.0036850764  -0.0010489446
 9  2  -0.0003831255  -0.0489187641   0.1477673861   0.0539684131
$end
