$vibrational normal modes
 1  1  -0.0035200211  -0.0053195553  -0.0028145189   0.0154815401   0.0511462908
 1  2   0.5449540104   0.0410506338   0.0290897102  -0.0570264243
 2  1   0.0214653604   0.5960624929  -0.0176060562   0.0223365725  -0.0022919265
 2  2  -0.0073581050   0.0545436927   0.0374019624   0.0385038138
 3  1   0.0078397179  -0.0121549425   0.9051521855   0.0081580226  -0.0008367673
 3  2  -0.0026876179   0.0199211009   0.0136603984   0.0140623075
 4  1  -0.0007467132   0.0087638301   0.0046413504  -0.0102556637   0.0329850499
 4  2   0.5451728323   0.0196373237  -0.7135705966   0.6966918818
 5  1  -0.0375386124   0.1722578102   0.0911287376   0.7616176019   0.0980419856
 5  2   0.0983476261  -0.6622372668   0.0183793013   0.0295212764
 6  1  -0.0137101365   0.2182594496   0.1154607282  -0.3165359772   0.9232077974
 6  2  -0.3064396223  -0.2418671160   0.0067083393   0.0107861656
 7  1   0.0566196321   0.3001539857   0.1587925942  -0.5427549155  -0.3426183722
 7  2   0.5496602808  -0.6712296433   0.2518327375   0.2084824517
 8  1  -0.3031787567   0.6906911783   0.3653893398  -0.1557253120  -0.1302991681
 8  2  -0.0068134033  -0.2035289343  -0.6120566499  -0.6406881953
 9  1   0.9501287137   0.0000000000   0.0000000000   0.0000000000   0.0000000000
 9  2   0.0000000000  -0.0743383873  -0.2235383821  -0.2339956691
$end
