$coord
    0.00000000000000      0.00000000000000      0.00000000000000  c f
    0.00466843466756      0.00240246572004     -3.38918236426214  cl
    0.00000000000000      0.00000000000000      6.00000000000000  f f
   -0.97074181642879      1.67638543787026      0.64116405375746  h
   -0.97048730362636     -1.67839044174268      0.63708272921924  h
    1.93568841772999     -0.00124506320075      0.64532299484499  h
$redundant
     number_of_atoms             6
     degrees_of_freedom         12
     internal_coordinates       13
     frozen_coordinates          1
# definitions of redundant internals
   1 k  1.0000000000000 stre   1    4           val=   2.04051
   2 k  1.0000000000000 stre   1    5           val=   2.04076
   3 k  1.0000000000000 stre   1    6           val=   2.04042
   4 k  1.0000000000000 stre   1    2           val=   3.38919
   5 k  1.0000000000000 stre   1    3           val=   6.00000
   6 k  0.3136083883947 bend   5    4    1      val=  47.28126
        0.3136083844255 bend   6    4    1
        0.3136083844255 bend   6    5    1
        0.3427704146185 bend   2    4    1
        0.3427704146185 bend   2    5    1
        0.3427704134065 bend   2    6    1
       -0.3427704144120 bend   3    4    1
       -0.3427704144120 bend   3    5    1
       -0.3427704138195 bend   3    6    1
   7 k -0.7819627581576 bend   5    4    1      val=   0.01198
        0.3909813810329 bend   6    4    1
        0.3909813810329 bend   6    5    1
       -0.0946465185926 bend   2    4    1
       -0.0946465185926 bend   2    5    1
        0.1892930406961 bend   2    6    1
       -0.0695863763890 bend   3    4    1
       -0.0695863763890 bend   3    5    1
        0.1391727503808 bend   3    6    1
   8 k  0.6771996143204 bend   6    4    1      val=   0.00825
       -0.6771996143204 bend   6    5    1
        0.1639325811166 bend   2    4    1
       -0.1639325811166 bend   2    5    1
        0.1205271389057 bend   3    4    1
       -0.1205271389057 bend   3    5    1
   9 k  0.0202834019813 bend   6    4    1      val=  -0.04368
       -0.0202834019813 bend   6    5    1
       -0.4711604581273 bend   2    4    1
        0.4711604581273 bend   2    5    1
        0.5268741845083 bend   3    4    1
       -0.5268741845083 bend   3    5    1
  10 k -0.0234212556788 bend   5    4    1      val=  -0.06294
        0.0117106280471 bend   6    4    1
        0.0117106280471 bend   6    5    1
        0.2720246167950 bend   2    4    1
        0.2720246167950 bend   2    5    1
       -0.5440492350229 bend   2    6    1
       -0.3041909517450 bend   3    4    1
       -0.3041909517450 bend   3    5    1
        0.6083819051409 bend   3    6    1
  11 k  0.2024580597763 bend   6    4    1      val=   0.01563
       -0.2024580597763 bend   6    5    1
       -0.5011326486527 bend   2    4    1
        0.5011326486527 bend   2    5    1
       -0.4559350858246 bend   3    4    1
        0.4559350858246 bend   3    5    1
  12 k  0.2337784295649 bend   5    4    1      val=  -0.02641
       -0.1168892151995 bend   6    4    1
       -0.1168892151995 bend   6    5    1
       -0.2893290691887 bend   2    4    1
       -0.2893290691887 bend   2    5    1
        0.5786581398472 bend   2    6    1
       -0.2632342438607 bend   3    4    1
       -0.2632342438607 bend   3    5    1
        0.5264684899990 bend   3    6    1
  13 f  1.0000000000000 stre   1    3           val=   6.00000
        12 non zero eigenvalues  of BmBt
           1           4.870637030    1    0
         1
           2           3.039271496    2    0
         2
           3           3.039271492    3    0
         3
           4           1.000000000    4    0
         4
           5           0.790247547    6    0
         6
           6           0.765317112    7    0
         7
           7           0.765317112    8    0
         8
           8           0.493369834    9    0
         9
           9           0.493369833   10    0
        10
          10           0.126753909   11    0
        11
          11           0.126753908   12    0
        12
          12        1000.000000000    0    1
         0.000000000         0.000000000         0.000000000         0.000000000
         0.000000000         0.000000000         0.000000000         0.000000000
         0.000000000         0.000000000         0.000000000         0.000000000
         1.000000000
$end
