$energy      SCF               SCFKIN            SCFPOT
     1 -600.5245767095      599.7357731844     -1200.260349894
     2 -600.5528000462      599.6134167357     -1200.166216782
     3 -600.5896145615      599.4520540885     -1200.041668650
     4 -600.6091412578      599.3596811312     -1199.968822389
     5 -600.6186056256      599.3023594777     -1199.920965103
     6 -600.6221920692      599.2667361569     -1199.888928226
     7 -600.6238350603      599.2420484139     -1199.865883474
     8 -600.6269523437      599.2327175765     -1199.859669920
     9 -600.6324408410      599.2224971254     -1199.854937966
    10 -600.6395900140      599.2330994224     -1199.872689436
    11 -600.6454724125      599.3076321032     -1199.953104516
    12 -600.6506928658      599.3740608311     -1200.024753697
    13 -600.6552908658      599.4119297658     -1200.067220632
    14 -600.6590501810      599.4349897094     -1200.094039890
    15 -600.6622924212      599.4490336022     -1200.111326023
    16 -600.6643373970      599.4669796715     -1200.131317069
    17 -600.6652564674      599.4815674908     -1200.146823958
    18 -600.6651828189      599.4563466180     -1200.121529437
    19 -600.6652702583      599.4578953902     -1200.123165649
    20 -600.6653175282      599.4655285253     -1200.130846054
    21 -600.6653247096      599.4618385095     -1200.127163219
    22 -600.6653241977      599.4626435021     -1200.127967700
    23 -600.6653243071      599.4629486361     -1200.128272943
$end
