 C         -7.3519          2.1979        0.830307
 C        -7.58783        0.748947         0.69728
 H        -7.72036         1.18649        -1.52999
 H        -4.44596         0.38874        -1.05928
 O        -4.73367         1.30878         1.05071
 H        -5.42123         1.04344        0.430133
 C        -6.55523         2.26152       -0.433474
 C        -6.93084        0.879899       -0.811085
 H        -8.15916         2.92458        0.918062
 H        -6.76263         2.49959         1.70544
 C        -7.44934       -0.509934        0.619821
 H        -3.87338        0.220651        -1.56511
 H          -6.324         0.12898        -1.30116
 H        -4.54701         2.24212         1.15478
