 C          -7.458       0.0344807        0.112233
 C         -8.0147         1.40843        0.244354
 H        -7.69732         2.00622         1.18758
 H        -4.21208         2.77822       -0.179805
 O        -5.33042         1.38352        -1.67348
 H        -5.49437         1.14397       -0.751614
 C        -6.15126        0.253582        0.731942
 C        -5.59411         1.02824         1.47576
 H        -8.06984       -0.705278        0.637634
 H        -7.45128       -0.244338       -0.940988
 C        -8.50569         2.56132       0.0803202
 H        -3.71112          3.3646      -0.0569059
 H        -4.79975         1.51525          1.9574
 H        -5.68573        0.691655        -2.23101
