 C        -7.34437         1.92582       0.0290588
 C        -7.43654          0.7114        0.757827
 H        -7.60503         1.79661         -1.5018
 H        -5.43335        0.700807        -1.21349
 O        -5.24337         1.43427         1.26338
 H        -6.03951        0.206387        0.297574
 C        -6.29741         1.48347       -0.678293
 C        -5.92302       0.0330179       -0.417052
 H        -7.05066         3.64991        0.443494
 H        -7.20116         3.07807        0.425407
 C        -6.66765       -0.988982        0.412117
 H        -4.86877         1.07256        -1.77426
 H        -6.75301       -0.722315        0.634254
 H        -4.71244         2.25967         1.30994
