$coord
   -9.99007887809289      3.53381118942862      0.08465483994807  c
  -10.52829682360390      5.74763565696539      0.06020964720665  o
   -7.62786358028576      2.58447760900452     -0.19655375376073  o
  -11.32935918392648      1.96461149649905      0.33784956354483  h
   -6.49043994019064      4.02639326823113     -0.41585220087190  h
$redundant
     number_of_atoms             5
     degrees_of_freedom          9
     internal_coordinates        9
     frozen_coordinates          0
# definitions of redundant internals
   1 k  0.7071067811865 tors   2    1    3    5 val=  90.01365
        0.7071067811865 tors   4    1    3    5
   2 k  1.0000000000000 stre   1    2           val=   2.27844
   3 k  1.0000000000000 stre   1    4           val=   2.07850
   4 k  0.7790880280038 bend   4    2    1      val=   6.41295
       -0.1779633355713 bend   3    2    1
       -0.6011246924004 bend   3    4    1
   5 k -0.2443123232357 bend   4    2    1      val=   5.51570
        0.7968661857045 bend   3    2    1
       -0.5525538623482 bend   3    4    1
   6 k  1.0000000000000 outp   2    3    4    1 val=  -0.00881
   7 k  1.0000000000000 stre   3    5           val=   1.84958
   8 k  1.0000000000000 bend   1    5    3      val= 106.93142
   9 k  1.0000000000000 stre   1    3           val=   2.56132
         9 non zero eigenvalues  of BmBt
           1           3.566047022    1    0
         1
           2           3.400260650    2    0
         2
           3           3.379127578    3    0
         3
           4           2.116011557    4    0
         4
           5           1.647520331    5    0
         5
           6           1.291125534    6    0
         6
           7           0.856623181    7    0
         7
           8           0.536161100    8    0
         8
           9           0.276837880    9    0
         9
$end
