$grad          cartesian gradients
  cycle =      1    SCF energy =     -379.7301256011   |dE/dxyz| =  0.130233
   -2.22218564173118      0.26270972584547      2.56343238531610      c
   -1.02723622408532     -1.97398901252283      2.31054923531868      o
   -3.68574073073135      0.61584284675429      4.31127787250497      o
   -1.29761823799678     -3.33908937043000      3.49690039909750      h
   -7.94452201149422     -1.32840187656693      7.21637274115341      h
   -8.32212708571694     -2.78685470503061      8.25279303420442      o
   -7.25964746940734     -5.05675593140859      7.79056602412095      c
   -5.78367687976839     -5.32214906835103      6.03771276270183      o
   -7.72096741095099     -6.65714608909291      8.98430601704705      h
   -1.87927593915659      1.75795552195562      1.20485158253890      h
  0.28970258635158D-01  0.26801742415113D-01  -.54157720396361D-01
  -.27166818023206D-01  -.15191976766861D-01  0.43726406362845D-01
  -.12692872622874D-02  -.99611543023919D-02  0.77828305863802D-02
  0.16760039354846D-01  -.92164039794136D-02  -.13115720676768D-01
  -.16182727274157D-01  0.87536275369729D-02  0.14330995304195D-01
  0.28787745286055D-01  0.17694478451507D-01  -.41640362277828D-01
  -.31531007862639D-01  -.30101976568077D-01  0.50722967720160D-01
  0.17574225086658D-02  0.10570801022862D-01  -.71218926746712D-02
  0.13215625923505D-01  -.63706918671985D-02  -.14172252834917D-01
  -.13291833435850D-01  0.70232922809635D-02  0.13760293560862D-01
  cycle =      2    SCF energy =     -379.7408836329   |dE/dxyz| =  0.082614
   -2.24990704359320      0.20051630499581      2.61966573699394      c
   -0.98358277542873     -1.96696411248049      2.26211127791667      o
   -3.71805860191928      0.58077311432330      4.35080133451267      o
   -1.26122926024572     -3.32131300144458      3.46469519816244      h
   -7.98439879982084     -1.34611065334607      7.24429612459239      h
   -8.36885266924507     -2.79684067646924      8.29598710575527      o
   -7.22878110287790     -4.99220551323334      7.73825480949236      c
   -5.75048631510733     -5.28689435515221      5.99924686157856      o
   -7.69203392392604     -6.58659694362720      8.95343445666763      h
   -1.90566713887500      1.68775787758649      1.24026914833188      h
  0.22562946279917D-01  0.73245866635827D-02  -.33679889047658D-01
  -.17520999553557D-01  -.86406874930252D-02  0.26971346400610D-01
  -.33951074920953D-02  0.32180120618269D-03  0.41436377879099D-02
  0.13007046645491D-01  -.53571854743204D-02  -.10422490766581D-01
  -.12642331851541D-01  0.51547199954950D-02  0.11254762985434D-01
  0.18451581641690D-01  0.10031573871850D-01  -.25866588948992D-01
  -.23462675890197D-01  -.92198661297507D-02  0.32526319322773D-01
  0.30973743375957D-02  -.11663981251621D-03  -.45358276935952D-02
  0.10671618013966D-01  -.51870036630002D-02  -.11310418523721D-01
  -.10724175434576D-01  0.56822647898549D-02  0.10984445701435D-01
  cycle =      3    SCF energy =     -379.7484399507   |dE/dxyz| =  0.033161
   -2.31328636719801      0.12594100675447      2.70407496991368      c
   -0.95333397579532     -1.94418681331803      2.24316835758391      o
   -3.77805326736307      0.49629304148904      4.42033454159605      o
   -1.29107891808610     -3.26923061700567      3.48326199681282      h
   -7.93074364487406     -1.38671305268345      7.24437014838644      h
   -8.37552251347549     -2.81229255227703      8.32955451417489      o
   -7.16966843359861     -4.91835765843831      7.65159681998438      c
   -5.69638365831895     -5.20170062906339      5.92594731981254      o
   -7.69069116930574     -6.48688703603709      8.90978610330606      h
   -1.94423568302377      1.56925635173193      1.25666728243303      h
  0.10051869221613D-01  -.14089284896096D-01  -.28200803868144D-02
  -.74434566287056D-02  0.72330693111258D-02  0.45279989120470D-02
  -.54209411479478D-03  0.52223240309516D-02  -.30997572333599D-02
  0.56661748910610D-02  -.16480765465972D-02  -.37242877061394D-02
  -.58688804997238D-02  0.17615757405046D-02  0.42978002620221D-02
  0.74869589834062D-02  -.70925119095178D-02  -.56211679181860D-02
  -.86865878833446D-02  0.13930240044184D-01  0.50764878228087D-02
  -.29276895701907D-03  -.52631355431599D-02  0.18046687647787D-02
  0.34552704341149D-02  -.22930337099829D-02  -.34316043341311D-02
  -.37518988210743D-02  0.22545925035894D-02  0.30980973631435D-02
  cycle =      4    SCF energy =     -379.7502446355   |dE/dxyz| =  0.021524
   -2.37938720844678      0.10406396804713      2.75338881574594      c
   -1.01510324517223     -1.97401409049659      2.28941949759101      o
   -3.84325833674759      0.45642371477007      4.47022806079215      o
   -1.39387101436366     -3.28347621406750      3.54127890647655      h
   -7.82844344293508     -1.37624672894423      7.17314150941456      h
   -8.31853667906433     -2.78119149933260      8.27366025036098      o
   -7.10857519956408     -4.89776674258952      7.60127273251320      c
   -5.63451031510866     -5.17156877747577      5.87869534784588      o
   -7.66212241343161     -6.43871145802522      8.88858947730186      h
   -1.95918977620509      1.53460986926670      1.29908745596167      h
  0.36850643189084D-02  -.10717171118200D-01  0.89573769723918D-03
  -.38253568133996D-02  0.67764492221866D-02  0.70547718831221D-03
  0.89513043504335D-03  0.29125901586591D-02  -.25639977321079D-02
  0.43346224245778D-02  -.16824498360716D-02  -.17323971106724D-02
  -.43165519277417D-02  0.19118535585202D-02  0.25546068120411D-02
  0.39225398106193D-02  -.68482031367455D-02  -.17178795765347D-02
  -.36277351906635D-02  0.10332113529381D-01  0.11798813005188D-03
  -.11725559751747D-02  -.27482135275724D-02  0.17551424861607D-02
  0.10177191176451D-02  -.14068231473712D-02  -.50099730239159D-03
  -.82095058952599D-03  0.15052356950021D-02  0.56372767313301D-03
  cycle =      5    SCF energy =     -379.7518514506   |dE/dxyz| =  0.009817
   -2.42666524003447      0.11366904280503      2.79405028247103      c
   -1.07867450782205     -2.00109715644177      2.35227814175433      o
   -3.88754332928875      0.45144080337019      4.51309026560387      o
   -1.52158348521044     -3.28501313419897      3.61422920861340      h
   -7.69370991100997     -1.37610593895321      7.09692080715899      h
   -8.24868136029281     -2.74862806901175      8.21339539896675      o
   -7.05492518905136     -4.90299721135166      7.56613172039043      c
   -5.58035168749164     -5.17026310428272      5.84640753799239      o
   -7.67073860421388     -6.40840857746103      8.86969610112811      h
   -1.98012431662373      1.49952538667835      1.30256258992449      h
  -.89085576420911D-03  0.34017934042435D-03  0.29077161156967D-02
  -.54214262375052D-03  0.25546572454757D-02  -.79419007260795D-03
  0.20304738412940D-02  -.16318554970590D-02  -.17800933553375D-02
  0.32481682826855D-02  -.21149861603997D-02  -.64470022764605D-03
  -.32479357664514D-02  0.22400832638068D-02  0.12525838196553D-02
  0.17930815298928D-03  -.29429872600625D-02  0.36992577963929D-03
  0.26482404293661D-02  0.54350877777830D-03  -.16734273447295D-02
  -.26945347202539D-02  0.13382266808086D-02  0.95550421721169D-03
  -.13765131765632D-02  -.61857339849897D-04  0.13861045045204D-02
  0.71055684344612D-03  -.21983845000124D-03  -.19381717171477D-02
  cycle =      6    SCF energy =     -379.7530279744   |dE/dxyz| =  0.015414
   -2.49153718204967      0.10221462663300      2.83035267803576      c
   -1.17198319997030     -2.04339447979267      2.39955841664413      o
   -3.95626351873856      0.44235994203968      4.54464589055495      o
   -1.65445759217852     -3.30656252440435      3.66738795687288      h
   -7.57948320770035     -1.36876889861655      6.99948125706493      h
   -8.18234821687287     -2.70977904460395      8.12908971547308      o
   -6.99944684663924     -4.89502326364736      7.53101631268182      c
   -5.52067822661000     -5.18366159701700      5.81936305286628      o
   -7.62747323166779     -6.35950117869925      8.87106428607423      h
   -1.95932640861179      1.49423845926093      1.37680248773572      h
  -.64288584875034D-02  0.52851635103642D-02  0.69973319114580D-03
  0.12762711564283D-02  -.73952061007831D-03  -.56933592500144D-03
  0.40322187056877D-02  -.34551935862808D-02  -.10055458055124D-02
  0.36510346498452D-02  -.12703015268310D-02  -.36564371068971D-03
  -.30264049761948D-02  0.18211798949382D-02  0.15320086134575D-02
  -.12214524809677D-02  0.49467564110728D-03  0.28821762992381D-03
  0.43119797947203D-02  -.61771429290489D-02  -.23316614915028D-02
  -.34882431105324D-02  0.37416855111120D-02  0.95093780054856D-03
  -.14692535778496D-02  0.11752511135922D-02  0.19220847918967D-02
  0.24404625083539D-02  -.82176633424173D-03  -.11305395616256D-02
  cycle =      7    SCF energy =     -379.7545098255   |dE/dxyz| =  0.024404
   -2.53596242160339      0.10981238178186      2.86427893534243      c
   -1.25942867358362     -2.07838800203785      2.47355737833914      o
   -4.00686279087743      0.48072941897653      4.56763865601739      o
   -1.81006715710587     -3.30879716567146      3.74351914211966      h
   -7.42898733553110     -1.37182956521544      6.91193956244818      h
   -8.09437959508437     -2.67217375692123      8.05199407751929      o
   -6.94929000940841     -4.89955651886539      7.50300792211244      c
   -5.46118050571937     -5.22615992204118      5.80584245583681      o
   -7.63069026484503     -6.32929135421935      8.84653596282000      h
   -1.96614887728048      1.46777652536599      1.40044796144844      h
  -.75734024984330D-02  0.11801136792266D-01  -.70980662105866D-03
  0.23684073401383D-02  -.47622967222388D-02  0.57358815139963D-03
  0.48916016686079D-02  -.51397970216750D-02  -.65738985691546D-03
  0.37327619748158D-02  -.12883539379271D-03  -.11052394293662D-02
  -.32536275678752D-02  0.64295337139483D-03  0.20466023869223D-02
  -.24156535390648D-02  0.45986307612426D-02  -.44107693896633D-03
  0.63524098591481D-02  -.12347086837395D-01  -.84156758721032D-03
  -.46224417635502D-02  0.51842468331216D-02  0.55441302119347D-03
  -.15238108023497D-02  0.24283070886639D-02  0.11717946454136D-02
  0.20976878835238D-02  -.22521045684126D-02  -.62654930835908D-03
  cycle =      8    SCF energy =     -379.7564967539   |dE/dxyz| =  0.029408
   -2.56127932483775      0.13822078102895      2.88129111000955      c
   -1.35878062125917     -2.10193582044710      2.55065488402727      o
   -4.04845642156293      0.58252637784230      4.55749594037000      o
   -2.00572212241443     -3.28984379103310      3.81189283066267      h
   -7.24048419737952     -1.40133961797003      6.81558008543840      h
   -7.99666961798550     -2.64400930268381      7.96000291540197      o
   -6.91871657379398     -4.92496672758419      7.49705543995432      c
   -5.41261867322296     -5.34036030968137      5.83108115540181      o
   -7.66270661997940     -6.30664552455040      8.84537747170577      h
   -1.93756345860342      1.46047597623123      1.41833022103201      h
  -.59271837136181D-02  0.14697650672644D-01  -.39019029956981D-02
  0.26706543128248D-02  -.80391801152910D-02  0.26038172173595D-02
  0.49971412399148D-02  -.43439745344652D-02  -.52171071417917D-04
  0.40419022071581D-02  0.17572608617332D-02  -.26243046687109D-02
  -.37240548740036D-02  -.10533581595772D-02  0.33054615569282D-02
  -.25216904301599D-02  0.80138199686438D-02  -.25306182302312D-02
  0.53391432029742D-02  -.15497245403194D-01  0.29183337409387D-02
  -.51241853355023D-02  0.44752015615289D-02  -.14704630653706D-03
  -.13839039119481D-03  0.32644875947341D-02  -.72304077057021D-03
  0.47161104083140D-03  -.32643094680167D-02  0.11275811195542D-02
  cycle =      9    SCF energy =     -379.7586710258   |dE/dxyz| =  0.026694
   -2.59087443870470      0.15233920505042      2.90147991771374      c
   -1.46133677665126     -2.12301916967441      2.63512664148592      o
   -4.10254892981771      0.68688613632845      4.53499219931204      o
   -2.20437515563849     -3.27879846575128      3.87286240175023      h
   -7.05179793430138     -1.42460990956587      6.73478751326706      h
   -7.89378197885292     -2.61996984956878      7.86976117604021      o
   -6.88049208049995     -4.93441218793569      7.48761167305566      c
   -5.34665453236950     -5.44922851234304      5.86957707541654      o
   -7.70106440503227     -6.28433183932464      8.81849666936462      h
   -1.91007139917088      1.44726663393733      1.44406678659774      h
  -.35051627044978D-02  0.11581780217551D-01  -.53963013477681D-02
  0.22536848234003D-02  -.79030653263787D-02  0.40024250689131D-02
  0.51351845899764D-02  -.18424758644093D-02  -.21621904219410D-03
  0.42063994374979D-02  0.32036592761986D-02  -.38350405198029D-02
  -.40350865936862D-02  -.26630000535945D-02  0.41489377865033D-02
  -.23026338936786D-02  0.79083212465384D-02  -.38326194949087D-02
  0.44392253700389D-02  -.11982633771206D-01  0.54534201608308D-02
  -.58538316211787D-02  0.18511475375152D-02  -.21205900701249D-03
  0.90589518243984D-03  0.27030443653950D-02  -.22340929257086D-02
  -.11332237188332D-02  -.28478121576025D-02  0.21370774193797D-02
  cycle =     10    SCF energy =     -379.7609138675   |dE/dxyz| =  0.018765
   -2.63196836077246      0.14541527911214      2.93814330637855      c
   -1.56792425388575     -2.14726785841469      2.71649691498763      o
   -4.17504693181966      0.76205875785302      4.51969832237690      o
   -2.38954354102987     -3.29042338223178      3.92146484868710      h
   -6.87828849601176     -1.42748246708681      6.65816207149794      h
   -7.79355096864571     -2.59438946657555      7.77157348933019      o
   -6.83640082104194     -4.92432529034454      7.45973544818577      c
   -5.26873590487545     -5.53267377556944      5.90030005329526      o
   -7.71185287965353     -6.24761026508664      8.78648781291981      h
   -1.88968547330291      1.42882050949678      1.49669978634460      h
  -.13682087001781D-02  0.41907159745004D-02  -.43980299745693D-02
  0.15800169624414D-02  -.45188902937298D-02  0.38269549037846D-02
  0.51502040446967D-02  0.14499857635363D-02  -.90668819410250D-03
  0.40872158741095D-02  0.38403685418138D-02  -.41394584842094D-02
  -.39521217026321D-02  -.34799761841767D-02  0.46030220403803D-02
  -.15474379310824D-02  0.46142787521235D-02  -.41488055334212D-02
  0.23531601510578D-02  -.47165328199756D-02  0.50564806537449D-02
  -.59679200344586D-02  -.12224435477947D-02  0.34938956989590D-03
  0.17016602081937D-02  0.11589657150597D-02  -.20028559256268D-02
  -.19860500233432D-02  -.13343247341507D-02  0.18373366351956D-02
  cycle =     11    SCF energy =     -379.7631178482   |dE/dxyz| =  0.017531
   -2.68946300427144      0.12340801198264      2.97668875828262      c
   -1.67443689339337     -2.17826235929705      2.78953727789458      o
   -4.26665810859353      0.80092903485653      4.50557411396745      o
   -2.55139845883751     -3.31929025250527      3.96556456805357      h
   -6.72595584820673     -1.41044467915464      6.59461180082251      h
   -7.69092160553438     -2.56308584142473      7.68994759788067      o
   -6.77431726835282     -4.89920102262669      7.42945212305488      c
   -5.16994313375376     -5.57551631165398      5.92936155884721      o
   -7.72741514260089     -6.21028297086371      8.72076977237228      h
   -1.87248816749461      1.40386843183938      1.56725448282799      h
  -.12245826050690D-02  -.21250136196189D-02  -.35260232940996D-02
  0.10352310647133D-02  -.12769990532766D-02  0.34921822816774D-02
  0.53328798097896D-02  0.40205310443189D-02  -.13397885225284D-02
  0.42075428754503D-02  0.41993308046759D-02  -.42366099647671D-02
  -.40302329771817D-02  -.40956052681104D-02  0.46446286897362D-02
  -.12047647122530D-02  0.13917423041657D-02  -.40025387143449D-02
  0.28131314941018D-02  0.17739818892386D-02  0.49861212121833D-02
  -.63572510124424D-02  -.37726964482669D-02  0.57469508454788D-03
  0.11346234484653D-02  -.29479706310005D-03  -.18233906720548D-02
  -.17107974979043D-02  0.13140077435465D-03  0.13323406329062D-02
  cycle =     12    SCF energy =     -379.7654018895   |dE/dxyz| =  0.019871
   -2.74906286537743      0.09060685465839      3.02614982533124      c
   -1.77898893310041     -2.21314636736776      2.84982931955377      o
   -4.36084826820275      0.80762883934425      4.50720089372678      o
   -2.68793842471059     -3.36527714196687      4.00785076786953      h
   -6.60862068389982     -1.37503532199250      6.52896713431704      h
   -7.59982586720379     -2.53208129272946      7.61513801417693      o
   -6.71360723282895     -4.86425717787782      7.38243928402152      c
   -5.07343527972659     -5.58593564682975      5.93529352858863      o
   -7.71083312227006     -6.16426745811324      8.66562448322420      h
   -1.85983695371866      1.37388675402724      1.65026880319413      h
  -.15292964140083D-02  -.84251623312201D-02  -.11588493985963D-02
  0.36765255767635D-03  0.37089641384040D-02  0.18716919728506D-02
  0.52170719243366D-02  0.55108771427148D-02  -.18418084665860D-02
  0.39026164430888D-02  0.33759288031660D-02  -.31534862470035D-02
  -.33180064233719D-02  -.33750071187865D-02  0.37791493534286D-02
  -.75739860305254D-03  -.37764086716549D-02  -.23542717799905D-02
  0.21016057054895D-02  0.83468415186240D-02  0.19036777492157D-02
  -.57547819193954D-02  -.54343778530259D-02  0.12416088930304D-02
  0.27931515760388D-04  -.17153318286878D-02  0.19415338016020D-03
  -.26962447263966D-03  0.17506426059291D-02  -.40932455070716D-03
  cycle =     13    SCF energy =     -379.7676839735   |dE/dxyz| =  0.021216
   -2.81251480539561      0.05609540341664      3.07385576889296      c
   -1.87573984343378     -2.25490051829212      2.90688218222718      o
   -4.45870598986615      0.79734924034069      4.50993989267098      o
   -2.81555810064765     -3.41415806929248      4.04527366496866      h
   -6.49660332818511     -1.33524464324625      6.47298788478436      h
   -7.51251236856713     -2.49282174678808      7.54950688238193      o
   -6.64607646648120     -4.82732519232408      7.34005351778322      c
   -4.96935826190838     -5.57462481470540      5.94283742080886      o
   -7.69943275790272     -6.12027188470154      8.58908506233943      h
   -1.85649570865132      1.33802426674511      1.73833977714619      h
  -.30520108731719D-02  -.90675108755733D-02  -.70582141095676D-04
  0.37363541356528D-04  0.35823164300894D-02  0.18402886508003D-02
  0.50397474574587D-02  0.59165605317221D-02  -.21535910860845D-02
  0.41400120245847D-02  0.38070523024146D-02  -.34862775013385D-02
  -.33031891327362D-02  -.39443932538695D-02  0.39009249219669D-02
  -.58638333955302D-03  -.35781224061902D-02  -.21554737610621D-02
  0.35846616713051D-02  0.90679554542423D-02  0.74092389346717D-03
  -.56252894940361D-02  -.58744193220634D-02  0.16592220508758D-02
  -.93108253120655D-03  -.18527858447060D-02  0.58329809044673D-03
  0.68074693265587D-03  0.19291759476155D-02  -.82689422881439D-03
  cycle =     14    SCF energy =     -379.7695542507   |dE/dxyz| =  0.012538
   -2.86302438306906      0.02759182367799      3.11303770880663      c
   -1.95277558845852     -2.29538764520792      2.91321382831706      o
   -4.54047328510635      0.73126446782491      4.53619800913105      o
   -2.87513634430130     -3.46930553746484      4.08649676972227      h
   -6.47470153920373     -1.27858713108958      6.41253907359416      h
   -7.45488004438539     -2.46177812252959      7.53346168335028      o
   -6.59093465417384     -4.79869998239511      7.29873181735850      c
   -4.88673157515400     -5.50715074506597      5.90951435767310      o
   -7.66826029927738     -6.08239182274287      8.54465441387084      h
   -1.83607991790947      1.30656673614546      1.82091439217989      h
  -.51661359066663D-02  -.35233149434871D-03  -.27714143641988D-03
  0.90619610951331D-03  0.30091948632565D-02  -.16588132197082D-02
  0.33810556140603D-02  0.11151527857346D-02  -.15966920306448D-04
  0.32518245213334D-02  -.91443179897538D-04  0.79309790647447D-03
  -.19812365405242D-02  0.74409761131244D-03  -.20407366369855D-03
  -.16280743963563D-02  -.35064040415718D-02  0.18106540974764D-02
  0.39818032544371D-02  0.55454789630605D-03  -.89017613152687D-03
  -.32020344093620D-02  -.16545634118507D-02  0.71318648758978D-04
  -.34666855363436D-02  -.35213357098546D-03  0.27766118777970D-02
  0.39145480151632D-02  0.48700243569288D-03  -.23867670292425D-02
  cycle =     15    SCF energy =     -379.7710768079   |dE/dxyz| =  0.015200
   -2.90316767833887     -0.01278841833413      3.17895520813929      c
   -2.03202131282185     -2.35009031429284      2.99072733021584      o
   -4.60483882316077      0.72312212698862      4.56089706414536      o
   -3.00832698021734     -3.51790443370207      4.12024854813650      h
   -6.37663893306177     -1.24216187657624      6.35749484390011      h
   -7.40204828117685     -2.41630219077241      7.44218212559763      o
   -6.53931838699879     -4.75476254362291      7.24086588291030      c
   -4.80600838465919     -5.47713489636506      5.89285611072004      o
   -7.59364702089965     -6.03863678771521      8.48699757984775      h
   -1.87698182970395      1.25878137554475      1.89753736039097      h
  -.35458430053771D-02  0.33318913131213D-02  0.17093115967688D-02
  -.18555732528334D-02  -.51332500889903D-02  0.30511275114967D-02
  0.29577127380579D-02  0.82644194903764D-03  -.16108022310344D-02
  0.46409842908916D-02  0.38310984358633D-02  -.36554058948190D-02
  -.30734241773426D-02  -.34989190278072D-02  0.35146554865703D-02
  0.60532511439870D-03  0.40029619641064D-02  -.22613524819328D-02
  0.33335047533821D-02  -.31691044806776D-02  -.29248399830498D-02
  -.34061774698794D-02  -.26460192590677D-03  0.17655632077667D-02
  -.17161199685510D-03  0.89595947567318D-03  0.11412585242565D-02
  0.51613079501683D-03  -.85773306486078D-03  -.74823832172305D-03
  cycle =     16    SCF energy =     -379.7686191944   |dE/dxyz| =  0.043731
   -2.95349162260638      0.01216848481129      3.17090652994800      c
   -2.14840312063438     -2.33987259015009      2.97487982381644      o
   -4.65615615475269      0.77292100179126      4.54910362840036      o
   -3.13990547296104     -3.54604096672313      4.13301289834403      h
   -6.36142370628821     -1.23271669916868      6.31836218107388      h
   -7.40298592002192     -2.46902725670609      7.41769282547527      o
   -6.46369320497619     -4.76885322930143      7.24283986008443      c
   -4.70039952109617     -5.45118452873698      5.90142844246089      o
   -7.61230779073036     -6.03338325865575      8.51511117310037      h
   -1.70423111697168      1.22811108399209      1.94542469130012      h
  -.17672414190052D-01  0.12778685642645D-02  0.30970479568642D-02
  0.38173394370868D-02  0.49810068460667D-02  -.23800924498991D-02
  0.10043424344067D-02  -.90779919174844D-03  0.32221012927591D-02
  -.11833260839769D-02  -.51230465180921D-02  0.37789861628523D-02
  0.60372664228270D-02  0.55081283197639D-02  -.49592847224971D-02
  -.11219937329355D-01  -.11913124485796D-01  0.86927463973704D-02
  0.15726550245255D-01  0.36848767990093D-02  -.89164508997838D-02
  0.14918548631859D-02  0.27235015553718D-02  -.45846500964681D-02
  -.14073037088708D-01  -.21769032346267D-02  0.11380539852723D-01
  0.16083084600367D-01  0.19114253103670D-02  -.94468083090355D-02
  cycle =     17    SCF energy =     -379.7701219078   |dE/dxyz| =  0.030027
   -2.94621600184193     -0.00198979462753      3.17841652512334      c
   -2.14363285771222     -2.35377961695419      2.97785257248431      o
   -4.65236407045636      0.76092120908241      4.54885091285556      o
   -3.13761123003255     -3.54862619434334      4.13168510798203      h
   -6.36088690432366     -1.23006307014360      6.31766169570811      h
   -7.39873156684368     -2.45074127892826      7.41051302760850      o
   -6.46926562320791     -4.75677526118977      7.24100933587678      c
   -4.70722885074073     -5.44585331239952      5.90386172352548      o
   -7.58880580380250     -6.02996188415145      8.49570263602240      h
   -1.73825472207748      1.22899124480773      1.96320851681729      h
  -.13503160548096D-01  0.20876341426708D-02  0.19885040889176D-02
  0.21569461919225D-02  0.27117515610767D-02  -.10102144817818D-02
  0.19967900395276D-02  -.55266716391161D-03  0.14989386578939D-02
  -.17212734778075D-03  -.31756547105914D-02  0.22900389260748D-02
  0.35259379489255D-02  0.26336697258864D-02  -.23637878660368D-02
  -.78802535797388D-02  -.70373695289166D-02  0.51068172678592D-02
  0.12367113882112D-01  0.97084583869592D-03  -.60956647262793D-02
  0.33133119329343D-04  0.25671204492431D-02  -.30551624144540D-02
  -.95733638667758D-02  -.76245287542197D-03  0.74905908818122D-02
  0.11057772300360D-01  0.52396990245764D-03  -.59600636980133D-02
  cycle =     18    SCF energy =     -379.7716057918   |dE/dxyz| =  0.008869
   -2.93636984784382     -0.03554572051561      3.20234705414704      c
   -2.12770171072109     -2.37769213032942      2.98301270596052      o
   -4.65847454880239      0.71943339890976      4.55929739060653      o
   -3.12369849133932     -3.55832471924793      4.13347088591591      h
   -6.33562836059690     -1.21374714784293      6.30447931488677      h
   -7.36922194576975     -2.40788630962604      7.38965382785115      o
   -6.48483336918469     -4.72943633738003      7.23142873175418      c
   -4.71905915296355     -5.44942324724395      5.91332893434279      o
   -7.56087004904684     -6.01589638565991      8.45558203624698      h
   -1.82714015477068      1.24064064008856      1.99616117229194      h
  -.39119617816837D-02  0.12752847603371D-02  0.82746684233928D-03
  -.37897744356397D-03  0.11407452234777D-03  -.30329213623004D-04
  0.18323397053963D-02  0.27929378431078D-03  -.80719765976922D-03
  0.12185520889690D-02  0.37024194733232D-03  0.60326662133542D-04
  -.16716157212387D-02  -.21551754243288D-02  0.25957085240572D-02
  0.42607826486772D-03  0.14052290852123D-02  -.23223816130248D-02
  0.35887901583014D-02  -.24113829848386D-02  -.82368423126400D-03
  -.16690406425633D-02  0.11491337132792D-02  -.12822381388489D-03
  -.12609512297486D-02  0.14330423712467D-02  0.81914285505817D-03
  0.18307396050118D-02  -.14911377683680D-02  -.26032677828670D-03
  cycle =     19    SCF energy =     -379.7708254173   |dE/dxyz| =  0.019043
   -2.99736751579372     -0.06807144944285      3.23363678668276      c
   -2.11176733924951     -2.37534176144132      3.00151506239649      o
   -4.74651993661142      0.62320432655457      4.59732112333509      o
   -3.09781643679229     -3.57656306760328      4.15940991440619      h
   -6.18483292570143     -1.16956713018515      6.25731731005591      h
   -7.24877246696364     -2.35358021953291      7.35380033918791      o
   -6.47344057872253     -4.70766526231516      7.21019886685196      c
   -4.69485386960370     -5.49917647514485      5.94110710141203      o
   -7.65114348530957     -5.96075496010171      8.38666348910583      h
   -1.93648307629122      1.25963804036516      2.02779206056963      h
  -.62981339843315D-02  -.11926058944255D-02  0.38382557362019D-02
  0.31601760113822D-02  0.12041858690230D-02  -.34007344521201D-02
  -.33773623358802D-02  -.53626537100039D-02  0.40306657221808D-02
  -.42521103508449D-03  0.19731590440511D-02  0.83312833852241D-03
  -.13896038631088D-02  -.21688343571664D-03  0.22868053508822D-02
  0.59606341535808D-02  0.72213489717814D-02  -.75358911081387D-02
  0.43188312684240D-02  -.41627891634335D-02  -.10775007220751D-02
  -.22836817854690D-02  0.15006486331726D-03  0.13074878953372D-02
  -.30365298966405D-02  0.44764955697950D-03  0.16920332557505D-02
  0.33163801169159D-02  -.96022401001900D-04  -.18956342883936D-02
  cycle =     20    SCF energy =     -379.7713651792   |dE/dxyz| =  0.009569
   -2.97934619588304     -0.06652134585697      3.22737204534971      c
   -2.11506299374431     -2.38313414580873      3.00710032012937      o
   -4.73197922348995      0.63844372448754      4.58298160415195      o
   -3.10831766336958     -3.57766959136052      4.16040911770867      h
   -6.20314494416458     -1.16871875279384      6.26313281945778      h
   -7.26817928036010     -2.35865767847103      7.37034621234021      o
   -6.48066254869943     -4.70486765933798      7.21259739002965      c
   -4.69877583544595     -5.48703547073853      5.93831694182022      o
   -7.62820421620268     -5.98049133283046      8.38372891348984      h
   -1.92932472967940      1.26077429386301      2.02277668952641      h
  -.23251825775611D-02  0.39936280565250D-03  0.15705349698613D-02
  0.10489195785721D-02  -.77076322293257D-03  -.13413629939893D-02
  -.26063376284604D-02  -.36032745357140D-02  0.26134648354770D-02
  0.40272020437616D-03  0.20487093601065D-02  -.16976074454850D-03
  0.18973109590140D-03  0.11420783953857D-02  0.49847953011230D-03
  0.31386994808953D-02  0.32237325982107D-02  -.38983639228848D-02
  0.12224544235920D-02  -.19156208093189D-02  -.83067787968183D-04
  -.12584078345446D-02  -.88281742184595D-03  0.11039739665416D-02
  -.10157954393898D-02  0.51404967524885D-03  0.39775399507343D-03
  0.11683137532414D-02  -.18598863480231D-03  -.63379204559702D-03
  cycle =     21    SCF energy =     -379.7717722659   |dE/dxyz| =  0.004759
   -2.95708841764139     -0.06090167423068      3.21417289288346      c
   -2.12306146498095     -2.38804434115232      3.01015667661935      o
   -4.70020518732881      0.67606379168900      4.56409753834784      o
   -3.12314438211046     -3.57651371533486      4.16145029159844      h
   -6.26846940508396     -1.17790965058734      6.28290425250663      h
   -7.31604655052059     -2.37874003885327      7.40106142796870      o
   -6.48082688909414     -4.70592669732806      7.21656983261601      c
   -4.70501413259704     -5.45023702420339      5.91259146658084      o
   -7.58449724537564     -6.01075312615936      8.39800624907900      h
   -1.88464395630606      1.24508451731276      2.00775142580354      h
  -.15313169138787D-02  0.13380785473251D-03  0.18288290496749D-03
  -.10170839377229D-02  -.37285652219071D-03  0.56336455676165D-03
  0.12804996417370D-03  -.91917688503612D-03  0.39361478038613D-03
  0.11385284912234D-02  0.10035639252415D-02  -.39205992083212D-03
  0.11909845997399D-02  0.16105597598178D-02  -.11585961262472D-02
  -.95495360297559D-03  -.18293802652646D-02  0.81482492195423D-03
  0.12379086160515D-02  0.87326040027527D-03  -.43210731168025D-03
  -.21490068304686D-03  -.34572010141926D-03  -.21362445254780D-03
  -.92792878185419D-03  0.28007285835602D-03  0.44022578417979D-03
  0.96253730891178D-03  -.46086963707270D-03  -.21130796252605D-03
  cycle =     22    SCF energy =     -379.7718076985   |dE/dxyz| =  0.003010
   -2.94605059982883     -0.06189830903862      3.21156674022072      c
   -2.10838944612398     -2.39118123381541      3.02704502379335      o
   -4.69877626484547      0.68045921795436      4.54819312021496      o
   -3.13372105372280     -3.57469780029883      4.16538680669787      h
   -6.27109403024900     -1.18170645257411      6.29598727193438      h
   -7.31338960863724     -2.37326066113407      7.41957241156178      o
   -6.48819789487332     -4.70534389242812      7.21525170773168      c
   -4.70961288927925     -5.43945938199782      5.90810089914773      o
   -7.58029191931339     -6.02519819335375      8.38344020462251      h
   -1.89347392416576      1.24440874783885      1.99421786807884      h
  0.84943563405951D-03  0.82288357394986D-03  -.31428170096943D-03
  -.43756057912619D-03  -.14152287159994D-02  0.80962905590815D-03
  -.16913928270081D-03  0.76894014077844D-04  0.18531480403983D-04
  0.10825265885026D-03  0.52132934853692D-03  -.51518932159847D-03
  0.50776850163252D-03  0.43176733976583D-03  -.64412690860673D-03
  -.27080873213103D-03  0.41459199716154D-03  0.63055414740354D-03
  -.91899524047215D-03  -.48512827584218D-03  0.19235212553781D-03
  0.62310617924777D-03  -.13758796822241D-03  -.67499359241219D-04
  0.42392950123320D-03  0.17070553732207D-03  -.40018326898132D-03
  -.68872588154949D-03  -.42152765802808D-03  0.27599109388600D-03
  cycle =     23    SCF energy =     -379.7718245691   |dE/dxyz| =  0.001058
   -2.94297467340087     -0.05833153406835      3.20943419130584      c
   -2.11085717756723     -2.38842943748458      3.01300109573503      o
   -4.68977076388915      0.68352319475397      4.55231310692556      o
   -3.12651184276199     -3.57207915700737      4.15804349854343      h
   -6.28599997533940     -1.18668929091512      6.29587398898472      h
   -7.32495715418871     -2.37959872110238      7.41391587074812      o
   -6.48928601936961     -4.70861751608026      7.21957935700906      c
   -4.71418631066923     -5.44242948741132      5.90979307665194      o
   -7.57654316494280     -6.02336106020887      8.40031763021492      h
   -1.88191054891006      1.24813505067676      1.99649023788520      h
  0.20637223108004D-03  0.71645281184501D-04  -.43936763062573D-04
  -.47482176250879D-03  -.44123311284550D-03  0.23970606963980D-03
  0.12071966600521D-03  0.99983386466912D-04  -.65130100008748D-04
  0.35830247189195D-03  0.36979995010020D-03  -.10101380399866D-03
  0.42189103339099D-04  0.21072356193980D-03  -.15093722130403D-03
  0.70894020540502D-04  -.63541759265540D-04  0.81926908010455D-04
  -.25275827773202D-03  -.30614988205335D-04  -.12375703396572D-04
  -.76109282668435D-05  -.14592926839252D-03  0.56237601562481D-04
  0.70967085651158D-04  0.16052115874755D-03  -.69670399206800D-04
  -.11322801148420D-03  -.25184953964966D-03  0.42612089053977D-04
  cycle =     24    SCF energy =     -379.7718222773   |dE/dxyz| =  0.001671
   -2.94044471148540     -0.05458608330934      3.20571527815255      c
   -2.10806553650446     -2.38643022640747      3.00888117393237      o
   -4.68872784163686      0.68496361649635      4.54769434559937      o
   -3.12902455731500     -3.56801485672121      4.15244278383253      h
   -6.28515829056223     -1.19222669638299      6.29931988688345      h
   -7.32961677400052     -2.38175714025161      7.41444242182850      o
   -6.49175774714863     -4.71235392818192      7.22359138314507      c
   -4.71520586131015     -5.44389036454761      5.91500561959402      o
   -7.57934105647383     -6.02526748633604      8.40503070408533      h
   -1.87565525460196      1.25168520679431      1.99663845695063      h
  0.20440011698852D-03  0.67481172772227D-03  -.39776587410717D-03
  0.23870893220440D-03  -.52801545776604D-03  -.15752405130087D-03
  -.30418881461963D-04  0.20286567164773D-03  0.14295950421114D-04
  -.12085836010454D-03  0.17357661556587D-03  0.14530291914693D-03
  0.34280604295953D-03  0.11745962661576D-03  -.89113737349225D-04
  -.39896418530361D-03  0.40432087145614D-03  0.11645931557980D-03
  -.29118899224367D-03  -.84577063890481D-03  0.25109198310513D-03
  0.56240323396684D-04  -.16712472972036D-03  0.64096975068484D-04
  0.12963027639787D-03  0.30702776603431D-03  -.12837077025425D-03
  -.10983601624051D-03  -.35964657293505D-03  0.15801034369359D-03
  cycle =     25    SCF energy =     -379.7718262373   |dE/dxyz| =  0.000707
   -2.94172834677955     -0.05834252738591      3.20742513829570      c
   -2.10770591864520     -2.38822076825649      3.01174811890045      o
   -4.69014423595176      0.68147744147708      4.54910854800129      o
   -3.12927855947592     -3.57077444479811      4.15553652338463      h
   -6.29041174250772     -1.18988652825278      6.29827893262895      h
   -7.32754929867106     -2.38018234552652      7.41700187365218      o
   -6.48914792288230     -4.70850424395580      7.22104623756291      c
   -4.71544743233535     -5.43870485365716      5.90787200933871      o
   -7.57495329940954     -6.02449019022916      8.40296735585846      h
   -1.87663087438064      1.24975050173731      1.99777731638054      h
  -.20877906236183D-03  -.10443906840363D-03  -.42218284127107D-04
  0.79538910647659D-04  -.19542482520953D-03  -.74213069929718D-04
  0.16338215141598D-03  0.96063312511718D-04  0.32634485798516D-04
  -.96244218498839D-04  0.11338036542383D-03  0.22312810377469D-03
  -.16076593083322D-03  -.21866064048844D-03  0.11473138497667D-03
  0.16807844324784D-03  0.25012756145193D-03  -.10487636284373D-03
  0.61983451183870D-04  -.15730056207953D-04  -.11793699887253D-03
  -.12333889162885D-04  0.34534940908715D-04  -.39163888003735D-05
  -.14259877059246D-03  0.77269646361608D-04  0.68542563595481D-04
  0.16826415994210D-03  -.54471813756368D-04  -.11925364562586D-03
  cycle =     26    SCF energy =     -379.7718269498   |dE/dxyz| =  0.000482
   -2.94143388332619     -0.05866489283610      3.20799614895520      c
   -2.10820778670708     -2.38851874032752      3.01080725808310      o
   -4.69031421601087      0.68048908842375      4.54962772633987      o
   -3.12912573613846     -3.57099324817794      4.15503980972266      h
   -6.28976020014158     -1.18917436931969      6.29698271406291      h
   -7.32775472422759     -2.37992869256075      7.41596078631610      o
   -6.48946832798720     -4.70817526633789      7.22103043320155      c
   -4.71551984384483     -5.43927342607608      5.90837653805191      o
   -7.57414925854005     -6.02404506107858      8.40370125828704      h
   -1.87726365411521      1.25040664944325      1.99923938098348      h
  -.70639353616092D-05  -.59441545337657D-04  -.45057495257930D-04
  -.10545263344819D-04  -.22316204405937D-03  -.10094672058802D-03
  0.11575405302586D-03  0.51626976594478D-04  0.83486690103662D-05
  -.42879990557944D-04  0.17042286086186D-03  0.20509556383229D-03
  -.49577677994628D-04  -.59471353497861D-04  0.13143869145638D-04
  0.97445236370841D-04  0.11530630802004D-03  -.30692181732683D-04
  -.11079358439364D-03  0.35856452760052D-04  -.71496849171945D-04
  0.10435778037610D-04  -.57345714335303D-04  0.25079720158430D-04
  -.46179999295085D-04  0.92462688474640D-04  0.28982830101831D-04
  0.62667993407498D-04  -.83215261057909D-04  -.54963784289958D-04
  cycle =     27    SCF energy =     -379.7718271580   |dE/dxyz| =  0.000493
   -2.94127175883312     -0.05906299428899      3.20780611840882      c
   -2.10730689711340     -2.38858898915924      3.01062104930035      o
   -4.69140866379518      0.67893651280521      4.54851979793267      o
   -3.12959878157134     -3.57080281535048      4.15419032274248      h
   -6.29002273255666     -1.18906203229165      6.29657146471238      h
   -7.32765744298528     -2.37960075819760      7.41684685532193      o
   -6.48945952711293     -4.70784829264042      7.22140747030738      c
   -4.71619483368505     -5.43890306330209      5.90764513490094      o
   -7.57352583254617     -6.02402796829095      8.40434239584753      h
   -1.87655116083994      1.25108244186866      2.00081144452933      h
  0.30474573452760D-04  -.72270861934801D-04  -.86241320895186D-04
  0.79297744549012D-04  -.19147334224762D-03  -.11696924974428D-03
  0.59208893602947D-04  -.25846248208339D-06  -.61693980557553D-06
  -.10440239145621D-03  0.18860979580980D-03  0.22207727984482D-03
  -.38281217499339D-05  -.51727092397202D-05  -.51456362762811D-04
  0.47372489973663D-04  0.67054736383044D-04  0.54616142556085D-04
  -.14094557281971D-03  0.98964275958346D-04  0.12194759836048D-04
  0.37393348730319D-04  -.97045107116833D-04  -.57259280912936D-04
  -.47085940050678D-04  0.67991431284664D-04  0.24849186167394D-04
  0.60383204999598D-04  -.71752375954831D-04  -.21796484012772D-04
$end
