$energy      SCF               SCFKIN            SCFPOT            MP2
     1 -567.0336055592      566.950658     -1133.98426     -.6810624199446
     2 -567.0339916720      566.998947     -1134.03294     -.6810297243517
     3 -567.0340286320      567.014017     -1134.04805     -.6810247200675
     4 -567.0340466536      567.017558     -1134.05160     -.6810230755215
     5 -567.0340697313      567.020503     -1134.05457     -.6810214351603
     6 -567.0340927879      567.020418     -1134.05451     -.6810185583428
     7 -567.0341226155      567.028476     -1134.06260     -.6810134242014
     8 -567.0341227355      567.028729     -1134.06285     -.6810132741551
     9 -567.0341227552      567.028788     -1134.06291     -.6810132184438
$end
