$energy      SCF               SCFKIN            SCFPOT            MP2
     1 -567.0333986263      566.952639     -1133.98604     -.6816485461444
     2 -567.0337846130      567.000803     -1134.03459     -.6816143138956
     3 -567.0338224430      567.015861     -1134.04968     -.6816084047508
     4 -567.0338409803      567.019407     -1134.05325     -.6816062775882
     5 -567.0338644757      567.022354     -1134.05622     -.6816043868369
     6 -567.0338869924      567.022260     -1134.05615     -.6816020199507
     7 -567.0339165769      567.030321     -1134.06424     -.6815972024750
     8 -567.0339166913      567.030586     -1134.06450     -.6815970645995
     9 -567.0339167139      567.030647     -1134.06456     -.6815970210604
$end
