$dipgrad          cartesian dipole gradients
  0.36615379131430D-01  0.19944333977194D-04  -.10915683557849D-03
  -.73675641453365D-04  0.36522895339265D-01  0.64171167450110D-04
  0.11435568326677D-03  -.64161113557816D-04  0.36441461385455D-01
  -.14969302342586D+00  -.52769390762812D-04  0.55299032084405D-04
  0.58138289308954D-01  0.28249909775228D-01  -.59937789308078D-03
  -.69103301037594D-02  0.36060644369025D-02  0.63700945690917D-01
  0.67132452351790D-01  -.45028915926868D-01  0.57458535236465D-01
  -.81659943359833D-01  0.55670044550026D-01  0.73416080695557D-01
  0.45809869863744D-01  0.80603466631166D-01  -.92043833245622D-01
  0.63345782820677D-01  -.52012060962573D-01  -.53029956990864D-01
  -.26081392493195D-01  -.46938793293374D-02  -.87576057431089D-01
  -.73451836596159D-01  -.77027972141400D-01  -.66902204933768D-01
  -.17400590878296D-01  0.97073801946313D-01  -.43747204421134D-02
  0.49676722185411D-01  -.11574897033522D+00  0.14695183461160D-01
  0.34437941152883D-01  -.71173978130987D-02  0.58803631102910D-01
$end
