$hessian (projected)
 1  1   0.5491596627  -0.0000247479  -0.0000106529  -0.3098587352  -0.0000034804
 1  2   0.0000037415  -0.0797660897  -0.0350945986   0.0733922507  -0.0797661664
 1  3  -0.0459872938  -0.0670728238  -0.0797686714   0.0811101208  -0.0063125154
 2  1  -0.0000247479   0.5491612355  -0.0000079641  -0.0000004924  -0.0510010441
 2  2  -0.0000066540  -0.0350961627  -0.0938202082   0.0895356181  -0.0459936176
 2  3  -0.1245924453  -0.1072877872   0.0811150206  -0.2797475379   0.0177667872
 3  1  -0.0000106529  -0.0000079641   0.5490719311  -0.0000002079  -0.0000100754
 3  2  -0.0510013307   0.0733869195   0.0895400924  -0.2382544584  -0.0670645260
 3  3  -0.1072847014  -0.2074329346  -0.0063115327   0.0177626485  -0.0523832075
 4  1  -0.3098587352  -0.0000004924  -0.0000002079   0.3376168873   0.0000029715
 4  2  -0.0000029042  -0.0092517134   0.0000831065  -0.0001752789  -0.0092490410
 4  3   0.0001060441   0.0001606970  -0.0092573978  -0.0001916298   0.0000176940
 5  1  -0.0000034804  -0.0510010441  -0.0000100754   0.0000029715   0.0486315013
 5  2   0.0000042422  -0.0145932958  -0.0003707477  -0.0014359540  -0.0191335962
 5  3   0.0001231926   0.0017252764   0.0337274009   0.0026170979  -0.0002834891
 6  1   0.0000037415  -0.0000066540  -0.0510013307  -0.0000029042   0.0000042422
 6  2   0.0486337745   0.0305196278  -0.0014375757   0.0019489766  -0.0279006134
 6  3   0.0017214491   0.0014545853  -0.0026198516  -0.0002814616  -0.0010360057
 7  1  -0.0797660897  -0.0350961627   0.0733869195  -0.0092517134  -0.0145932958
 7  2   0.0305196278   0.0807414717   0.0391811336  -0.0819340900   0.0041387030
 7  3   0.0065633413  -0.0103605061   0.0041376284   0.0039449836  -0.0116119512
 8  1  -0.0350945986  -0.0938202082   0.0895400924   0.0000831065  -0.0003707477
 8  2  -0.0014375757   0.0391811336   0.0964363189  -0.0999642061   0.0080875424
 8  3   0.0091527092  -0.0162462137  -0.0122571839  -0.0113980721   0.0281079031
 9  1   0.0733922507   0.0895356181  -0.2382544584  -0.0001752789  -0.0014359540
 9  2   0.0019489766  -0.0819340900  -0.0999642061   0.2576838334   0.0092214394
 9  3   0.0115338186  -0.0209607893  -0.0005043212   0.0003307235  -0.0004175623
10  1  -0.0797661664  -0.0459936176  -0.0670645260  -0.0092490410  -0.0191335962
10  2  -0.0279006134   0.0041387030   0.0080875424   0.0092214394   0.0807336326
10  3   0.0513536204   0.0748757959   0.0041428717   0.0056860511   0.0108679041
11  1  -0.0459872938  -0.1245924453  -0.1072847014   0.0001060441   0.0001231926
11  2   0.0017214491   0.0065633413   0.0091527092   0.0115338186   0.0513536204
11  3   0.1307848785   0.1197832552  -0.0120357120  -0.0154683350  -0.0257538215
12  1  -0.0670728238  -0.1072877872  -0.2074329346   0.0001606970   0.0017252764
12  2   0.0014545853  -0.0103605061  -0.0162462137  -0.0209607893   0.0748757959
12  3   0.1197832552   0.2232779459   0.0023968370   0.0020254694   0.0036611926
13  1  -0.0797686714   0.0811150206  -0.0063115327  -0.0092573978   0.0337274009
13  2  -0.0026198516   0.0041376284  -0.0122571839  -0.0005043212   0.0041428717
13  3  -0.0120357120   0.0023968370   0.0807455691  -0.0905495256   0.0070388685
14  1   0.0811101208  -0.2797475379   0.0177626485  -0.0001916298   0.0026170979
14  2  -0.0002814616   0.0039449836  -0.0113980721   0.0003307235   0.0056860511
14  3  -0.0154683350   0.0020254694  -0.0905495256   0.3039968471  -0.0198373798
15  1  -0.0063125154   0.0177667872  -0.0523832075   0.0000176940  -0.0002834891
15  2  -0.0010360057  -0.0116119512   0.0281079031  -0.0004175623   0.0108679041
15  3  -0.0257538215   0.0036611926   0.0070388685  -0.0198373798   0.0501755829
$end
