$vibrational normal modes
 1  1  -0.1147103614   0.0121597500  -0.0038555853   0.3538310226   0.0287669499
 1  2   0.0176937649   0.0496309544   0.0879970956  -0.0735185164  -0.0000317830
 1  3  -0.0000146176   0.0000408242  -0.0291677978   0.0666518730  -0.0563490062
 2  1   0.0253857663   0.0533981300   0.0053199722  -0.0158330364   0.4167564846
 2  2  -0.0039161427   0.0850992231  -0.0819582529  -0.0406509400   0.0000009397
 2  3   0.0000103638   0.0001555809  -0.0357421213   0.0450805790   0.0718248990
 3  1   0.0928448277   0.0513443166   0.2589638569   0.0734923821  -0.0363707917
 3  2  -0.1179231371  -0.0768571894  -0.0339242633  -0.0924921806  -0.0000059255
 3  3  -0.0000216861   0.0000867376  -0.0796212211  -0.0446487941  -0.0115958811
 4  1  -0.1147063990   0.0121774666  -0.0038636627   0.3538323858   0.0287603926
 4  2   0.0176944319   0.0363626147   0.0644870255  -0.0538749125  -0.0000435115
 4  3  -0.0000052873   0.4996225226   0.2740788436  -0.6246251128   0.5272624257
 5  1  -0.1854534265  -0.4673605294   0.3392661047  -0.1202467960   0.6192059189
 5  2   0.0285996541  -0.4115127404   0.3963559076   0.1964227891   0.1508687869
 5  3   0.4766373559   0.0000478242  -0.0076583566   0.0096732626   0.0154085948
 6  1  -0.3030223223   0.3522405346   0.5955028331  -0.2191575942  -0.1001099706
 6  2   0.1492348294   0.3715294635   0.1639321596   0.4472628749  -0.4766604593
 6  3   0.1510107442   0.0000241204  -0.0170978248  -0.0095801186  -0.0025068540
 7  1   0.1362431232  -0.4555754535  -0.1542883858   0.5602801106   0.1653220683
 7  2  -0.1963312343  -0.0237191890  -0.3794410059   0.4254001709  -0.4666629257
 7  3  -0.0654462348  -0.1666697059  -0.1453764981  -0.2363937633  -0.0767362164
 8  1   0.4044402300   0.1827041676   0.0268292252   0.1737391639   0.3355820019
 8  2   0.4319935768  -0.1475136362   0.4525398137   0.2818153430   0.1338945796
 8  3  -0.4367047947  -0.2033350533  -0.1774093773  -0.2961877022  -0.0634624722
 9  1   0.3724495418  -0.0701379616   0.2102920432   0.2450505241  -0.0216679404
 9  2   0.0066359487  -0.1802064283   0.0462721829   0.2690775413  -0.1188749623
 9  3  -0.2345127045   0.4253136331   0.3378781984   0.6300406268   0.1624424559
10  1  -0.5349429659  -0.0315920890   0.4359113404   0.0706046251   0.0871690401
10  2   0.2427760551  -0.2358636752  -0.5010566527   0.1362955675   0.2902963437
10  3  -0.3714688558  -0.1671961654   0.2830753906  -0.0224401021  -0.0454201907
11  1  -0.1865947474   0.2674780333  -0.2274265921  -0.1225062042   0.3617834509
11  2  -0.4231504842  -0.4050042801   0.2751821463  -0.1539401315  -0.3830362925
11  3  -0.1796214016  -0.2674413061   0.4551904285  -0.0490824114  -0.0379832839
12  1   0.4183911632  -0.0767258720   0.2300599228   0.2680771512  -0.0237051366
12  2   0.0731139945   0.3809522713  -0.0123083240  -0.0641321832   0.1382279319
12  3   0.2824327672  -0.3899706206   0.6577859792  -0.0952389294  -0.0802827248
13  1   0.0545701620   0.5236249845  -0.2931861923   0.4306109369  -0.1661828330
13  2   0.0066321830  -0.3681910407  -0.2325784269   0.3682389057   0.1767888259
13  3   0.4370945642  -0.1662431194  -0.0642090639   0.0892233914   0.2663587734
14  1   0.0691563293   0.2307711194  -0.1173873569   0.0056843548   0.3504539684
14  2  -0.0531002534  -0.0500268380  -0.1474487320   0.1601058382   0.0982617280
14  3   0.1395653441   0.4688746056   0.1557867877  -0.2015913550  -0.7698411242
15  1  -0.1164383221   0.0000000000   0.0000000000   0.0000000000   0.0000000000
15  2  -0.7006778124   0.3435686477   0.2063515439   0.4499450609   0.4573780991
15  3  -0.1986723919  -0.0364007138  -0.0297857050   0.0068214023   0.0585257066
$end
