$coord
   -9.67925745631395      5.90390109433106     -0.00000000588608  c
  -10.12311336920070      3.40077992000759     -0.00009907802997  c
   -7.37218731713894      6.97155637569132      0.00009898809524  c
   -5.15772759822110      5.26558213080531     -0.00009909716021  c
   -5.60152112298220      2.76237161150487     -0.00000010222547  c
   -7.90870946030209      1.69470226948041      0.00009896334618  c
   -6.91752651049393      8.96964338713972      0.00039584083619  h
   -3.34173325319462      6.21489418746066     -0.00039565969447  h
   -8.36343207639982     -0.30340687870176      0.00039588885160  h
  -11.93914025999204      2.45152822077847     -0.00039573813304  h
$redundant
     number_of_atoms            10
     degrees_of_freedom         24
     internal_coordinates       24
     frozen_coordinates          0
# definitions of redundant internals
   1 k  1.0000000000000 stre   3    7           val=   2.04916
   2 k -0.7071067811865 bend   1    7    3      val=  -6.43108
        0.7071067811865 bend   4    7    3
   3 k  1.0000000000000 outp   7    4    1    3 val=  -0.00239
   4 k  1.0000000000000 stre   4    8           val=   2.04915
   5 k -0.7071067811865 bend   5    8    4      val=  -6.43005
        0.7071067811865 bend   3    8    4
   6 k  1.0000000000000 outp   8    3    5    4 val=  -0.00238
   7 k  1.0000000000000 stre   6    9           val=   2.04920
   8 k  0.7071067811865 bend   5    9    6      val=   6.43102
       -0.7071067811865 bend   2    9    6
   9 k  1.0000000000000 outp   9    2    5    6 val=  -0.00239
  10 k  1.0000000000000 stre   2   10           val=   2.04915
  11 k  0.7071067811865 bend   1   10    2      val=   6.43019
       -0.7071067811865 bend   6   10    2
  12 k  1.0000000000000 outp  10    6    1    2 val=  -0.00238
  13 k  1.0000000000000 stre   1    3           val=   2.54214
  14 k  1.0000000000000 stre   3    4           val=   2.79539
  15 k  1.0000000000000 stre   4    5           val=   2.54225
  16 k  1.0000000000000 stre   5    6           val=   2.54225
  17 k  1.0000000000000 stre   6    2           val=   2.79540
  18 k  1.0000000000000 stre   2    1           val=   2.54217
  19 k -0.2886751345948 bend   1    4    3      val=   3.66561
       -0.2886751345948 bend   3    5    4
        0.5773502691896 bend   4    6    5
       -0.2886751345948 bend   5    2    6
       -0.2886751345948 bend   6    1    2
        0.5773502691896 bend   2    3    1
  20 k  0.5000000000000 bend   1    4    3      val=  -0.00049
       -0.5000000000000 bend   3    5    4
        0.5000000000000 bend   5    2    6
       -0.5000000000000 bend   6    1    2
  21 k -0.4082482904639 bend   1    4    3      val=   0.00006
        0.4082482904639 bend   3    5    4
       -0.4082482904639 bend   4    6    5
        0.4082482904639 bend   5    2    6
       -0.4082482904639 bend   6    1    2
        0.4082482904639 bend   2    3    1
  22 k -0.2886751345948 tors   3    4    5    6 val=  -0.00693
       -0.2886751345948 tors   4    5    6    2
        0.5773502691896 tors   5    6    2    1
       -0.2886751345948 tors   6    2    1    3
       -0.2886751345948 tors   2    1    3    4
        0.5773502691896 tors   1    3    4    5
  23 k  0.5000000000000 tors   3    4    5    6 val=   0.00000
       -0.5000000000000 tors   4    5    6    2
        0.5000000000000 tors   6    2    1    3
       -0.5000000000000 tors   2    1    3    4
  24 k -0.4082482904639 tors   3    4    5    6 val=   0.00000
        0.4082482904639 tors   4    5    6    2
       -0.4082482904639 tors   5    6    2    1
        0.4082482904639 tors   6    2    1    3
       -0.4082482904639 tors   2    1    3    4
        0.4082482904639 tors   1    3    4    5
        24 non zero eigenvalues  of BmBt
           1           9.685527726    1    0
         1
           2           5.057183490    2    0
         2
           3           4.122202894    3    0
         3
           4           3.931386698    4    0
         4
           5           3.543765028    5    0
         5
           6           3.361655984    6    0
         6
           7           3.291134450    7    0
         7
           8           2.731644107    8    0
         8
           9           2.609880986    9    0
         9
          10           2.370577201   10    0
        10
          11           1.904725537   11    0
        11
          12           1.223421323   12    0
        12
          13           1.151804751   13    0
        13
          14           0.990628696   14    0
        14
          15           0.781605544   15    0
        15
          16           0.713836083   16    0
        16
          17           0.359880842   17    0
        17
          18           0.348701174   18    0
        18
          19           0.327615979   19    0
        19
          20           0.322039042   20    0
        20
          21           0.299592873   21    0
        21
          22           0.277879166   22    0
        22
          23           0.277795057   23    0
        23
          24           0.108243134   24    0
        24
$end
