$energy      SCF               SCFKIN            SCFPOT
     1 -230.9746818786      229.7901046921     -460.7647865707
     2 -230.9845841696      229.9005141809     -460.8850983505
     3 -230.9899848278      230.0278852966     -461.0178701244
     4 -230.9908265310      229.9744077633     -460.9652342942
     5 -230.9911592129      229.9354206795     -460.9265798924
     6 -230.9912037308      229.9352090963     -460.9264128270
     7 -230.9912063877      229.9446607732     -460.9358671609
     8 -230.9912063901      229.9448223161     -460.9360287062
     9 -230.9912063873      229.9448213241     -460.9360277114
$end
