$dipgrad          cartesian dipole gradients
  -.46142327865340D+00  0.42594881447794D-01  -.79761533502372D-01
  0.52063918895226D-01  -.40895045424912D+00  0.36747679065272D-01
  -.80430853000664D-01  0.35168293244669D-01  -.60436580202306D-01
  -.45333605045951D+00  -.56701678520607D-01  -.71240120646738D-01
  -.66319008226676D-01  -.41809506597586D+00  0.15921416824613D-01
  -.70209991994023D-01  0.17049922349663D-01  -.57345622997054D-01
  0.11601528403539D+01  -.10212590050926D-01  0.15073335462424D+00
  -.10777433402714D-01  0.19600729403433D+01  -.12246804670706D+00
  0.15009917287961D+00  -.12175626663603D+00  0.38032993858055D+00
  -.45354380974922D+00  -.56638328545800D-01  -.71239488475139D-01
  -.65893152145190D-01  -.41828384581116D+00  0.15897807000808D-01
  -.70926715358965D-01  0.17337688349245D-01  -.57318353772894D-01
  -.46113846165890D+00  0.42495436223824D-01  -.79777467434125D-01
  0.52568743378958D-01  -.40916356667928D+00  0.36712151830359D-01
  -.80341598448922D-01  0.35128098938773D-01  -.60440924137219D-01
  0.11606658377531D+01  -.10434551687198D-01  0.15070610155628D+00
  -.10687566052769D-01  0.19600532097440D+01  -.12242683162028D+00
  0.15116725075230D+00  -.12213024191416D+00  0.38027484883828D+00
  -.24509155852511D+00  0.24205785615155D-01  0.25832954975735D-03
  0.24639140660337D-01  -.11328691104035D+01  0.69789581523539D-01
  0.15547751680979D-02  0.69077491554273D-01  -.26259158386729D+00
  -.24628551902639D+00  0.24691045519128D-01  0.32082432807695D-03
  0.24405356894108D-01  -.11327641069351D+01  0.69826242082756D-01
  -.91203999742117D-03  0.70125014113564D-01  -.26247172240731D+00
$end
