$grad          cartesian gradients
  cycle =      1    SCF energy =     -378.5718083308   |dE/dxyz| =  0.189180
  -11.89390848755453      5.04298172645722      0.03351379934633      c
  -11.82951549323014      2.78550538995491      0.21337464054148      c
   -9.81732585670521      6.96805070676778      0.27078550765288      c
   -7.64115826781844      5.21932995308091      0.80055513708927      c
   -7.57678462668030      2.96185068520236      0.98038581317544      c
   -9.65323078368644      1.03672220192446      0.74244043460982      c
   -9.59391410826035     -1.15428252273319      0.91567622227888      o
   -9.87637111606753      9.15894557525718      0.09606957848458      o
  0.12707850317874D-01  -.67725034361112D-01  0.73751879828851D-02
  0.88996066367583D-02  0.68682432393062D-01  -.34573658829763D-02
  -.14521900042437D-02  0.55400649491824D-01  -.44132000105820D-02
  -.89077375514048D-02  -.68680486431956D-01  0.34513159225739D-02
  -.12698554970936D-01  0.67727894701972D-01  -.73772679241453D-02
  0.14568969879027D-02  -.55381074741457D-01  0.43829741450834D-02
  -.19560469556523D-02  0.71803575073742D-01  -.56945956482915D-02
  0.19499314304707D-02  -.71827908795126D-01  0.57328468096860D-02
  cycle =      2    SCF energy =     -378.5824587910   |dE/dxyz| =  0.036059
  -11.92301112150896      5.07196537566356      0.02590644501425      c
  -11.85721854510769      2.75385014165380      0.21028593436488      c
   -9.81858700810255      7.01571820330140      0.26711810451077      c
   -7.61335116160560      5.25093731991688      0.80313909951250      c
   -7.54761877413595      2.93282589394389      0.98758735700713      c
   -9.65197758783376      0.98905791969038      0.74615049177502      c
   -9.59115794289407     -1.25772727786946      0.92443012353296      o
   -9.87928659881436      9.26247613961118      0.08818357746117      o
  0.10910774455080D-02  -.13079334360672D-01  0.11770411591821D-02
  0.42917533980394D-03  0.13158921814013D-01  -.87867134445818D-03
  -.33470176724029D-03  0.13735082568999D-01  -.10753128810547D-02
  -.43161934019281D-03  -.13160782065487D-01  0.87305793561718D-03
  -.10871009631141D-02  0.13077971514225D-01  -.11798877697342D-02
  0.33207910447106D-03  -.13732704170902D-01  0.10896404112227D-02
  -.31995192408785D-03  0.10567298501196D-01  -.84734098918449D-03
  0.32099073058633D-03  -.10566440415118D-01  0.84124033861865D-03
  cycle =      3    SCF energy =     -378.5828086324   |dE/dxyz| =  0.009577
  -11.93036932000213      5.07708037924611      0.02416690420140      c
  -11.86479527272333      2.74786459318153      0.20921897686511      c
   -9.81833720686606      7.01082702455331      0.26753670831143      c
   -7.60574587098874      5.25691694303309      0.80407929110722      c
   -7.54024260212007      2.92770460602145      0.98920025750821      c
   -9.65222064186840      0.99394353585899      0.74569532894137      c
   -9.59096341062706     -1.26277023761729      0.92503245517931      o
   -9.87953441480716      9.26753687163444      0.08787121106462      o
  -.56709523588774D-03  -.28922832758208D-02  0.11733603240144D-03
  -.66567252329019D-03  0.28617109994813D-02  -.31274508229190D-03
  -.10571569681506D-03  0.48188596940924D-02  -.37126578579676D-03
  0.66487091998974D-03  -.28619083617497D-02  0.30949754372739D-03
  0.56857153150831D-03  0.28922852228997D-02  -.11795940419357D-03
  0.10440832888647D-03  -.48217535175879D-02  0.37901282309760D-03
  -.98197372492489D-04  0.22366622328717D-02  -.18358310776423D-03
  0.98805262687907D-04  -.22335532348870D-02  0.17959436265930D-03
  cycle =      4    SCF energy =     -378.5828541847   |dE/dxyz| =  0.001648
  -11.93071479816808      5.07853762938702      0.02402268961407      c
  -11.86550068527477      2.74620637540202      0.20909417215500      c
   -9.81801621753057      7.00322540832502      0.26817435991299      c
   -7.60502189894979      5.25857040821149      0.80412281952423      c
   -7.53988332884370      2.92624147281952      0.98925031252234      c
   -9.65253631569308      1.00154407051749      0.74502867022247      c
   -9.59098565689770     -1.25901300157783      0.92490443190528      o
   -9.87954983864526      9.26379135282690      0.08820367732229      o
  -.24176726975710D-03  0.76794638672573D-03  -.92697236878159D-04
  -.15594334006996D-03  -.76216132458926D-03  0.49943733529484D-04
  0.11484715718491D-04  0.28726486124341D-03  -.17135729146245D-04
  0.16048443428851D-03  0.75857289794995D-03  -.49909749216093D-04
  0.23746361731905D-03  -.77178480955720D-03  0.93091435735659D-04
  -.11400519080051D-04  -.29496196175358D-03  0.18180595279887D-04
  -.31715242715002D-04  -.79946848760448D-04  0.30206713697578D-05
  0.31380284499588D-04  0.95059533105235D-04  -.45276512756764D-05
  cycle =      5    SCF energy =     -378.5828558827   |dE/dxyz| =  0.000288
  -11.93010828027778      5.07814009328022      0.02420199682236      c
  -11.86504962755633      2.74662851779340      0.20910151360185      c
   -9.81794459961573      7.00195308932189      0.26829871859070      c
   -7.60548006513667      5.25816012617083      0.80411420970305      c
   -7.54048138558017      2.92665052911704      0.98905981992095      c
   -9.65260730774297      1.00281111531585      0.74490233372080      c
   -9.59098572122407     -1.25775814957972      0.92484756197821      o
   -9.87955175286922      9.26251839449213      0.08827497884074      o
  -.35560583678557D-04  0.15273884458253D-03  -.81783049294404D-05
  0.48555761023028D-06  -.12016568297091D-03  0.30205681980748D-04
  0.10967186481976D-04  -.13563341398275D-04  0.40743793106868D-05
  0.31822625828903D-06  0.12159027752937D-03  -.30799571146323D-04
  0.34640351735574D-04  -.15125749804695D-03  0.87493564585872D-05
  -.10998996353817D-04  0.13153454844927D-04  -.39232947368073D-05
  -.32554536832929D-04  0.35860011034505D-05  -.33995011587407D-05
  0.32691656990644D-04  -.61093131469847D-05  0.32437185210794D-05
  cycle =      6    SCF energy =     -378.5828557004   |dE/dxyz| =  0.000119
  -11.92994820009691      5.07804307471391      0.02426337566091      c
  -11.86499087292328      2.74668265063743      0.20906299287905      c
   -9.81790890773622      7.00202053240992      0.26831718516323      c
   -7.60553688761059      5.25810082702237      0.80413571485114      c
   -7.54063595242114      2.92674210258210      0.98897673202990      c
   -9.65264347825816      1.00274661415868      0.74488594468067      c
   -9.59096482540143     -1.25778553460961      0.92489779193330      o
   -9.87957961555521      9.26255344899684      0.08826139598046      o
  -.36309061378026D-04  0.96321270487421D-06  0.56731709846547D-05
  0.25745136517097D-04  0.34287771587760D-04  0.20213260856966D-04
  0.37630148506218D-04  0.27712829802407D-04  0.64207660658289D-05
  -.21636344671339D-04  -.34418243193612D-04  -.20312297857511D-04
  0.32327564444212D-04  -.13512952239114D-05  -.61923735997921D-05
  -.37341657805473D-04  -.34226015369454D-04  -.65715927028975D-05
  -.27518925358128D-04  0.25284397176917D-04  -.14762211391073D-05
  0.27093155523739D-04  -.18264862275602D-04  0.22278514011376D-05
$end
