$hessian (projected)
 1  1   0.1422895461   0.0575827413   0.0163385422   0.0321392475   0.0027708378
 1  2   0.0076579334  -0.0954749362  -0.0340984898  -0.0048654860  -0.0573630845
 1  3   0.0109533835  -0.0142702348  -0.0151796338   0.0059888849  -0.0038038186
 1  4  -0.0206383648  -0.0011775925  -0.0035126747  -0.0004784104  -0.0020917761
 1  5   0.0001675945   0.0147056360  -0.0399279890   0.0022881441
 2  1   0.0575827413   1.0282270769  -0.0634911638   0.0504084838  -0.9017457151
 2  2   0.0753006943  -0.0399973739  -0.0742718540  -0.0059138393  -0.0176954141
 2  3   0.0278135813  -0.0041076077   0.0059891207  -0.0037693885   0.0015969948
 2  4  -0.0254596289  -0.0151616513  -0.0036341818   0.0033665962   0.0007025711
 2  5   0.0005396942  -0.0341945252  -0.0617946204  -0.0002905907
 3  1   0.0163385422  -0.0634911638   0.0375863119   0.0041327206   0.0665620827
 3  2  -0.0148138160  -0.0044021843  -0.0048190415  -0.0558004058  -0.0121717021
 3  3   0.0011439085   0.0137240809  -0.0038040400   0.0015968490   0.0023896422
 3  4  -0.0017336023   0.0008206572  -0.0014459823  -0.0002178017  -0.0004849175
 3  5  -0.0006079719   0.0018580676  -0.0013283746   0.0189681409
 4  1   0.0321392475   0.0504084838   0.0041327206   0.1515528211  -0.1030344547
 4  2   0.0299350072  -0.0219700744   0.0002040204  -0.0038618591  -0.0149027797
 4  3  -0.0071307063  -0.0027870021  -0.0573638713  -0.0176949104  -0.0121719581
 4  4  -0.0995021337   0.0315461180  -0.0103996486   0.0103877857   0.0436456419
 4  5  -0.0047515357  -0.0003409952   0.0020558072  -0.0000957241
 5  1   0.0027708378  -0.9017457151   0.0665620827  -0.1030344547   1.0151001438
 5  2  -0.0919889468   0.0244932147  -0.0131236102   0.0053964260  -0.0071303800
 5  3  -0.0048995702  -0.0007372512   0.0109528026   0.0278132695   0.0011441873
 5  4   0.0374695313  -0.0684466441   0.0078750909   0.0379276360  -0.0552700339
 5  5   0.0124522758  -0.0034491876   0.0005721602  -0.0007038647
 6  1   0.0076579334   0.0753006943  -0.0148138160   0.0299350072  -0.0919889468
 6  2   0.0421654215  -0.0056486565   0.0009319298  -0.0021352299  -0.0027870879
 6  3  -0.0007369645   0.0027170565  -0.0142711703  -0.0041080389   0.0137234445
 6  4  -0.0108570104   0.0067989078  -0.0577969734  -0.0043285851   0.0135149271
 6  5   0.0167153854   0.0002995696   0.0002874912  -0.0005752887
 7  1  -0.0954749362  -0.0399973739  -0.0044021843  -0.0219700744   0.0244932147
 7  2  -0.0056486565   0.2738289216  -0.0159679611   0.0235958522  -0.0995012331
 7  3   0.0374681415  -0.0108569091  -0.0206380756  -0.0254610793  -0.0017339868
 7  4   0.0650143310   0.0028684588   0.0080326233  -0.0135612561  -0.0005489417
 7  5  -0.0017066644  -0.0876976771   0.0171455411  -0.0072800745
 8  1  -0.0340984898  -0.0742718540  -0.0048190415   0.0002040204  -0.0131236102
 8  2   0.0009319298  -0.0159679611   0.9348623308  -0.0614404348   0.0315455631
 8  3  -0.0684430774   0.0067980219  -0.0011790386  -0.0151635071   0.0008209845
 8  4   0.0028684802  -0.0176258696   0.0033349973  -0.0006376428   0.0024781144
 8  5  -0.0006040069   0.0172650686  -0.7487125270   0.0549775497
 9  1  -0.0048654860  -0.0059138393  -0.0558004058  -0.0038618591   0.0053964260
 9  2  -0.0021352299   0.0235958522  -0.0614404348   0.1613422739  -0.0103987447
 9  3   0.0078734092  -0.0577972290  -0.0035121544  -0.0036329173  -0.0014459882
 9  4   0.0080319201   0.0033354626   0.0212264376  -0.0016992869  -0.0005989101
 9  5  -0.0043770184  -0.0072902411   0.0549808038  -0.0610128402
10  1  -0.0573630845  -0.0176954141  -0.0121717021  -0.0149027797  -0.0071303800
10  2  -0.0027870879  -0.0995012331   0.0315455631  -0.0103987447   0.1515506457
10  3  -0.1030188247   0.0299345153   0.0321397027   0.0503958592   0.0041340868
10  4  -0.0219700358   0.0002025955  -0.0038618828  -0.0003412222   0.0020561366
10  5  -0.0000956998   0.0103880068   0.0436444643  -0.0047534848
11  1   0.0109533835   0.0278135813   0.0011439085  -0.0071307063  -0.0048995702
11  2  -0.0007369645   0.0374681415  -0.0684430774   0.0078734092  -0.1030188247
11  3   1.0150927964  -0.0920001768   0.0027584944  -0.9017452581   0.0665703608
11  4   0.0244914441  -0.0131217015   0.0053981527  -0.0034487383   0.0005722089
11  5  -0.0007042358   0.0379268060  -0.0552689795   0.0124555459
12  1  -0.0142702348  -0.0041076077   0.0137240809  -0.0027870021  -0.0007372512
12  2   0.0027170565  -0.0108569091   0.0067980219  -0.0577972290   0.0299345153
12  3  -0.0920001768   0.0421676595   0.0076596433   0.0753101035  -0.0148149476
12  4  -0.0056494734   0.0009309479  -0.0021355659   0.0002996587   0.0002879235
12  5  -0.0005752623  -0.0043301978   0.0135180389   0.0167142078
13  1  -0.0151796338   0.0059891207  -0.0038040400  -0.0573638713   0.0109528026
13  2  -0.0142711703  -0.0206380756  -0.0011790386  -0.0035121544   0.0321397027
13  3   0.0027584944   0.0076596433   0.1422888780   0.0575964761   0.0163393838
13  4  -0.0954755320  -0.0340987854  -0.0048655495   0.0147067913  -0.0399277030
13  5   0.0022863090  -0.0004782594  -0.0020913668   0.0001675781
14  1   0.0059888849  -0.0037693885   0.0015968490  -0.0176949104   0.0278132695
14  2  -0.0041080389  -0.0254610793  -0.0151635071  -0.0036329173   0.0503958592
14  3  -0.9017452581   0.0753101035   0.0575964761   1.0282337295  -0.0634959377
14  4  -0.0399982871  -0.0742755635  -0.0059151509  -0.0341939188  -0.0617958406
14  5  -0.0002945966   0.0033669754   0.0007025587   0.0005396890
15  1  -0.0038038186   0.0015969948   0.0023896422  -0.0121719581   0.0011441873
15  2   0.0137234445  -0.0017339868   0.0008209845  -0.0014459882   0.0041340868
15  3   0.0665703608  -0.0148149476   0.0163393838  -0.0634959377   0.0375875251
15  4  -0.0044022536  -0.0048188074  -0.0557998175   0.0018564427  -0.0013328069
15  5   0.0189681360  -0.0002178961  -0.0004849754  -0.0006079945
16  1  -0.0206383648  -0.0254596289  -0.0017336023  -0.0995021337   0.0374695313
16  2  -0.0108570104   0.0650143310   0.0028684802   0.0080319201  -0.0219700358
16  3   0.0244914441  -0.0056494734  -0.0954755320  -0.0399982871  -0.0044022536
16  4   0.2738303311  -0.0159745072   0.0235970629  -0.0876973752   0.0171518836
16  5  -0.0072801763  -0.0135612207  -0.0005489159  -0.0017064670
17  1  -0.0011775925  -0.0151616513   0.0008206572   0.0315461180  -0.0684466441
17  2   0.0067989078   0.0028684588  -0.0176258696   0.0033354626   0.0002025955
17  3  -0.0131217015   0.0009309479  -0.0340987854  -0.0742755635  -0.0048188074
17  4  -0.0159745072   0.9348728345  -0.0614078269   0.0172713444  -0.7487197587
17  5   0.0549446743  -0.0006376316   0.0024783542  -0.0006040154
18  1  -0.0035126747  -0.0036341818  -0.0014459823  -0.0103996486   0.0078750909
18  2  -0.0577969734   0.0080326233   0.0033349973   0.0212264376  -0.0038618828
18  3   0.0053981527  -0.0021355659  -0.0048655495  -0.0059151509  -0.0557998175
18  4   0.0235970629  -0.0614078269   0.1613354696  -0.0072905274   0.0549478105
18  5  -0.0610068960  -0.0016994033  -0.0005988918  -0.0043766721
19  1  -0.0004784104   0.0033665962  -0.0002178017   0.0103877857   0.0379276360
19  2  -0.0043285851  -0.0135612561  -0.0006376428  -0.0016992869  -0.0003412222
19  3  -0.0034487383   0.0002996587   0.0147067913  -0.0341939188   0.0018564427
19  4  -0.0876973752   0.0172713444  -0.0072905274   0.0731526895  -0.0205294135
19  5   0.0109372514   0.0038309974   0.0002441368   0.0004428484
20  1  -0.0020917761   0.0007025711  -0.0004849175   0.0436456419  -0.0552700339
20  2   0.0135149271  -0.0005489417   0.0024781144  -0.0005989101   0.0020561366
20  3   0.0005722089   0.0002879235  -0.0399277030  -0.0617958406  -0.0013328069
20  4   0.0171518836  -0.7487197587   0.0549478105  -0.0205294135   0.8638390914
20  5  -0.0666122458   0.0002441722  -0.0018063525   0.0002782192
21  1   0.0001675945   0.0005396942  -0.0006079719  -0.0047515357   0.0124522758
21  2   0.0167153854  -0.0017066644  -0.0006040069  -0.0043770184  -0.0000956998
21  3  -0.0007042358  -0.0005752623   0.0022863090  -0.0002945966   0.0189681360
21  4  -0.0072801763   0.0549446743  -0.0610068960   0.0109372514  -0.0666122458
21  5   0.0293347428   0.0004429214   0.0002784409   0.0015488846
22  1   0.0147056360  -0.0341945252   0.0018580676  -0.0003409952  -0.0034491876
22  2   0.0002995696  -0.0876976771   0.0172650686  -0.0072902411   0.0103880068
22  3   0.0379268060  -0.0043301978  -0.0004782594   0.0033669754  -0.0002178961
22  4  -0.0135612207  -0.0006376316  -0.0016994033   0.0038309974   0.0002441722
22  5   0.0004429214   0.0731535123  -0.0205216777   0.0109371798
23  1  -0.0399279890  -0.0617946204  -0.0013283746   0.0020558072   0.0005721602
23  2   0.0002874912   0.0171455411  -0.7487125270   0.0549808038   0.0436444643
23  3  -0.0552689795   0.0135180389  -0.0020913668   0.0007025587  -0.0004849754
23  4  -0.0005489159   0.0024783542  -0.0005988918   0.0002441368  -0.0018063525
23  5   0.0002784409  -0.0205216777   0.8638294064  -0.0666525330
24  1   0.0022881441  -0.0002905907   0.0189681409  -0.0000957241  -0.0007038647
24  2  -0.0005752887  -0.0072800745   0.0549775497  -0.0610128402  -0.0047534848
24  3   0.0124555459   0.0167142078   0.0001675781   0.0005396890  -0.0006079945
24  4  -0.0017064670  -0.0006040154  -0.0043766721   0.0004428484   0.0002782192
24  5   0.0015488846   0.0109371798  -0.0666525330   0.0293415623
$end
