$vibrational normal modes
 1  1   0.1914256949   0.0567001528   0.3054577922  -0.0969297765  -0.0348863737
 1  2   0.0072784159  -0.0603832698   0.4198477139  -0.0720417282  -0.0895047906
 1  3  -0.3169001971   0.4266133690  -0.1977789320   0.0954948422   0.0458167341
 1  4   0.0369583966  -0.4643920771   0.2158031515  -0.2597859572  -0.2145449397
 1  5   0.0019796759  -0.0009915313   0.0157270144   0.0198619615
 2  1   0.2291424353   0.2900369502  -0.1604341221  -0.0709967602  -0.0245702549
 2  2   0.0481699533   0.0244362143  -0.1708941022   0.0290319890   0.0363108261
 2  3   0.0109677436  -0.1781705528  -0.0260230596   0.4302205375  -0.0178506833
 2  4  -0.0147675922   0.0230141950   0.0668312136  -0.3293891880   0.0303548871
 2  5   0.0201228419   0.0188100787   0.4974421448   0.4972377561
 3  1   0.2000093033  -0.2737574802  -0.2391231473   0.1074678643  -0.2562274605
 3  2   0.4003332309   0.3260357560   0.0851171394   0.4192012823   0.4906087229
 3  3  -0.0588711441   0.0913511634  -0.0344730292  -0.0141887590  -0.2459912368
 3  4  -0.2007973176  -0.0869748480   0.0346832202  -0.0231440104  -0.0417401611
 3  5  -0.0011481074  -0.0015553410  -0.0340075826  -0.0332221635
 4  1   0.1102841585   0.0291188664   0.3450323127   0.1150382164  -0.0322047192
 4  2   0.0133613864  -0.0600207425  -0.4080530601   0.0721258826   0.0900569001
 4  3  -0.3161429656  -0.4155359481  -0.1994680370  -0.1189904020  -0.0455284644
 4  4   0.0372619451  -0.4536345201  -0.2378328018   0.2767588464  -0.2125814995
 4  5  -0.0030139412   0.0000586763   0.0433820698   0.0474396854
 5  1   0.2235751719   0.2897092391  -0.1588099176  -0.0667090030  -0.0394145984
 5  2   0.0356405254   0.0244423832  -0.2049271052  -0.0333367997  -0.0364276903
 5  3  -0.0377329951  -0.2135579496   0.0063823242   0.4212228719   0.0186729384
 5  4  -0.0146684575  -0.0633044049   0.0458685159  -0.3067288558  -0.0474543506
 5  5   0.0196441816  -0.0188147900  -0.4950871334  -0.4945274775
 6  1   0.1582528868  -0.2682090590  -0.2325239658   0.0871498754  -0.4444638105
 6  2   0.2401106278   0.3264966852  -0.0551477940  -0.4189994232  -0.4904445157
 6  3  -0.0563149093  -0.0600594863  -0.0369585429  -0.0535994887   0.2460162370
 6  4  -0.2004239899  -0.0784356128  -0.0471131434   0.0735701280  -0.0354627245
 6  5  -0.0020302708   0.0013848418   0.0446804772   0.0453655418
 7  1   0.3087050315   0.0275432847   0.2268722952  -0.2455201056  -0.0615112497
 7  2   0.0114974519  -0.0067131751   0.2408538657  -0.0455148040   0.0001178710
 7  3  -0.0681134183  -0.0040569574   0.0124181530   0.0570426682  -0.1062233878
 7  4  -0.1127341774   0.0080364301  -0.5943738435  -0.0062487955   0.6087651353
 7  5   0.0154038198  -0.0154648065  -0.0443375207   0.0013094679
 8  1   0.1308848497   0.2866606451  -0.1052905154   0.1082323367  -0.0319552860
 8  2   0.0331683689   0.0025767311   0.0101382935   0.0193134863   0.0000811148
 8  3  -0.0025078038   0.1555161321  -0.4363523362   0.0009027808   0.0426874792
 8  4   0.0455928964   0.1642872331  -0.0212949143   0.2474276052   0.0248645487
 8  5  -0.5771291666   0.5787981590  -0.0016580510  -0.0462388599
 9  1  -0.0403348152   0.0052217417   0.0062588400  -0.0196206051   0.0324444502
 9  2   0.4820994917   0.0354173479   0.0402419567   0.2616458625   0.0002124547
 9  3  -0.0119437125  -0.0119071765   0.0341333367   0.0098210727   0.5767782098
 9  4   0.6126869438  -0.0103056566  -0.1081387879  -0.0193602246   0.1102101599
 9  5   0.0459865102  -0.0461239923  -0.0080179576   0.0036889243
10  1   0.2984698785  -0.0451553366   0.2104172178  -0.0605496217  -0.0839870037
10  2   0.0253131620  -0.0599950545   0.4080409300  -0.0721163557   0.0900547661
10  3  -0.3161596969  -0.4155734182   0.1993814786   0.1189920782   0.0455180071
10  4   0.0372492825   0.4536504041   0.2378379831   0.2767381458  -0.2125803415
10  5  -0.0030136952  -0.0000585650   0.0433738582  -0.0474322109
11  1   0.0239278425   0.2827697774  -0.0476361993   0.2940548154  -0.0627984219
11  2  -0.0016240905   0.0244402472   0.2049196782   0.0333627420  -0.0364495533
11  3  -0.0377477501  -0.2135500068  -0.0064280741  -0.4212248887  -0.0186702447
11  4  -0.0146670520   0.0632938922  -0.0458753929  -0.3067363410  -0.0474600338
11  5   0.0196458214   0.0188199813  -0.4950825526   0.4945272140
12  1  -0.3461592127   0.2927090296   0.2618275637  -0.1785627973   0.0248635185
12  2   0.3118297795   0.3264282277   0.0551345173   0.4190497121  -0.4904384995
12  3  -0.0563323750  -0.0600461470   0.0369339602   0.0536151189  -0.2460013966
12  4  -0.2004461866   0.0784336802   0.0471121277   0.0735688047  -0.0354614620
12  5  -0.0020301606  -0.0013850694   0.0446859399  -0.0453707443
13  1   0.2173320364  -0.0727403896   0.2499883804   0.1514202015  -0.0813071266
13  2   0.0313968023  -0.0604057455  -0.4198618942   0.0720300024  -0.0895078515
13  3  -0.3168725240   0.4265823722   0.1978749358  -0.0954860980  -0.0458153034
13  4   0.0369431513   0.4643771032  -0.2158039321  -0.2598006582  -0.2145440661
13  5   0.0019799315   0.0009909090   0.0157341985  -0.0198690477
14  1   0.0183622909   0.2824420986  -0.0460132453   0.2983383166  -0.0776454238
14  2  -0.0141555135   0.0244431882   0.1708991133  -0.0290187929   0.0363009084
14  3   0.0109527097  -0.1781799552   0.0259837541  -0.4302198862   0.0178587946
14  4  -0.0147609296  -0.0230251527  -0.0668313115  -0.3293814935   0.0303485151
14  5   0.0201211129  -0.0188044417   0.4974419308  -0.4972423293
15  1  -0.3879096031   0.2982512481   0.2684212578  -0.1988776323  -0.1633756703
15  2   0.1516083450   0.3261043254  -0.0851243375  -0.4191534685   0.4906137880
15  3  -0.0589074866   0.0913327272   0.0344660046   0.0141670772   0.2460083797
15  4  -0.2007807978   0.0869789271  -0.0346831131  -0.0231538637  -0.0417432128
15  5  -0.0011480899   0.0015553257  -0.0340109350   0.0332254583
16  1   0.1000420244  -0.0435734833   0.3285833186   0.3000071760  -0.0546773933
16  2   0.0271759902  -0.0067284923  -0.2408529540   0.0455161495   0.0001158761
16  3  -0.0681015251  -0.0040540872  -0.0124195185  -0.0570496504   0.1062367222
16  4  -0.1127277159  -0.0080405173   0.5943668117  -0.0062527829   0.6087708103
16  5   0.0154048250   0.0154737113  -0.0443380616  -0.0013097780
17  1   0.1166193799   0.2858184490  -0.1011558876   0.1191128069  -0.0702538375
17  2   0.0008513325   0.0025916332  -0.0101384820  -0.0193113090   0.0000883778
17  3  -0.0025078181   0.1554310740   0.4363853680  -0.0009020725  -0.0426743182
17  4   0.0455678214  -0.1642767941   0.0212978270   0.2474333205   0.0248650055
17  5  -0.5769852748  -0.5789451924  -0.0016577534   0.0462471812
18  1  -0.1475703112   0.0192766769   0.0230433993  -0.0717916760  -0.4520470698
18  2   0.0698398586   0.0354612469  -0.0402427081  -0.2616409310   0.0002119865
18  3  -0.0119507833  -0.0119060462  -0.0341318498  -0.0098158248  -0.5768274326
18  4   0.6126416204   0.0103216976   0.1081410996  -0.0193737530   0.1102158888
18  5   0.0459494486   0.0461092321  -0.0080194935  -0.0036886548
19  1   0.0214688269  -0.0704243415   0.3668610232   0.5055917915  -0.0521276164
19  2   0.0330932985   0.0954404244   0.1248853440  -0.0448110001  -0.0004949666
19  3   0.5263643921  -0.0052460042  -0.0136561682   0.3227916761  -0.0300529270
19  4   0.0289187455   0.0083325967  -0.1438136550  -0.0080373192  -0.1363633067
19  5  -0.0107885934  -0.0107901035  -0.0110888572  -0.0004284168
20  1   0.1112626728   0.2855013801  -0.0996123787   0.1231630450  -0.0847220333
20  2  -0.0113542261  -0.0386177825   0.0044057187   0.0190943294   0.0000402634
20  3   0.0219875491   0.1773185473   0.4737804677   0.0148065836   0.0128205883
20  4  -0.0121144668  -0.1812201551  -0.0094939417   0.2918021024  -0.0058253760
20  5   0.4033076131   0.4009160451  -0.0005249924   0.0152552562
21  1  -0.1879078991   0.0245011638   0.0293046728  -0.0914137278  -0.6346394716
21  2  -0.0854888815  -0.5164997072   0.0197130893   0.2511351679  -0.0002861965
21  3   0.0954659696  -0.0145397287  -0.0380808774   0.0579908417   0.1650798036
21  4  -0.1587279308   0.0151780880  -0.0259484866  -0.0233035828  -0.0247815503
21  5  -0.0321095653  -0.0319218387  -0.0019933828  -0.0012081835
22  1   0.3872633364   0.0544091660   0.1886080772  -0.4511117312  -0.0640539145
22  2   0.0055774739   0.0954287710  -0.1248662765   0.0448116408  -0.0005055781
22  3   0.5263700518  -0.0052456260   0.0136501023  -0.3227942573   0.0300496929
22  4   0.0289239556  -0.0083302115   0.1438156302  -0.0080348016  -0.1363639090
22  5  -0.0107877062   0.0107838020  -0.0110887301   0.0004283581
23  1   0.1362422641   0.2869778286  -0.1068334292   0.1041846888  -0.0174774966
23  2   0.0453817594  -0.0386546428  -0.0044037635  -0.0191253461   0.0000318186
23  3   0.0219868554   0.1774074800  -0.4737414123  -0.0148060903  -0.0128385802
23  4  -0.0121314641   0.1812284368   0.0094969913   0.2917927301  -0.0058248043
23  5   0.4034068497  -0.4008137925  -0.0005249604  -0.0152578722
24  1   0.0000000000   0.0000000000   0.0000000000   0.0000000000   0.2150375532
24  2   0.6374272515  -0.5164555811  -0.0196971542  -0.2512125182  -0.0002873101
24  3   0.0954587277  -0.0145621529   0.0381034896  -0.0579902383  -0.1650668613
24  4  -0.1587388731  -0.0151917418   0.0259474332  -0.0233217572  -0.0247801812
24  5  -0.0321369797   0.0319331019  -0.0019933038   0.0012094133
$end
