$energy      SCF               SCFKIN            SCFPOT            MP2
     1 -567.0336052871      566.950675     -1133.98428     -.6810490325097
     2 -567.0339914126      566.998967     -1134.03296     -.6810163797007
     3 -567.0340283645      567.014039     -1134.04807     -.6810113930848
     4 -567.0340463806      567.017580     -1134.05163     -.6810097518013
     5 -567.0340694457      567.020525     -1134.05459     -.6810081135017
     6 -567.0340925152      567.020438     -1134.05453     -.6810052246423
     7 -567.0341223527      567.028498     -1134.06262     -.6810000752978
     8 -567.0341224728      567.028751     -1134.06287     -.6809999227105
     9 -567.0341224925      567.028809     -1134.06293     -.6809998695354
$end
