$energy      SCF               SCFKIN            SCFPOT
     1 -568.0572499363      567.1270725089     -1135.184322445
     2 -568.0572555309      567.1325322504     -1135.189787781
     3 -568.0572562732      567.1347882868     -1135.192044560
     4 -568.0572565342      567.1351167274     -1135.192373262
     5 -568.0572568245      567.1353062915     -1135.192563116
     6 -568.0572570736      567.1353676452     -1135.192624719
     7 -568.0572575230      567.1363382465     -1135.193595769
     8 -568.0572575604      567.1364662937     -1135.193723854
$end
