$energy      SCF               SCFKIN            SCFPOT            MP2
     1 -567.0335259574      566.951381     -1133.98491     -.6814544932653
     2 -567.0339119029      566.999582     -1134.03349     -.6814207088686
     3 -567.0339493564      567.014629     -1134.04858     -.6814151105716
     4 -567.0339677030      567.018183     -1134.05215     -.6814131792842
     5 -567.0339911432      567.021150     -1134.05514     -.6814114460225
     6 -567.0340138905      567.021029     -1134.05504     -.6814088700861
     7 -567.0340434466      567.029096     -1134.06314     -.6814040009017
     8 -567.0340435667      567.029360     -1134.06340     -.6814038594238
     9 -567.0340435884      567.029420     -1134.06346     -.6814038091559
$end
