$coord
    0.00000000000000      0.00000000000000      0.00000000000000  c f
   -0.00195447988919      0.00000000003864     -6.43880906885217  cl
    0.00000000000000      0.00000000000000      2.25000000000000  f f
   -0.94661442912092      1.64111190855541     -0.84661460747543  h
   -0.94661442913588     -1.64111190855438     -0.84661460746238  h
    1.89469716969517     -0.00000000000821     -0.84651428180742  h
$redundant
     number_of_atoms             6
     degrees_of_freedom         12
     internal_coordinates       13
     frozen_coordinates          1
# definitions of redundant internals
   1 k  1.0000000000000 stre   1    3           val=   2.25000
   2 k  1.0000000000000 stre   1    4           val=   2.07511
   3 k  1.0000000000000 stre   1    5           val=   2.07511
   4 k  1.0000000000000 stre   1    6           val=   2.07520
   5 k  1.0000000000000 stre   1    2           val=   6.43881
   6 k -0.3427704140588 bend   4    3    1      val=  16.27962
       -0.3427704140588 bend   5    3    1
        0.3136083887928 bend   5    4    1
       -0.3427704145259 bend   6    3    1
        0.3136083842264 bend   6    4    1
        0.3136083842264 bend   6    5    1
        0.3427704146346 bend   2    4    1
        0.3427704146346 bend   2    5    1
        0.3427704133742 bend   2    6    1
   7 k -0.2445727115410 bend   4    3    1      val=  -0.01253
       -0.2445727115410 bend   5    3    1
       -0.6463755295896 bend   5    4    1
        0.4891454212180 bend   6    3    1
        0.3231877669366 bend   6    4    1
        0.3231877669366 bend   6    5    1
       -0.0489951409798 bend   2    4    1
       -0.0489951409798 bend   2    5    1
        0.0979902858145 bend   2    6    1
   8 k -0.4236123638927 bend   4    3    1      val=   0.00000
        0.4236123638927 bend   5    3    1
       -0.5597776285075 bend   6    4    1
        0.5597776285075 bend   6    5    1
       -0.0848620750376 bend   2    4    1
        0.0848620750376 bend   2    5    1
   9 k  0.5157250995488 bend   4    3    1      val=   0.00000
       -0.5157250995488 bend   5    3    1
       -0.3377738166226 bend   6    4    1
        0.3377738166226 bend   6    5    1
       -0.3463184524387 bend   2    4    1
        0.3463184524387 bend   2    5    1
  10 k  0.2977540251891 bend   4    3    1      val=  -0.00167
        0.2977540251891 bend   5    3    1
       -0.3900276048293 bend   5    4    1
       -0.5955080530651 bend   6    3    1
        0.1950138030401 bend   6    4    1
        0.1950138030401 bend   6    5    1
       -0.1999470508253 bend   2    4    1
       -0.1999470508253 bend   2    5    1
        0.3998941036743 bend   2    6    1
  11 k -0.2336240288424 bend   4    3    1      val=   0.00000
        0.2336240288424 bend   5    3    1
        0.2693656537621 bend   6    4    1
       -0.2693656537621 bend   6    5    1
       -0.6106242361066 bend   2    4    1
        0.6106242361066 bend   2    5    1
  12 k -0.1348828956490 bend   4    3    1      val=   0.01381
       -0.1348828956490 bend   5    3    1
        0.3110366641764 bend   5    4    1
        0.2697657929857 bend   6    3    1
       -0.1555183326970 bend   6    4    1
       -0.1555183326970 bend   6    5    1
       -0.3525440666319 bend   2    4    1
       -0.3525440666319 bend   2    5    1
        0.7050881348818 bend   2    6    1
  13 f  1.0000000000000 stre   1    3           val=   2.25000
        12 non zero eigenvalues  of BmBt
           1           3.349939981    2    0
         2
           2           3.349939975    3    0
         3
           3           1.000000000    4    0
         4
           4           1.000000000    5    0
         5
           5           0.790247547    6    0
         6
           6           0.787527586    7    0
         7
           7           0.787527585    8    0
         8
           8           0.679750496    9    0
         9
           9           0.679750496   10    0
        10
          10           0.234449461   11    0
        11
          11           0.234449460   12    0
        12
          12        1000.000000000    0    1
         0.000000000         0.000000000         0.000000000         0.000000000
         0.000000000         0.000000000         0.000000000         0.000000000
         0.000000000         0.000000000         0.000000000         0.000000000
         1.000000000
$end
