$energy      SCF               SCFKIN            SCFPOT
     1 -600.3118139161      600.9786147120     -1201.290428628
     2 -600.3582083145      600.8467459450     -1201.204954259
     3 -600.4237604980      600.6580348621     -1201.081795360
     4 -600.4612460171      600.5384977677     -1200.999743785
     5 -600.4805834011      600.4454106741     -1200.925994075
     6 -600.4912780461      600.3676759746     -1200.858954021
     7 -600.4995264527      600.3114296629     -1200.810956116
     8 -600.5076631021      600.2731585511     -1200.780821653
     9 -600.5161457413      600.2485625780     -1200.764708319
    10 -600.5242215003      600.2318838392     -1200.756105339
    11 -600.5309299835      600.2140253027     -1200.744955286
    12 -600.5364902629      600.1900527722     -1200.726543035
    13 -600.5412193131      600.1595343092     -1200.700753622
    14 -600.5452678893      600.1261336884     -1200.671401578
    15 -600.5486961190      600.0928210800     -1200.641517199
    16 -600.5514706727      600.0607856914     -1200.612256364
    17 -600.5535427625      600.0314425296     -1200.584985292
    18 -600.5549831667      600.0058012545     -1200.560784421
    19 -600.5560357335      599.9812668606     -1200.537302594
    20 -600.5568610276      599.9583092970     -1200.515170325
    21 -600.5574593451      599.9390558759     -1200.496515221
    22 -600.5576437317      599.9249401140     -1200.482583846
    23 -600.5556058536      599.9534098108     -1200.509015664
    24 -600.5564779475      599.9509566722     -1200.507434620
    25 -600.5574180371      599.9424005029     -1200.499818540
    26 -600.5574890931      599.9254104446     -1200.482899538
    27 -600.5575765156      599.9229469380     -1200.480523454
    28 -600.5574384639      599.9095314949     -1200.466969959
    29 -600.5574695813      599.9185261027     -1200.475995684
    30 -600.5574746184      599.9218659966     -1200.479340615
    31 -600.5574940628      599.9239559738     -1200.481450037
    32 -600.5575220589      599.9257962795     -1200.483318338
    33 -600.5574704019      599.9192323147     -1200.476702717
    34 -600.5574827199      599.9209847554     -1200.478467475
    35 -600.5574917586      599.9218843179     -1200.479376077
    36 -600.5574923711      599.9217600796     -1200.479252451
    37 -600.5574923007      599.9217253927     -1200.479217693
$end
