$energy      SCF               SCFKIN            SCFPOT
     1 -189.8610471773      189.1092614392     -378.9703086164
     2 -189.8679771987      189.1384070380     -379.0063842367
     3 -189.8709806435      189.1637247566     -379.0347054001
     4 -189.8712763764      189.1543721877     -379.0256485640
     5 -189.8713742307      189.1414088582     -379.0127830888
     6 -189.8713757296      189.1449306986     -379.0163064282
     7 -189.8713776086      189.1441306316     -379.0155082403
     8 -189.8713776213      189.1437155430     -379.0150931643
     9 -189.8713776285      189.1438114619     -379.0151890904
$end
