$coord
  -11.92989548959518      5.07802287840009      0.02429987989203  c
  -11.86502458110302      2.74666562640377      0.20907518528940  c
   -9.81789093091591      7.00201339685390      0.26831596377277  c
   -7.60551518550752      5.25812162498384      0.80417066309729  c
   -7.54069165652150      2.92676532214717      0.98897474525413  c
   -9.65266049982780      1.00275433570646      0.74488177191482  c
   -9.59094676925621     -1.25779603268072      0.92486429764791  o
   -9.87958362727580      9.26255656409712      0.08821862631030  o
$redundant
     number_of_atoms             8
     degrees_of_freedom         18
     internal_coordinates       18
     frozen_coordinates          0
# definitions of redundant internals
   1 k  1.0000000000000 stre   6    7           val=   2.26854
   2 k  0.7071067811882 bend   5    7    6      val=   0.00088
       -0.7071067811849 bend   2    7    6
   3 k  1.0000000000000 outp   7    2    5    6 val=  -0.00565
   4 k  1.0000000000000 stre   3    8           val=   2.26855
   5 k  0.7071067811883 bend   1    8    3      val=   0.00089
       -0.7071067811848 bend   4    8    3
   6 k  1.0000000000000 outp   8    4    1    3 val=   0.00658
   7 k  1.0000000000000 stre   1    2           val=   2.33957
   8 k  1.0000000000000 stre   2    6           val=   2.86755
   9 k  1.0000000000000 stre   6    5           val=   2.86737
  10 k  1.0000000000000 stre   5    4           val=   2.33957
  11 k  1.0000000000000 stre   4    3           val=   2.86756
  12 k  1.0000000000000 stre   3    1           val=   2.86738
  13 k -0.2886751345948 bend   1    6    2      val=   7.42807
       -0.2886751345948 bend   2    5    6
        0.5773502691896 bend   6    4    5
       -0.2886751345948 bend   5    3    4
       -0.2886751345948 bend   4    1    3
        0.5773502691896 bend   3    2    1
  14 k  0.5000000000000 bend   1    6    2      val=  14.90497
       -0.5000000000000 bend   2    5    6
        0.5000000000000 bend   5    3    4
       -0.5000000000000 bend   4    1    3
  15 k -0.4082482904639 bend   1    6    2      val=  -0.00067
        0.4082482904639 bend   2    5    6
       -0.4082482904639 bend   6    4    5
        0.4082482904639 bend   5    3    4
       -0.4082482904639 bend   4    1    3
        0.4082482904639 bend   3    2    1
  16 k -0.2886751345948 tors   2    6    5    4 val=   0.00053
       -0.2886751345948 tors   6    5    4    3
        0.5773502691896 tors   5    4    3    1
       -0.2886751345948 tors   4    3    1    2
       -0.2886751345948 tors   3    1    2    6
        0.5773502691896 tors   1    2    6    5
  17 k  0.5000000000000 tors   2    6    5    4 val=  -0.00157
       -0.5000000000000 tors   6    5    4    3
        0.5000000000000 tors   4    3    1    2
       -0.5000000000000 tors   3    1    2    6
  18 k -0.4082482904639 tors   2    6    5    4 val=  -0.02940
        0.4082482904639 tors   6    5    4    3
       -0.4082482904639 tors   5    4    3    1
        0.4082482904639 tors   4    3    1    2
       -0.4082482904639 tors   3    1    2    6
        0.4082482904639 tors   1    2    6    5
        18 non zero eigenvalues  of BmBt
           1           8.910161494    1    0
         1
           2           4.295911008    2    0
         2
           3           3.639826582    3    0
         3
           4           3.575035478    4    0
         4
           5           3.205864875    5    0
         5
           6           3.028086328    6    0
         6
           7           2.718320266    7    0
         7
           8           2.144529296    8    0
         8
           9           1.999999182    9    0
         9
          10           1.774870044   10    0
        10
          11           0.808530255   11    0
        11
          12           0.803977833   12    0
        12
          13           0.720374004   13    0
        13
          14           0.660691326   14    0
        14
          15           0.636491014   15    0
        15
          16           0.283402140   16    0
        16
          17           0.278822449   17    0
        17
          18           0.154674972   18    0
        18
$end
