$energy      SCF               SCFKIN            SCFPOT            MP2
     1 -2792.270711750      2792.18053     -5584.45124     -.8073757412549
     2 -2792.271097742      2792.22880     -5584.49989     -.8073424858035
     3 -2792.271134655      2792.24385     -5584.51498     -.8073373166817
     4 -2792.271152760      2792.24740     -5584.51856     -.8073356034524
     5 -2792.271176111      2792.25036     -5584.52154     -.8073339778994
     6 -2792.271198960      2792.25025     -5584.52145     -.8073311674734
     7 -2792.271228780      2792.25831     -5584.52954     -.8073260262804
     8 -2792.271228907      2792.25859     -5584.52982     -.8073259975408
     9 -2792.271228919      2792.25863     -5584.52985     -.8073258990594
$end
