$energy      SCF               SCFKIN            SCFPOT            MP2
     1 -567.0303158762      566.975791     -1134.00611     -.6835478848424
     2 -567.0307006283      567.023651     -1134.05435     -.6835120026086
     3 -567.0307411638      567.038875     -1134.06962     -.6835040977928
     4 -567.0307598057      567.042070     -1134.07283     -.6835004666491
     5 -567.0307804764      567.044504     -1134.07528     -.6834973608064
     6 -567.0307989235      567.044706     -1134.07550     -.6834960927354
     7 -567.0308277214      567.052516     -1134.08334     -.6834916191808
     8 -567.0308278254      567.052859     -1134.08369     -.6834915728222
     9 -567.0308278609      567.052936     -1134.08376     -.6834914713559
$end
