$hessian (projected)
 1  1   1.5639350614   0.0965462828   0.0000000000  -1.5639350614  -0.0965462828
 1  2   0.0000000000
 2  1   0.0965462828   0.0059600842   0.0000000000  -0.0965462828  -0.0059600842
 2  2   0.0000000000
 3  1   0.0000000000   0.0000000000   0.0000000000   0.0000000000   0.0000000000
 3  2   0.0000000000
 4  1  -1.5639350614  -0.0965462828   0.0000000000   1.5639350614   0.0965462828
 4  2   0.0000000000
 5  1  -0.0965462828  -0.0059600842   0.0000000000   0.0965462828   0.0059600842
 5  2   0.0000000000
 6  1   0.0000000000   0.0000000000   0.0000000000   0.0000000000   0.0000000000
 6  2   0.0000000000
$end
