$energy      SCF               SCFKIN            SCFPOT            MP2
     1 -567.0336052845      566.950674     -1133.98428     -.6810503612830
     2 -567.0339914067      566.998965     -1134.03296     -.6810177014600
     3 -567.0340283606      567.014037     -1134.04807     -.6810127117467
     4 -567.0340463773      567.017576     -1134.05162     -.6810110695795
     5 -567.0340694451      567.020522     -1134.05459     -.6810094303241
     6 -567.0340925138      567.020434     -1134.05453     -.6810065424883
     7 -567.0341223484      567.028495     -1134.06262     -.6810013937481
     8 -567.0341224684      567.028748     -1134.06287     -.6810012407693
     9 -567.0341224882      567.028807     -1134.06293     -.6810011880506
$end
