$coord
    0.00000000000000      0.00000000000000      0.00000000000000  c f
    0.00348404550953      0.00000006348396     -3.38686342267145  cl
    0.00000000000000      0.00000000000000      7.75000000000000  f f
   -0.96470801290055      1.67247008189972      0.66209199173558  h
   -0.96470802027102     -1.67247014304562      0.66209197312803  h
    1.93112435671148     -0.00000002418827      0.66208786023389  h
$redundant
     number_of_atoms             6
     degrees_of_freedom         12
     internal_coordinates       13
     frozen_coordinates          1
# definitions of redundant internals
   1 k  1.0000000000000 stre   1    4           val=   2.04112
   2 k  1.0000000000000 stre   1    5           val=   2.04112
   3 k  1.0000000000000 stre   1    6           val=   2.04147
   4 k  1.0000000000000 stre   1    2           val=   3.38687
   5 k  1.0000000000000 stre   1    3           val=   7.75000
   6 k  0.3136083883753 bend   5    4    1      val=  47.51554
        0.3136083844351 bend   6    4    1
        0.3136083844351 bend   6    5    1
        0.3427704146183 bend   2    4    1
        0.3427704146183 bend   2    5    1
        0.3427704134069 bend   2    6    1
       -0.3427704144351 bend   3    4    1
       -0.3427704144351 bend   3    5    1
       -0.3427704137733 bend   3    6    1
   7 k -0.7856214649678 bend   5    4    1      val=  -0.02816
        0.3928107344228 bend   6    4    1
        0.3928107344228 bend   6    5    1
       -0.0990071530082 bend   2    4    1
       -0.0990071530082 bend   2    5    1
        0.1980143095174 bend   2    6    1
       -0.0506357394578 bend   3    4    1
       -0.0506357394578 bend   3    5    1
        0.1012714764294 bend   3    6    1
   8 k -0.6803681473982 bend   6    4    1      val=  -0.00000
        0.6803681473982 bend   6    5    1
       -0.1714854215684 bend   2    4    1
        0.1714854215684 bend   2    5    1
       -0.0877036726453 bend   3    4    1
        0.0877036726453 bend   3    5    1
   9 k  0.0569374885063 bend   6    4    1      val=  -0.00000
       -0.0569374885063 bend   6    5    1
       -0.4866473273485 bend   2    4    1
        0.4866473273485 bend   2    5    1
        0.5098357590315 bend   3    4    1
       -0.5098357590315 bend   3    5    1
  10 k -0.0657457487821 bend   5    4    1      val=   0.02057
        0.0328728746766 bend   6    4    1
        0.0328728746766 bend   6    5    1
        0.2809659649284 bend   2    4    1
        0.2809659649284 bend   2    5    1
       -0.5619319312560 bend   2    6    1
       -0.2943538122516 bend   3    4    1
       -0.2943538122516 bend   3    5    1
        0.5887076259932 bend   3    6    1
  11 k -0.1840035499890 bend   6    4    1      val=  -0.00000
        0.1840035499890 bend   6    5    1
        0.4834947041842 bend   2    4    1
       -0.4834947041842 bend   2    5    1
        0.4820534872992 bend   3    4    1
       -0.4820534872992 bend   3    5    1
  12 k  0.2124689972772 bend   5    4    1      val=  -0.01418
       -0.1062344990113 bend   6    4    1
       -0.1062344990113 bend   6    5    1
       -0.2791457972225 bend   2    4    1
       -0.2791457972225 bend   2    5    1
        0.5582915959043 bend   2    6    1
       -0.2783137099211 bend   3    4    1
       -0.2783137099211 bend   3    5    1
        0.5566274221634 bend   3    6    1
  13 f  1.0000000000000 stre   1    3           val=   7.75000
        12 non zero eigenvalues  of BmBt
           1           4.870637030    1    0
         1
           2           3.016984312    2    0
         2
           3           3.016984309    3    0
         3
           4           1.000000000    4    0
         4
           5           0.790247547    6    0
         6
           6           0.766306880    7    0
         7
           7           0.766306879    8    0
         8
           8           0.480257338    9    0
         9
           9           0.480257337   10    0
        10
          10           0.111832561   11    0
        11
          11           0.111832560   12    0
        12
          12        1000.000000000    0    1
         0.000000000         0.000000000         0.000000000         0.000000000
         0.000000000         0.000000000         0.000000000         0.000000000
         0.000000000         0.000000000         0.000000000         0.000000000
         1.000000000
$end
