$energy      SCF               SCFKIN            SCFPOT
     1 -600.3841596393      599.7514653768     -1200.135625016
     2 -600.4135752076      599.6285896291     -1200.042164837
     3 -600.4521961308      599.4688798559     -1199.921075987
     4 -600.4727645023      599.3762912124     -1199.849055715
     5 -600.4826916859      599.3146519231     -1199.797343609
     6 -600.4863188202      599.2744129241     -1199.760731744
     7 -600.4877686598      599.2492022645     -1199.736970924
     8 -600.4901695108      599.2422455223     -1199.732415033
     9 -600.4943119592      599.2332146493     -1199.727526608
    10 -600.5015919993      599.2087316423     -1199.710323642
    11 -600.5080230386      599.2713107912     -1199.779333830
    12 -600.5136600925      599.3477974906     -1199.861457583
    13 -600.5186775222      599.4004716225     -1199.919149145
    14 -600.5230342646      599.4354582333     -1199.958492498
    15 -600.5268142831      599.4491102029     -1199.975924486
    16 -600.5296658189      599.4547345859     -1199.984400405
    17 -600.5308929782      599.4708833199     -1200.001776298
    18 -600.5304406134      599.4902033249     -1200.020643938
    19 -600.5310879723      599.4512842962     -1199.982372269
    20 -600.5312430521      599.4611160273     -1199.992359079
    21 -600.5312783313      599.4513461269     -1199.982624458
    22 -600.5312787694      599.4545514017     -1199.985830171
    23 -600.5312789287      599.4540506944     -1199.985329623
$end
